block para line word confidence X1 Y1 X2 Y2 token
1 1 1 1 87 221 198 235 213 v
1 1 1 2 89 249 195 265 214 €
1 1 1 3 0 278 188 398 222 ext(L;y,.)
1 1 1 4 96 414 190 464 213 and
1 1 1 5 93 476 198 549 220 every
1 1 1 6 92 562 198 587 219 n,
1 1 1 7 96 600 190 671 213 there
1 1 1 8 96 683 191 703 213 is
1 1 1 9 96 716 198 731 213 a
1 1 1 10 96 742 190 810 213 word
1 1 1 11 85 822 198 838 213 x
1 1 1 12 96 851 190 912 213 such
1 1 1 13 93 924 190 981 213 that
1 1 1 14 41 997 188 1026 221 |«|
1 1 1 15 87 1042 196 1062 214 >
1 1 1 16 30 1078 188 1122 221 |u,|
1 1 1 17 96 1138 190 1188 213 and
1 1 1 18 74 1201 198 1233 213 xv
1 1 1 19 88 1247 195 1263 214 €
1 1 1 20 0 1277 189 1407 222 ext(L;,.);
1 1 1 21 93 1421 191 1488 213 since
1 1 1 22 91 1500 198 1519 213 u
1 1 2 1 95 221 231 335 253 contains
1 1 2 2 96 347 230 391 253 the
1 1 2 3 96 402 230 483 253 factor
1 1 2 4 39 494 238 535 259 wv,
1 1 2 5 96 548 230 619 253 there
1 1 2 6 96 630 231 650 253 is
1 1 2 7 96 662 238 694 253 an
1 1 2 8 96 706 238 855 253 occurrence
1 1 2 9 93 866 230 893 253 of
1 1 2 10 92 902 238 916 253 v
1 1 2 11 92 929 231 954 253 in
1 1 2 12 92 966 238 984 253 u
1 1 2 13 96 996 230 1096 253 outside
1 1 2 14 96 1107 230 1150 253 the
1 1 2 15 93 1162 230 1241 260 prefix
1 1 2 16 68 1252 238 1291 258 u,.
1 1 2 17 90 1309 230 1393 253 Hence
1 1 2 18 90 1405 238 1419 253 v
1 1 2 19 96 1431 238 1519 253 occurs
1 1 3 1 91 221 271 246 293 in
1 1 3 2 91 259 278 278 293 u
1 1 3 3 96 290 270 414 300 infinitely
1 1 3 4 96 427 278 503 300 many
1 1 3 5 96 515 271 596 293 times.
1 1 3 6 93 615 270 684 293 Thus
1 1 3 7 87 698 278 716 293 u
1 1 3 8 96 729 271 748 293 is
1 1 3 9 96 761 273 888 293 recurrent
1 1 3 10 96 902 270 952 293 and
1 1 3 11 96 964 278 1000 293 we
1 1 3 12 96 1013 270 1106 300 proved
1 1 3 13 96 1118 270 1169 293 this
1 1 3 14 96 1182 270 1346 300 implication.
1 2 1 1 96 270 310 331 333 Now
1 2 1 2 96 342 313 402 333 turn
1 2 1 3 96 413 313 440 333 to
1 2 1 4 96 451 310 495 333 the
1 2 1 5 96 506 310 638 333 backward
1 2 1 6 96 650 310 814 340 implication.
1 2 1 7 97 832 310 877 333 For
1 2 1 8 96 889 310 1014 340 arbitrary
1 2 1 9 96 1025 310 1105 333 words
1 2 1 10 91 1117 318 1164 339 u,v
1 2 1 11 90 1178 315 1194 334 €
1 2 1 12 6 1208 308 1328 341 ext(Lz.)
1 2 1 13 96 1341 310 1402 333 each
1 2 1 14 96 1413 310 1440 333 of
1 2 1 15 96 1448 310 1519 333 them
1 2 2 1 96 221 358 308 373 occurs
1 2 2 2 93 319 351 344 373 in
1 2 2 3 92 355 358 374 373 u
1 2 2 4 96 384 350 507 380 infinitely
1 2 2 5 95 518 350 595 379 often,
1 2 2 6 95 607 358 634 373 so
1 2 2 7 96 644 358 680 373 we
1 2 2 8 96 690 358 737 373 can
1 2 2 9 95 747 350 800 373 find
1 2 2 10 95 810 358 825 373 a
1 2 2 11 95 835 350 915 373 factor
1 2 2 12 96 925 350 952 373 of
1 2 2 13 96 960 350 1003 373 the
1 2 2 14 93 1014 350 1078 373 form
1 2 2 15 88 1088 358 1153 373 wwv.
1 2 2 16 95 1171 350 1232 373 This
1 2 2 17 95 1242 350 1323 373 factor
1 2 2 18 95 1333 350 1385 373 also
1 2 2 19 96 1396 358 1483 373 occurs
1 2 2 20 96 1494 351 1519 373 in
1 2 3 1 89 221 398 240 413 u
1 2 3 2 96 252 390 376 420 infinitely
1 2 3 3 96 388 390 465 419 often,
1 2 3 4 96 479 390 594 420 allowing
1 2 3 5 96 606 398 635 413 us
1 2 3 6 96 647 393 674 413 to
1 2 3 7 96 687 390 739 413 find
1 2 3 8 96 752 390 895 420 arbitrarily
1 2 3 9 96 908 390 966 420 long
1 2 3 10 96 977 390 1058 413 words
1 2 3 11 82 1070 398 1094 419 x,
1 2 3 12 88 1104 398 1118 420 y
1 2 3 13 96 1131 390 1192 413 such
1 2 3 14 93 1204 390 1261 413 that
1 2 3 15 23 1274 398 1367 420 xuwvy
1 2 3 16 96 1380 391 1399 413 is
1 2 3 17 95 1412 398 1427 413 a
1 2 3 18 95 1439 390 1519 413 factor
1 2 4 1 93 221 430 248 453 of
1 2 4 2 92 258 438 284 453 u.
1 2 4 3 93 302 430 375 453 Then
1 2 4 4 73 387 438 444 453 wwv
1 2 4 5 90 457 435 473 454 €
1 2 4 6 0 487 428 617 462 ext(L;,).
1 2 4 7 96 635 430 719 453 Hence
1 2 4 8 96 731 438 767 453 we
1 2 4 9 96 780 430 872 460 proved
1 2 4 10 93 885 430 928 453 the
1 2 4 11 91 941 430 1149 454 Restivo-Salemi
1 2 4 12 96 1162 433 1282 460 property
1 2 4 13 96 1295 430 1332 453 for
1 2 4 14 61 1345 430 1408 462 Liq.
2 1 1 1 95 1496 432 1518 433 " "
3 1 1 1 95 1516 432 1519 454 " "
4 1 1 1 95 1496 453 1518 454 " "
5 1 1 1 95 222 496 330 520 Remark
5 1 1 2 95 345 497 383 520 39.
5 1 1 3 92 400 496 422 519 It
5 1 1 4 96 434 497 454 519 is
5 1 1 5 96 466 496 547 519 worth
5 1 1 6 96 558 497 715 526 mentioning
5 1 1 7 96 726 496 784 519 that
5 1 1 8 96 796 496 833 519 for
5 1 1 9 96 845 496 918 519 small
5 1 1 10 96 930 496 1019 526 binary
5 1 1 11 95 1031 496 1166 526 languages
5 1 1 12 95 1179 496 1304 519 Theorem
5 1 1 13 96 1316 497 1346 520 37
5 1 1 14 96 1357 496 1437 519 works
5 1 1 15 96 1449 497 1475 519 in
5 1 1 16 96 1487 504 1519 519 an
5 1 2 1 96 221 536 343 559 extremal
5 1 2 2 96 357 536 428 559 form.
5 1 2 3 96 451 536 522 560 Since
5 1 2 4 90 537 534 569 559 2+
5 1 2 5 92 585 538 605 564 <
5 1 2 6 88 622 544 639 559 a
5 1 2 7 88 655 538 675 564 <
5 1 2 8 96 692 534 737 567 7/3
5 1 2 9 93 752 536 849 566 implies
5 1 2 10 39 863 534 983 567 ext(L2.)
5 1 2 11 91 999 547 1021 555 =
5 1 2 12 91 1035 534 1130 567 Fac(t),
5 1 2 13 97 1145 536 1189 559 the
5 1 2 14 93 1203 536 1326 566 language
5 1 2 15 30 1340 536 1393 568 L2,,
5 1 2 16 97 1408 536 1519 566 trivially
5 1 3 1 96 221 576 266 599 has
5 1 3 2 93 283 576 327 599 the
5 1 3 3 91 344 576 552 600 Restivo-Salemi
5 1 3 4 96 569 579 696 606 property;
5 1 3 5 96 718 584 745 599 as
5 1 3 6 96 762 584 797 599 we
5 1 3 7 96 814 576 887 599 know
5 1 3 8 96 904 576 968 599 from
5 1 3 9 96 985 576 1116 606 Corollary
5 1 3 10 96 1133 577 1155 605 3,
5 1 3 11 91 1177 576 1210 599 all
5 1 3 12 91 1229 576 1404 606 a-power-free
5 1 3 13 96 1421 576 1519 599 infinite
5 1 4 1 96 221 616 311 646 binary
5 1 4 2 96 323 616 403 639 words
5 1 4 3 96 416 617 519 639 contain
5 1 4 4 96 531 616 564 639 all
5 1 4 5 96 576 616 656 639 words
5 1 4 6 93 669 616 696 639 of
5 1 4 7 56 706 614 825 648 ext(L2,.)
5 1 4 8 96 841 624 868 639 as
5 1 4 9 96 880 616 980 639 factors.
6 1 1 1 95 1495 432 1500 599 " "
7 1 1 1 96 270 670 324 693 The
7 1 1 2 96 336 670 462 700 following
7 1 1 3 96 474 671 617 700 conjecture
7 1 1 4 96 630 671 650 693 is
7 1 1 5 96 663 670 740 693 based
7 1 1 6 96 753 678 786 693 on
7 1 1 7 96 798 671 926 694 extensive
7 1 1 8 96 938 670 1075 693 numerical
7 1 1 9 96 1088 670 1191 693 studies.
8 1 1 1 96 222 738 398 768 Conjecture
8 1 1 2 89 417 739 461 761 40.
8 1 1 3 87 499 736 544 769 [30,
8 1 1 4 96 563 738 715 768 Conjecture
8 1 1 5 75 734 736 752 769 1]
8 1 1 6 93 772 737 813 761 All
8 1 1 7 92 830 738 975 768 power-free
8 1 1 8 96 992 738 1127 768 languages
8 1 1 9 96 1144 738 1234 768 satisfy
8 1 1 10 93 1250 738 1294 761 the
8 1 1 11 90 1311 738 1519 762 Restivo-Salemi
8 1 2 1 96 221 781 345 808 property.
9 1 1 1 96 270 845 305 869 As
9 1 1 2 96 318 854 350 869 an
9 1 1 3 96 363 846 490 876 approach
9 1 1 4 96 503 849 530 869 to
9 1 1 5 96 543 846 695 876 Conjecture
9 1 1 6 96 708 847 746 875 40,
9 1 1 7 96 760 854 795 869 we
9 1 1 8 96 808 849 909 876 suggest
9 1 1 9 96 922 846 966 869 the
9 1 1 10 96 978 846 1110 876 following.
10 1 1 1 96 222 913 307 943 Open
10 1 1 2 96 322 913 464 943 Question
10 1 1 3 96 478 914 522 936 41.
10 1 1 4 96 541 913 620 936 Prove
10 1 1 5 96 634 913 674 936 the
10 1 1 6 96 689 921 805 936 converse
10 1 1 7 96 820 913 848 943 of
10 1 1 8 95 860 913 989 943 Corollary
10 1 1 9 96 1002 914 1040 937 38.
11 1 1 1 96 221 1041 470 1076 References
12 1 1 1 78 248 1126 259 1148 1]
12 1 1 2 60 288 1125 349 1149 J.-P.
12 1 1 3 92 367 1124 488 1148 Allouche
12 1 1 4 96 505 1125 555 1148 and
12 1 1 5 92 572 1125 594 1149 J.
12 1 1 6 92 613 1125 643 1149 O.
12 1 1 7 90 662 1125 758 1149 Shallit.
12 1 1 8 96 788 1125 842 1148 The
12 1 1 9 93 859 1125 1006 1155 ubiquitous
12 1 1 10 91 1023 1125 1316 1148 Prouhet-Thue-Morse
12 1 1 11 93 1332 1133 1461 1155 sequence.
12 1 1 12 93 1491 1125 1519 1148 In
12 1 2 1 89 288 1165 316 1189 C.
12 1 2 2 92 332 1165 406 1195 Ding,
12 1 2 3 92 421 1165 450 1188 T.
12 1 2 4 92 465 1165 600 1194 Helleseth,
12 1 2 5 93 616 1165 666 1188 and
12 1 2 6 92 680 1165 709 1188 H.
12 1 2 7 92 725 1165 899 1194 Niederreiter,
12 1 2 8 96 914 1165 1016 1194 editors,
12 1 2 9 93 1032 1164 1169 1195 Sequences
12 1 2 10 96 1184 1165 1234 1188 and
12 1 2 11 96 1251 1165 1326 1188 Their
12 1 2 12 96 1337 1164 1517 1195 Applications,
12 1 3 1 96 289 1205 449 1235 Proceedings
12 1 3 2 96 464 1205 492 1235 of
12 1 3 3 93 501 1204 582 1229 SETA
12 1 3 4 89 603 1205 645 1234 ’98,
12 1 3 5 96 659 1213 735 1235 pages
12 1 3 6 96 750 1206 818 1229 1-16.
12 1 3 7 96 834 1205 1059 1235 Springer-Verlag,
12 1 3 8 96 1075 1206 1143 1229 1999.
13 1 1 1 60 247 1274 260 1296 2]
13 1 1 2 93 288 1273 349 1297 J.-P.
13 1 1 3 93 364 1272 485 1296 Allouche
13 1 1 4 96 499 1273 549 1296 and
13 1 1 5 93 563 1273 584 1297 J.
13 1 1 6 92 600 1273 697 1297 Shallit.
13 1 1 7 96 718 1272 863 1296 Automatic
13 1 1 8 96 878 1273 1024 1303 Sequences:
13 1 1 9 96 1046 1273 1146 1303 Theory,
13 1 1 10 93 1163 1272 1343 1303 Applications,
13 1 1 11 92 1363 1273 1519 1297 Generaliza-
13 1 2 1 96 290 1314 363 1336 tions.
13 1 2 2 96 382 1313 534 1343 Cambridge
13 1 2 3 96 547 1313 690 1343 University
13 1 2 4 96 703 1313 783 1342 Press,
13 1 2 5 96 798 1314 868 1337 2003.
14 1 1 1 93 247 1382 260 1405 3]
14 1 1 2 87 288 1381 311 1405 S.
14 1 1 3 89 327 1381 354 1404 E.
14 1 1 4 92 369 1380 476 1404 Arshon.
14 1 1 5 96 497 1381 576 1404 Proof
14 1 1 6 96 587 1381 613 1404 of
14 1 1 7 96 624 1381 668 1404 the
14 1 1 8 96 681 1382 807 1404 existence
14 1 1 9 96 820 1381 847 1404 of
14 1 1 10 96 859 1382 1020 1411 asymmetric
14 1 1 11 95 1033 1381 1131 1404 infinite
14 1 1 12 96 1144 1389 1286 1411 sequences.
14 1 1 13 96 1308 1381 1369 1404 Mat.
14 1 1 14 96 1387 1381 1491 1405 Sbornik
14 1 1 15 96 1503 1382 1518 1404 2
14 1 2 1 95 290 1419 384 1452 (1937),
14 1 2 2 95 399 1422 517 1445 769-779.
14 1 2 3 95 535 1421 563 1444 In
14 1 2 4 95 576 1421 692 1450 Russian,
14 1 2 5 96 707 1421 768 1444 with
14 1 2 6 96 781 1421 874 1444 French
14 1 2 7 96 887 1421 1008 1444 abstract.
15 1 1 1 95 239 1123 242 1520 " "
16 1 1 1 95 264 1123 268 1520 " "
17 1 1 1 55 246 1490 260 1512 4|
17 1 1 2 88 288 1489 311 1513 S.
17 1 1 3 88 327 1489 357 1513 V.
17 1 1 4 91 373 1488 580 1519 Avgustinovich.
17 1 1 5 96 602 1489 656 1512 The
17 1 1 6 96 671 1489 776 1512 number
17 1 1 7 96 790 1489 817 1512 of
17 1 1 8 93 829 1489 944 1512 different
17 1 1 9 92 959 1489 1087 1512 subwords
17 1 1 10 96 1101 1489 1128 1512 of
17 1 1 11 96 1140 1490 1212 1519 given
17 1 1 12 96 1226 1489 1313 1519 length
17 1 1 13 96 1327 1490 1353 1512 in
17 1 1 14 93 1366 1489 1410 1512 the
17 1 1 15 90 1424 1489 1518 1512 Morse-
17 1 2 1 96 288 1529 406 1552 Hedlund
17 1 2 2 89 422 1537 551 1559 sequence.
17 1 2 3 89 579 1529 679 1553 Sibirsk.
17 1 2 4 91 699 1529 740 1552 Zh.
17 1 2 5 91 760 1529 842 1552 Issled.
17 1 2 6 96 864 1529 935 1559 Oper.
17 1 2 7 96 954 1530 967 1552 1
17 1 2 8 93 987 1528 1081 1560 (1994),
17 1 2 9 79 1099 1530 1211 1558 3-7,103.
17 1 2 10 96 1238 1529 1266 1552 In
17 1 2 11 96 1282 1529 1398 1553 Russian.
17 1 2 12 96 1416 1529 1519 1559 English
17 1 3 1 96 288 1569 440 1592 translation
17 1 3 2 96 449 1570 475 1592 in
17 1 3 3 93 484 1568 514 1592 A.
17 1 3 4 92 525 1569 555 1592 D.
17 1 3 5 91 567 1569 725 1598 Korshunov,
17 1 3 6 91 737 1569 784 1598 ed.,
17 1 3 7 96 797 1569 911 1592 Discrete
17 1 3 8 96 921 1568 1039 1599 Analysis
17 1 3 9 96 1051 1569 1100 1592 and
17 1 3 10 96 1112 1569 1260 1599 Operations
17 1 3 11 96 1271 1569 1399 1598 Research,
17 1 3 12 96 1411 1569 1517 1598 Kluwer,
17 1 4 1 96 290 1610 358 1638 1996,
17 1 4 2 96 372 1617 414 1639 pp.
17 1 4 3 96 431 1610 477 1633 1-5.
18 1 1 1 92 288 1677 311 1701 S.
18 1 1 2 92 324 1677 405 1700 Brlek.
18 1 1 3 96 421 1677 603 1700 Enumeration
18 1 1 4 96 614 1677 641 1700 of
18 1 1 5 96 649 1677 742 1700 factors
18 1 1 6 96 754 1678 779 1700 in
18 1 1 7 93 790 1677 833 1700 the
18 1 1 8 92 845 1677 1013 1700 Thue-Morse
18 1 1 9 96 1024 1677 1098 1700 word.
18 1 1 10 96 1115 1677 1183 1700 Disc.
18 1 1 11 96 1198 1676 1269 1707 Appl.
18 1 1 12 95 1284 1677 1362 1700 Math.
18 1 1 13 95 1376 1678 1410 1700 24
18 1 1 14 96 1424 1675 1517 1708 (1989),
18 1 2 1 74 288 1718 374 1741 83-96.
19 1 1 1 44 240 1675 267 1708 a
20 1 1 1 78 240 1783 267 1816 [6]
20 1 1 2 95 288 1784 317 1808 A.
20 1 1 3 96 333 1785 410 1815 Carpi
20 1 1 4 96 424 1785 475 1808 and
20 1 1 5 96 488 1784 517 1808 A.
20 1 1 6 95 533 1785 564 1808 de
20 1 1 7 96 577 1785 651 1808 Luca.
20 1 1 8 96 673 1785 771 1815 Special
20 1 1 9 96 784 1785 885 1814 factors,
20 1 1 10 96 900 1785 1054 1815 periodicity,
20 1 1 11 96 1070 1785 1120 1808 and
20 1 1 12 96 1134 1793 1166 1808 an
20 1 1 13 96 1180 1785 1335 1815 application
20 1 1 14 93 1348 1788 1375 1808 to
20 1 1 15 92 1390 1785 1519 1809 Sturmian
20 1 2 1 95 288 1825 375 1848 words.
20 1 2 2 96 394 1824 458 1848 Acta
20 1 2 3 93 471 1825 517 1855 Inf.
20 1 2 4 92 532 1823 622 1856 36(12)
20 1 2 5 96 640 1823 733 1856 (2000),
20 1 2 6 83 748 1826 883 1849 983-1006.
21 1 1 1 96 855 1921 886 1944 27
