block para line word confidence X1 Y1 X2 Y2 token
1 1 1 1 93 146 160 158 172 a
1 1 1 2 91 172 153 381 177 Yukawa-potential
1 1 1 3 96 396 155 448 178 type
1 1 1 4 95 463 154 592 177 expression.
1 1 1 5 93 621 153 666 172 The
1 1 1 6 92 682 153 825 178 Born-Mayer
1 1 2 1 96 145 185 292 204 contribution
1 1 2 2 96 304 185 320 204 is
1 1 2 3 96 332 192 345 204 a
1 1 2 4 93 355 185 431 209 simple
1 1 2 5 92 442 185 716 210 exponentially-decaying
1 1 2 6 96 727 184 825 204 function
1 1 3 1 96 145 215 168 235 of
1 1 3 2 93 178 216 215 235 the
1 1 3 3 92 227 223 334 235 core-core
1 1 3 4 96 346 217 475 240 separation,
1 1 3 5 96 489 216 608 235 motivated
1 1 3 6 96 620 216 648 241 by
1 1 3 7 96 660 216 697 235 the
1 1 3 8 93 709 216 777 235 radial
1 1 3 9 92 789 216 824 235 de-
1 1 4 1 96 145 255 184 273 cay
1 1 4 2 96 196 247 219 267 of
1 1 4 3 96 229 248 323 267 electron
1 1 4 4 96 334 247 502 267 wavefunctions
1 1 4 5 96 514 247 545 267 for
1 1 4 6 97 557 248 594 267 the
1 1 4 7 96 607 248 677 267 closed
1 1 4 8 95 690 248 759 267 shells.
1 1 4 9 96 779 248 824 267 The
1 1 5 1 96 145 279 241 299 effective
1 1 5 2 96 252 280 388 299 interatomic
1 1 5 3 96 399 280 505 304 potential
1 1 5 4 96 516 280 578 299 reads
1 1 5 5 96 589 287 612 299 as
2 1 1 1 32 373 371 413 388 exp
2 1 1 2 0 432 364 463 377 atF
2 1 1 3 25 474 359 545 377 (7220)
2 1 1 4 55 623 376 702 390 ote
2 1 2 1 31 256 382 368 403 Vir)=A
2 1 2 2 27 587 383 607 402 Be“
2 1 2 3 34 646 376 712 395 "C""-®)"
2 1 2 4 82 803 384 812 402 1
2 1 3 1 86 279 382 308 409 (r)
2 1 3 2 13 417 403 502 425 pada
2 1 3 3 32 560 386 620 404 +B
2 1 3 4 96 793 381 823 409 (1)
2 1 4 1 96 173 471 242 490 where
2 1 5 1 89 321 559 369 579 A=
2 1 5 2 0 380 554 450 586 Z,e°
2 1 5 3 90 459 553 647 585 cosh”
2 1 5 4 59 529 549 573 597 (Grr
2 1 5 5 59 585 553 647 585 Reore)
2 1 5 6 96 793 558 823 586 (2)
3 1 1 1 97 173 648 190 667 is
3 1 1 2 96 202 648 239 667 the
3 1 1 3 96 251 647 352 667 Ashcroft
3 1 1 4 96 365 647 434 667 factor
3 1 1 5 96 448 646 494 674 [20],
3 1 1 6 93 507 648 560 667 with
3 1 1 7 72 572 648 631 671 Roore
3 1 1 8 95 644 648 708 673 being
3 1 1 9 95 720 655 733 667 a
3 1 1 10 96 744 648 825 673 typical
3 1 2 1 96 145 680 206 699 value
3 1 2 2 96 216 680 247 699 for
3 1 2 3 93 256 680 293 699 the
3 1 2 4 92 303 680 459 704 atom-specific
3 1 2 5 96 468 687 516 699 core
3 1 2 6 96 525 680 598 699 radius
3 1 2 7 96 608 680 650 699 and
3 1 2 8 88 661 680 707 703 Zion
3 1 2 9 93 717 680 754 699 the
3 1 2 10 92 764 679 824 699 effec-
3 1 3 1 95 145 712 188 731 tive
3 1 3 2 96 201 713 257 731 ionic
3 1 3 3 96 270 712 346 737 charge
3 1 3 4 96 359 712 455 731 number.
3 1 3 5 96 477 712 633 736 Furthermore,
3 1 3 6 82 648 719 672 735 ao
3 1 3 7 95 687 713 704 731 is
3 1 3 8 96 716 712 753 731 the
3 1 3 9 96 767 712 825 731 Bohr
3 1 4 1 96 145 744 218 763 radius
3 1 4 2 93 232 744 275 763 and
3 1 4 3 73 289 747 304 763 @
3 1 4 4 96 318 745 335 763 is
3 1 4 5 96 360 744 386 763 the
3 1 4 6 96 401 750 489 769 average
3 1 4 7 96 503 744 558 763 ionic
3 1 4 8 96 572 751 620 763 core
3 1 4 9 96 634 744 739 763 diameter
3 1 4 10 96 753 743 776 763 of
3 1 4 11 96 788 744 824 763 the
3 1 5 1 96 146 775 205 800 alloy,
3 1 5 2 96 219 775 288 794 which
3 1 5 3 96 301 775 442 799 corresponds
3 1 5 4 96 455 777 478 794 to
3 1 5 5 96 491 775 528 794 the
3 1 5 6 96 541 781 629 800 average
3 1 5 7 96 642 776 684 794 size
3 1 5 8 96 696 774 719 794 of
3 1 5 9 93 730 775 767 794 the
3 1 5 10 91 780 776 824 794 ion-
3 1 6 1 96 145 807 191 826 ized
3 1 6 2 96 202 809 272 826 atoms
3 1 6 3 96 282 807 426 832 constituting
3 1 6 4 96 435 807 472 826 the
3 1 6 5 96 483 807 542 832 alloy.
3 1 6 6 96 557 807 603 826 The
3 1 6 7 96 613 813 701 832 average
3 1 6 8 96 712 808 767 826 ionic
3 1 6 9 96 777 813 825 826 core
3 1 7 1 96 145 839 250 858 diameter
3 1 7 2 96 265 840 282 858 is
3 1 7 3 96 296 839 400 858 obtained
3 1 7 4 96 414 839 442 864 by
3 1 7 5 96 457 840 570 864 averaging
3 1 7 6 96 585 839 622 858 the
3 1 7 7 96 636 840 754 863 respective
3 1 7 8 96 769 839 824 858 ionic
3 1 8 1 96 145 877 193 890 core
3 1 8 2 96 203 871 308 890 diameter
3 1 8 3 96 318 871 341 890 of
3 1 8 4 96 360 871 385 890 the
3 1 8 5 96 396 872 539 890 constituents
3 1 8 6 96 549 871 602 890 with
3 1 8 7 96 612 871 668 890 their
3 1 8 8 96 678 872 825 896 contributing
3 1 9 1 96 145 903 233 928 weights
3 1 9 2 96 241 904 303 928 given
3 1 9 3 96 311 903 339 928 by
3 1 9 4 96 358 903 403 922 their
3 1 9 5 96 411 903 496 922 volume
3 1 9 6 96 504 904 570 922 ratios
3 1 9 7 96 579 904 601 922 in
3 1 9 8 96 609 903 645 922 the
3 1 9 9 96 654 903 713 928 alloy.
3 1 9 10 93 728 903 774 922 The
3 1 9 11 93 782 903 824 922 val-
3 1 10 1 95 145 941 182 954 ues
3 1 10 2 96 192 934 223 954 for
3 1 10 3 96 232 935 269 954 the
3 1 10 4 96 279 936 334 954 ionic
3 1 10 5 96 343 941 391 954 core
3 1 10 6 96 400 935 516 954 diameters
3 1 10 7 96 525 935 548 954 of
3 1 10 8 96 555 935 592 954 the
3 1 10 9 96 602 937 672 954 atoms
3 1 10 10 96 682 936 825 960 constituting
3 1 11 1 96 145 966 182 985 the
3 1 11 2 96 193 966 259 991 alloys
3 1 11 3 96 270 972 305 985 are
3 1 11 4 96 316 966 381 985 taken
3 1 11 5 96 392 965 447 985 from
3 1 11 6 96 457 965 502 986 Ref.
3 1 11 7 89 523 964 563 992 [21].
3 2 1 1 96 173 998 219 1017 The
3 2 1 2 96 232 999 348 1022 quantities
3 2 1 3 96 361 997 380 1017 A
3 2 1 4 93 393 998 435 1017 and
3 2 1 5 93 448 998 468 1017 B
3 2 1 6 96 481 1000 512 1017 set
3 2 1 7 96 526 998 563 1017 the
3 2 1 8 96 575 1004 653 1023 energy
3 2 1 9 96 665 998 731 1017 scales
3 2 1 10 96 750 997 775 1017 for
3 2 1 11 96 787 998 824 1017 the
3 2 2 1 96 145 1030 250 1054 repulsive
3 2 2 2 96 261 1031 390 1049 interaction
3 2 2 3 96 401 1029 456 1049 from
3 2 2 4 96 467 1030 504 1049 the
3 2 2 5 96 515 1029 616 1049 Ashcroft
3 2 2 6 93 628 1030 671 1049 and
3 2 2 7 91 682 1030 825 1055 Born-Mayer
3 2 3 1 96 145 1064 207 1086 term,
3 2 3 2 96 221 1062 365 1087 respectively.
3 2 3 3 96 385 1062 431 1081 The
3 2 3 4 96 443 1064 565 1086 parameter
3 2 3 5 65 578 1069 618 1086 grr
3 2 3 6 95 632 1063 649 1081 is
3 2 3 7 97 661 1062 698 1081 the
3 2 3 8 96 711 1063 792 1081 inverse
3 2 3 9 95 804 1061 827 1081 of
3 2 4 1 93 145 1094 182 1113 the
3 2 4 2 91 197 1094 372 1113 Thomas-Fermi
3 2 4 3 96 387 1095 497 1119 screening
3 2 4 4 96 519 1094 585 1119 length
3 2 4 5 96 600 1095 662 1119 given
3 2 4 6 92 677 1094 705 1119 by
3 2 4 7 91 720 1094 824 1113 Thomas-
3 2 5 1 96 145 1126 213 1145 Fermi
3 2 5 2 96 236 1126 306 1151 theory,
3 2 5 3 96 320 1126 363 1145 and
3 2 5 4 96 376 1127 403 1145 its
3 2 5 5 96 415 1126 476 1145 value
3 2 5 6 96 489 1126 505 1145 is
3 2 5 7 96 533 1133 595 1145 known
3 2 5 8 96 607 1126 639 1145 for
3 2 5 9 96 651 1125 740 1145 different
3 2 5 10 96 762 1128 824 1151 types
3 2 6 1 96 145 1156 168 1176 of
3 2 6 2 96 179 1157 244 1182 alloys
3 2 6 3 95 259 1155 304 1183 [22].
3 2 6 4 95 323 1157 361 1176 We
3 2 6 5 95 373 1157 450 1176 choose
3 2 6 6 96 462 1164 475 1176 a
3 2 6 7 96 486 1158 654 1176 representative
3 2 6 8 96 666 1157 726 1176 value
3 2 6 9 96 745 1156 770 1176 for
3 2 6 10 72 783 1164 823 1181 grr
3 2 7 1 94 146 1196 168 1208 as
3 2 7 2 93 181 1189 214 1209 1.7
3 2 7 3 0 224 1183 271 1208 A~1
3 2 7 4 96 284 1189 398 1214 according
3 2 7 5 96 409 1191 432 1208 to
3 2 7 6 96 443 1189 480 1208 the
3 2 7 7 96 490 1196 562 1208 values
3 2 7 8 96 573 1189 674 1213 reported
3 2 7 9 96 685 1189 707 1208 in
3 2 7 10 96 717 1188 763 1209 Ref.
3 2 7 11 93 778 1187 823 1215 [22].
3 2 8 1 96 145 1221 192 1240 The
3 2 8 2 95 203 1222 258 1240 ionic
3 2 8 3 96 269 1227 316 1240 core
3 2 8 4 93 328 1221 432 1240 diameter
3 2 8 5 50 443 1224 458 1240 @
3 2 8 6 96 470 1222 487 1240 is
3 2 8 7 96 497 1221 601 1240 obtained
3 2 8 8 96 611 1221 640 1246 by
3 2 8 9 96 651 1228 663 1240 a
3 2 8 10 93 673 1221 778 1246 weighted
3 2 8 11 91 790 1228 824 1240 av-
3 2 9 1 96 145 1259 207 1278 erage
3 2 9 2 96 217 1252 240 1272 of
3 2 9 3 96 247 1253 284 1272 the
3 2 9 4 96 294 1260 342 1272 core
3 2 9 5 96 352 1253 467 1272 diameters
3 2 9 6 96 477 1252 500 1272 of
3 2 9 7 96 522 1260 544 1272 the
3 2 9 8 96 554 1255 625 1272 atoms
3 2 9 9 96 635 1253 778 1278 constituting
3 2 9 10 96 787 1253 824 1272 the
3 2 10 1 96 146 1285 212 1310 alloys
3 2 10 2 96 235 1285 289 1304 taken
3 2 10 3 96 300 1284 355 1304 from
3 2 10 4 95 370 1283 415 1311 [21],
3 2 10 5 96 428 1285 498 1304 where
3 2 10 6 96 510 1285 547 1304 the
3 2 10 7 96 559 1285 647 1310 weights
3 2 10 8 96 659 1285 789 1304 correspond
3 2 10 9 96 801 1287 825 1304 to
3 2 11 1 96 145 1317 182 1336 the
3 2 11 2 96 193 1318 259 1336 ratios
3 2 11 3 96 270 1316 293 1336 of
3 2 11 4 96 301 1317 338 1336 the
3 2 11 5 96 349 1317 467 1341 respective
3 2 11 6 96 478 1319 555 1336 atoms.
3 3 1 1 96 173 1348 219 1367 The
3 3 1 2 96 229 1348 388 1367 characteristic
3 3 1 3 93 398 1354 463 1373 range
3 3 1 4 92 475 1346 521 1374 1/C
3 3 1 5 96 531 1347 554 1367 of
3 3 1 6 93 561 1348 598 1367 the
3 3 1 7 92 608 1348 749 1367 valence-shell
3 3 1 8 93 767 1354 824 1367 over-
3 3 2 1 95 145 1380 180 1405 lap
3 3 2 2 95 194 1380 302 1404 repulsion
3 3 2 3 96 316 1380 333 1399 is
3 3 2 4 96 346 1382 384 1399 not
3 3 2 5 96 398 1380 476 1399 known
3 3 2 6 95 491 1387 503 1399 a
3 3 2 7 95 516 1381 589 1404 priori.
3 3 2 8 96 613 1380 720 1404 However,
3 3 2 9 93 736 1380 763 1399 its
3 3 2 10 93 777 1382 824 1405 typ-
3 3 3 1 96 145 1412 185 1431 ical
3 3 3 2 96 198 1418 270 1431 values
3 3 3 3 96 284 1419 319 1431 are
3 3 3 4 96 333 1412 373 1431 less
3 3 3 5 96 387 1413 487 1431 sensitive
3 3 3 6 96 500 1415 523 1431 to
3 3 3 7 96 537 1412 574 1431 the
3 3 3 8 96 588 1412 667 1431 atomic
3 3 3 9 96 681 1412 825 1431 composition
3 3 4 1 96 145 1444 199 1463 than
3 3 4 2 96 211 1446 248 1463 the
3 3 4 3 96 260 1446 393 1468 parameters
3 3 4 4 34 405 1447 426 1468 a,
3 3 4 5 96 440 1443 459 1463 A
3 3 4 6 93 471 1444 514 1463 and
3 3 4 7 92 527 1444 553 1463 B.
3 3 4 8 96 572 1443 676 1463 Different
3 3 4 9 96 689 1446 759 1463 atoms
3 3 4 10 96 772 1444 824 1463 have
3 3 5 1 96 145 1482 196 1501 very
3 3 5 2 96 210 1476 290 1502 similar
3 3 5 3 96 305 1476 376 1495 values
3 3 5 4 96 391 1476 494 1501 typically
3 3 5 5 95 508 1477 530 1495 in
3 3 5 6 95 544 1476 581 1495 the
3 3 5 7 93 596 1482 660 1501 range
3 3 5 8 93 676 1475 695 1496 C
3 3 5 9 94 712 1485 730 1491 =
3 3 5 10 93 762 1476 794 1496 1.89
3 3 5 11 91 807 1487 822 1489 —
3 3 6 1 92 145 1507 192 1527 4.72
3 3 6 2 48 204 1501 250 1526 A-!
3 3 6 3 70 266 1505 311 1533 [23].
3 4 1 1 96 173 1539 219 1558 The
3 4 1 2 96 240 1539 304 1558 latter
3 4 1 3 96 325 1541 404 1558 cannot
3 4 1 4 96 441 1545 452 1558 be
3 4 1 5 96 472 1540 538 1564 easily
3 4 1 6 96 558 1539 674 1558 estimated
3 4 1 7 77 694 1538 749 1558 from
3 4 1 8 77 769 1539 824 1558 first-
3 4 2 1 96 145 1571 259 1595 principles
3 4 2 2 96 271 1578 295 1590 or
3 4 2 3 96 307 1570 362 1590 from
3 4 2 4 96 374 1571 490 1590 literature.
3 4 2 5 96 511 1570 621 1596 Similarly,
3 4 2 6 93 635 1571 672 1590 the
3 4 2 7 92 684 1570 792 1595 prefactor
3 4 2 8 93 804 1571 824 1590 B
3 4 3 1 96 145 1602 168 1622 of
3 4 3 2 93 174 1603 211 1622 the
3 4 3 3 92 225 1603 363 1628 Born-Mayer
3 4 3 4 96 371 1605 433 1627 term,
3 4 3 5 96 443 1609 483 1622 can
3 4 3 6 96 491 1603 518 1622 be
3 4 3 7 96 527 1603 645 1628 rigorously
3 4 3 8 96 653 1603 766 1622 evaluated
3 4 3 9 96 774 1603 825 1628 only
3 4 4 1 96 145 1634 200 1654 from
3 4 4 2 96 214 1635 251 1654 the
3 4 4 3 96 265 1635 373 1660 exchange
3 4 4 4 96 387 1635 488 1660 integrals
3 4 4 5 96 502 1642 515 1654 of
3 4 4 6 96 537 1635 574 1654 the
3 4 4 7 95 588 1636 672 1654 various
3 4 4 8 96 687 1635 825 1660 overlapping
3 4 5 1 96 145 1667 250 1686 electrons
3 4 5 2 96 260 1667 375 1692 belonging
3 4 5 3 96 384 1669 407 1686 to
3 4 5 4 96 436 1674 454 1686 the
3 4 5 5 96 464 1667 549 1686 valence
3 4 5 6 96 559 1667 622 1686 shells
3 4 5 7 97 632 1666 655 1686 of
3 4 5 8 96 663 1667 699 1686 the
3 4 5 9 93 709 1669 751 1686 two
3 4 5 10 92 761 1668 824 1686 inter-
3 4 6 1 96 146 1699 218 1723 acting
3 4 6 2 96 228 1699 280 1717 ions.
3 4 6 3 96 296 1698 349 1717 This
3 4 6 4 96 359 1698 495 1722 calculation,
3 4 6 5 96 507 1705 559 1717 even
3 4 6 6 96 570 1698 592 1717 in
3 4 6 7 96 603 1699 751 1722 approximate
3 4 6 8 96 762 1697 823 1722 form,
3 4 7 1 96 145 1731 162 1749 is
3 4 7 2 96 178 1733 216 1749 not
3 4 7 3 96 232 1729 319 1749 feasible
3 4 7 4 96 335 1732 410 1754 except
3 4 7 5 96 433 1730 458 1749 for
3 4 7 6 93 474 1730 549 1749 simple
3 4 7 7 91 565 1731 711 1749 monoatomic
3 4 7 8 95 727 1730 823 1755 crystals.
3 4 8 1 96 145 1762 223 1786 Hence,
3 4 8 2 96 236 1762 291 1781 both
3 4 8 3 96 302 1761 321 1781 A
3 4 8 4 93 332 1762 375 1781 and
3 4 8 5 92 387 1762 406 1781 B
3 4 8 6 96 418 1769 471 1781 were
3 4 8 7 96 483 1762 547 1781 taken
3 4 8 8 96 559 1763 580 1781 in
3 4 8 9 96 591 1769 630 1781 our
3 4 8 10 93 641 1763 740 1786 previous
3 4 8 11 92 752 1762 824 1787 analy-
3 4 9 1 97 158 1795 160 1797 is
3 4 9 2 97 183 1801 206 1813 as
3 4 9 3 96 216 1794 338 1819 adjustable
3 4 9 4 96 348 1796 480 1818 parameters
3 4 9 5 96 490 1794 512 1813 in
3 4 9 6 96 521 1794 558 1813 the
3 4 9 7 96 568 1795 671 1819 mapping
3 4 9 8 95 680 1794 777 1813 between
3 4 9 9 96 786 1801 824 1813 our
3 4 10 1 96 145 1826 261 1845 schematic
3 4 10 2 96 273 1826 408 1851 logarithmic
3 4 10 3 97 435 1826 525 1845 potential
3 4 10 4 96 538 1824 570 1852 (to
3 4 10 5 96 580 1826 607 1845 be
3 4 10 6 96 618 1826 746 1845 introduced
3 4 10 7 96 757 1826 825 1845 below
3 4 11 1 90 145 1859 167 1877 in
3 4 11 2 81 177 1856 263 1884 Sec.III)
3 4 11 3 96 276 1858 318 1877 and
3 4 11 4 93 328 1858 365 1877 the
3 4 11 5 92 376 1857 631 1883 Ashcroft-Born-Mayer
3 4 11 6 93 641 1859 776 1877 interatomic
3 4 11 7 93 787 1865 824 1882 po-
3 4 12 1 96 145 1889 228 1908 tential.
3 4 12 2 96 245 1889 282 1909 We
3 4 12 3 95 294 1889 348 1908 shall
3 4 12 4 96 359 1896 443 1908 remark
3 4 12 5 95 454 1889 503 1908 that
3 4 12 6 93 526 1889 552 1908 the
3 4 12 7 92 563 1889 706 1914 Born-Mayer
3 4 12 8 93 717 1888 825 1913 prefactor
3 4 13 1 93 146 1921 165 1940 B
3 4 13 2 96 176 1921 279 1946 typically
3 4 13 3 96 289 1921 328 1940 has
3 4 13 4 96 338 1921 464 1940 non-trivial
3 4 13 5 96 474 1921 531 1946 large
3 4 13 6 96 541 1921 658 1940 variations
3 4 13 7 96 668 1920 723 1940 from
3 4 13 8 95 733 1921 824 1940 element
3 4 14 1 95 145 1956 168 1972 to
3 4 14 2 95 181 1953 271 1972 element
3 4 14 3 96 285 1959 356 1972 across
3 4 14 4 96 368 1953 405 1972 the
3 4 14 5 95 434 1953 513 1972 periodic
3 4 14 6 96 525 1953 590 1977 table,
3 4 14 7 96 605 1960 628 1972 as
3 4 14 8 96 640 1953 714 1972 shown
3 4 14 9 96 726 1954 748 1972 in
3 4 14 10 96 760 1960 825 1978 many
3 4 15 1 96 146 1985 173 2004 ab
3 4 15 2 96 183 1986 244 2004 initio
3 4 15 3 96 254 1985 378 2004 simulation
3 4 15 4 95 387 1985 469 2004 studies
3 4 15 5 36 481 1983 519 2011 (23,
3 4 15 6 96 530 1983 569 2011 24].
3 4 15 7 96 585 1984 709 2005 Consistent
3 4 15 8 96 719 1985 772 2004 with
3 4 15 9 96 781 1985 824 2004 this
4 1 1 1 95 348 746 356 1049 " "
5 1 1 1 95 743 871 754 1176 " "
6 1 1 1 95 510 964 519 1272 " "
7 1 1 1 95 517 964 523 1272 " "
8 1 1 1 95 729 1094 735 1436 " "
9 1 1 1 95 227 1128 234 1431 " "
10 1 1 1 95 752 1190 756 1495 " "
11 1 1 1 95 222 1128 232 1622 " "
12 1 1 1 95 145 1801 183 1813 " "
13 1 1 1 95 518 1539 521 1908 " "
14 1 1 1 95 422 1669 426 1977 " "
15 1 1 1 95 428 1539 436 2004 " "
16 1 1 1 96 880 160 953 172 known
16 1 1 2 96 963 152 1013 177 fact,
16 1 1 3 96 1025 154 1042 172 it
16 1 1 4 96 1053 155 1114 172 turns
16 1 1 5 95 1125 156 1163 172 out
16 1 1 6 93 1174 153 1222 172 that
16 1 1 7 92 1234 153 1254 172 B
16 1 1 8 96 1265 153 1282 172 is
16 1 1 9 96 1292 153 1330 172 the
16 1 1 10 96 1340 155 1396 172 most
16 1 1 11 93 1408 153 1508 172 sensitive
16 1 1 12 91 1518 160 1554 177 pa-
16 1 2 1 96 876 187 968 204 rameter
16 1 2 2 96 977 185 999 204 in
16 1 2 3 96 1007 192 1046 204 our
16 1 2 4 96 1055 185 1155 210 analysis,
16 1 2 5 96 1165 186 1187 204 in
16 1 2 6 97 1195 185 1232 204 the
16 1 2 7 96 1241 192 1302 204 sense
16 1 2 8 96 1310 185 1359 204 that
16 1 2 9 96 1368 185 1430 204 small
16 1 2 10 96 1438 186 1555 204 variations
16 1 3 1 92 876 216 898 235 in
16 1 3 2 92 908 216 928 235 B
16 1 3 3 95 939 223 979 235 can
16 1 3 4 96 989 216 1037 235 lead
16 1 3 5 96 1048 218 1071 235 to
16 1 3 6 96 1081 216 1138 241 large
16 1 3 7 96 1149 216 1269 235 deviations
16 1 3 8 96 1280 216 1302 235 in
16 1 3 9 96 1312 216 1349 235 the
16 1 3 10 95 1359 216 1432 241 fitting
16 1 3 11 97 1442 216 1465 235 of
16 1 3 12 93 1473 216 1510 235 the
16 1 3 13 93 1520 223 1554 235 ex-
16 1 4 1 92 892 248 1004 267 erimental
16 1 4 2 96 1014 248 1072 267 data.
16 1 4 3 96 1088 247 1221 273 Conversely,
16 1 4 4 96 1232 248 1269 267 the
16 1 4 5 93 1280 247 1380 267 Ashcroft
16 1 4 6 92 1392 247 1499 272 prefactor
16 1 4 7 96 1509 247 1528 267 A
16 1 4 8 96 1538 248 1555 267 is
16 1 5 1 96 876 282 913 299 not
16 1 5 2 96 926 287 939 299 a
16 1 5 3 96 950 280 1050 299 sensitive
16 1 5 4 96 1061 282 1190 304 parameter,
16 1 5 5 96 1203 280 1246 299 and
16 1 5 6 96 1257 280 1285 299 its
16 1 5 7 96 1296 280 1368 299 values
16 1 5 8 96 1380 287 1415 299 are
16 1 5 9 96 1427 282 1464 299 not
16 1 5 10 96 1477 280 1555 299 crucial
16 1 6 1 72 884 319 908 331 ‘or
16 1 6 2 96 918 312 955 331 the
16 1 6 3 96 966 312 1039 331 match
16 1 6 4 96 1049 312 1102 331 with
16 1 6 5 96 1113 312 1263 336 experiments.
16 2 1 1 96 904 344 928 363 In
16 2 1 2 96 943 343 988 364 Ref.
16 2 1 3 94 1007 342 1039 370 [8],
16 2 1 4 96 1057 344 1073 363 it
16 2 1 5 96 1088 351 1131 363 was
16 2 1 6 96 1147 343 1213 363 found
16 2 1 7 96 1228 344 1284 368 that,
16 2 1 8 96 1302 345 1324 363 in
16 2 1 9 96 1338 344 1400 363 order
16 2 1 10 96 1415 346 1438 363 to
16 2 1 11 96 1453 344 1477 363 fit
16 2 1 12 96 1494 344 1555 363 shear
16 2 2 1 95 876 376 976 395 modulus
16 2 2 2 95 991 376 1034 395 and
16 2 2 3 96 1047 376 1149 401 viscosity
16 2 2 4 96 1162 376 1215 395 data
16 2 2 5 96 1228 375 1251 395 of
16 2 2 6 96 1262 376 1347 395 various
16 2 2 7 96 1361 376 1433 401 alloys,
16 2 2 8 96 1449 376 1520 395 values
16 2 2 9 96 1534 375 1557 395 of
16 2 3 1 92 887 407 913 426 he
16 2 3 2 92 923 407 1066 432 Born-Mayer
16 2 3 3 96 1076 407 1184 431 repulsion
16 2 3 4 93 1194 407 1293 432 strength
16 2 3 5 93 1303 407 1322 426 B
16 2 3 6 95 1334 414 1369 426 are
16 2 3 7 96 1379 407 1477 431 required
16 2 3 8 96 1486 407 1555 426 which
16 2 4 1 96 876 446 911 458 are
16 2 4 2 96 924 439 1020 458 between
16 2 4 3 96 1032 441 1074 458 two
16 2 4 4 96 1086 439 1129 458 and
16 2 4 5 96 1141 439 1201 458 three
16 2 4 6 96 1214 439 1286 458 orders
16 2 4 7 96 1299 438 1322 458 of
16 2 4 8 96 1332 439 1458 464 magnitude
16 2 4 9 96 1470 439 1555 458 smaller
16 2 5 1 96 887 471 930 490 han
16 2 5 2 93 938 471 975 490 the
16 2 5 3 92 984 471 1127 496 Born-Mayer
16 2 5 4 96 1136 473 1268 495 parameters
16 2 5 5 96 1277 471 1391 490 tabulated
16 2 5 6 96 1400 470 1431 490 for
16 2 5 7 93 1440 477 1493 495 pure
16 2 5 8 92 1501 473 1554 490 met-
16 2 6 1 96 876 503 913 522 als.
16 2 6 2 96 933 503 985 522 This
16 2 6 3 96 997 504 1117 527 important
16 2 6 4 96 1130 502 1243 522 difference
16 2 6 5 96 1255 503 1293 522 has
16 2 6 6 96 1306 505 1328 522 at
16 2 6 7 96 1341 503 1394 522 least
16 2 6 8 96 1407 505 1449 522 two
16 2 6 9 96 1461 510 1554 522 reasons.
16 2 7 1 96 876 534 924 555 One
16 2 7 2 96 940 542 1016 554 reason
16 2 7 3 96 1033 536 1050 554 is
16 2 7 4 96 1067 535 1116 554 that
16 2 7 5 93 1133 535 1170 554 the
16 2 7 6 92 1187 535 1330 560 Born-Mayer
16 2 7 7 95 1347 535 1438 554 formula
16 2 7 8 95 1454 535 1507 554 used
16 2 7 9 95 1524 534 1555 554 for
16 2 8 1 93 891 573 928 586 ure
16 2 8 2 96 939 569 1065 586 substances
16 2 8 3 96 1076 568 1098 586 in
16 2 8 4 96 1108 567 1145 586 the
16 2 8 5 96 1155 567 1266 586 literature
16 2 8 6 96 1277 568 1293 586 is
16 2 8 7 92 1304 568 1391 586 written
16 2 8 8 91 1402 576 1420 582 ~
16 2 8 9 78 1430 574 1471 591 exp
16 2 8 10 78 1479 565 1554 593 [—Cr],
16 2 9 1 96 876 598 961 617 instead
16 2 9 2 93 974 597 997 617 of
16 2 9 3 92 1009 607 1027 613 ~
16 2 9 4 74 1041 597 1161 623 exp[—C(r
16 2 9 5 39 1171 596 1237 624 —@)],
16 2 9 6 96 1252 598 1321 617 which
16 2 9 7 96 1334 605 1364 617 we
16 2 9 8 96 1378 604 1415 617 use
16 2 9 9 88 1428 598 1483 617 here.
16 2 9 10 88 1506 598 1554 617 Evi-
16 2 10 1 93 876 630 954 655 dently,
16 2 10 2 82 969 628 1067 656 exp[Ca]
16 2 10 3 91 1085 634 1101 650 >
16 2 10 4 95 1119 631 1128 649 1
16 2 10 5 96 1144 630 1215 655 partly
16 2 10 6 96 1229 630 1362 649 contributes
16 2 10 7 96 1376 632 1399 649 to
16 2 10 8 96 1413 630 1498 655 explain
16 2 10 9 96 1512 630 1555 649 this
16 2 11 1 96 876 662 1019 687 discrepancy.
16 2 11 2 96 1040 662 1147 686 However,
16 2 11 3 96 1162 662 1199 681 the
16 2 11 4 96 1212 661 1255 681 fact
16 2 11 5 93 1268 662 1316 681 that
16 2 11 6 92 1330 662 1350 681 B
16 2 11 7 96 1363 661 1427 681 fitted
16 2 11 8 93 1439 662 1471 681 for
16 2 11 9 92 1483 662 1554 681 multi-
16 2 12 1 96 876 696 1006 718 component
16 2 12 2 96 1017 694 1083 719 alloys
16 2 12 3 96 1093 695 1110 713 is
16 2 12 4 96 1121 694 1184 713 much
16 2 12 5 96 1194 694 1279 713 smaller
16 2 12 6 93 1289 694 1343 713 than
16 2 12 7 93 1353 694 1373 713 B
16 2 12 8 96 1384 693 1451 713 found
16 2 12 9 96 1461 693 1493 713 for
16 2 12 10 96 1503 701 1555 719 pure
16 2 13 1 96 876 726 1002 745 substances
16 2 13 2 95 1019 727 1036 745 is
16 2 13 3 95 1054 726 1098 745 also
16 2 13 4 96 1115 726 1156 745 due
16 2 13 5 96 1173 728 1197 745 to
16 2 13 6 96 1213 726 1251 745 the
16 2 13 7 93 1267 726 1369 745 so-called
16 2 13 8 92 1386 726 1555 751 micro-alloying
16 2 14 1 96 876 757 945 782 effect,
16 2 14 2 96 964 758 1063 783 whereby
16 2 14 3 96 1080 760 1117 777 the
16 2 14 4 96 1135 758 1233 777 addition
16 2 14 5 96 1250 757 1273 777 of
16 2 14 6 96 1287 765 1340 777 even
16 2 14 7 96 1357 765 1370 777 a
16 2 14 8 96 1387 758 1448 777 small
16 2 14 9 95 1466 760 1555 777 amount
16 2 15 1 96 876 796 888 808 of
16 2 15 2 96 911 788 1009 808 different
16 2 15 3 96 1024 789 1126 808 elements
16 2 15 4 96 1140 789 1193 808 with
16 2 15 5 96 1207 788 1305 808 different
16 2 15 6 96 1320 789 1375 808 ionic
16 2 15 7 96 1390 790 1431 808 size
16 2 15 8 92 1446 789 1489 808 and
16 2 15 9 90 1503 789 1554 808 elec-
16 2 16 1 96 876 821 945 840 tronic
16 2 16 2 96 959 823 1066 840 structure
16 2 16 3 96 1080 821 1167 840 induces
16 2 16 4 96 1181 828 1193 840 a
16 2 16 5 96 1206 821 1303 846 strongly
16 2 16 6 96 1316 821 1426 840 nonlinear
16 2 16 7 96 1440 821 1520 846 change
16 2 16 8 96 1534 822 1555 840 in
16 2 17 1 93 876 855 913 872 the
16 2 17 2 91 926 853 1046 872 inter-ionic
16 2 17 3 95 1059 853 1172 877 potential.
16 2 17 4 96 1193 853 1264 872 When
16 2 17 5 96 1277 853 1337 872 there
16 2 17 6 96 1350 853 1367 872 is
16 2 17 7 96 1380 860 1408 872 an
16 2 17 8 96 1421 853 1500 872 atomic
16 2 17 9 96 1513 854 1555 872 size
16 2 18 1 96 876 885 997 909 mismatch,
16 2 18 2 96 1011 885 1054 904 this
16 2 18 3 96 1066 884 1179 904 difference
16 2 18 4 96 1191 885 1313 910 intuitively
16 2 18 5 96 1325 887 1434 909 promotes
16 2 18 6 92 1447 884 1512 904 softer
16 2 18 7 92 1524 892 1554 904 re-
16 2 19 1 92 876 917 961 942 pulsion
16 2 19 2 96 970 917 1011 936 due
16 2 19 3 97 1020 919 1044 936 to
16 2 19 4 97 1053 917 1090 936 the
16 2 19 5 96 1099 916 1142 936 fact
16 2 19 6 93 1152 917 1200 936 that
16 2 19 7 92 1210 917 1361 942 short-ranged
16 2 19 8 96 1370 917 1461 942 packing
16 2 19 9 96 1470 918 1487 936 is
16 2 19 10 96 1497 924 1555 936 more
16 2 20 1 96 876 947 974 967 efficient.
16 2 20 2 96 993 947 1023 968 Of
16 2 20 3 96 1033 955 1107 967 course
16 2 20 4 96 1119 948 1179 967 there
16 2 20 5 96 1191 948 1254 967 could
16 2 20 6 96 1266 948 1293 967 be
16 2 20 7 96 1305 948 1367 967 other
16 2 20 8 93 1379 949 1498 972 important
16 2 20 9 93 1510 955 1554 967 rea-
16 2 21 1 78 887 986 925 999 ons
16 2 21 2 96 934 980 1015 999 related
16 2 21 3 96 1023 982 1047 999 to
16 2 21 4 96 1055 980 1092 999 the
16 2 21 5 96 1100 980 1181 1005 change
16 2 21 6 96 1189 981 1211 999 in
16 2 21 7 96 1219 980 1332 999 electronic
16 2 21 8 96 1341 982 1455 1004 structure,
16 2 21 9 96 1465 986 1504 1005 e.g.
16 2 21 10 96 1518 980 1555 999 the
16 2 22 1 95 876 1018 956 1037 change
16 2 22 2 97 966 1013 988 1031 in
16 2 22 3 96 997 1013 1121 1037 anisotropy
16 2 22 4 97 1130 1011 1153 1031 of
16 2 22 5 96 1160 1012 1231 1031 closed
16 2 22 6 96 1240 1012 1354 1031 electronic
16 2 22 7 96 1363 1012 1422 1036 shell,
16 2 22 8 96 1433 1012 1502 1031 which
16 2 22 9 96 1511 1012 1555 1031 also
16 2 23 1 94 876 1044 937 1063 make
16 2 23 2 96 950 1044 987 1063 the
16 2 23 3 96 1000 1043 1096 1063 effective
16 2 23 4 96 1109 1044 1244 1069 short-range
16 2 23 5 96 1257 1044 1365 1068 repulsion
16 2 23 6 96 1378 1044 1400 1063 in
16 2 23 7 96 1413 1044 1478 1069 alloys
16 2 23 8 96 1491 1044 1555 1069 being
16 2 24 1 90 892 1075 995 1101 ffectively
16 2 24 2 96 1004 1076 1079 1095 milder
16 2 24 3 96 1088 1076 1143 1095 than
16 2 24 4 96 1152 1076 1174 1095 in
16 2 24 5 96 1183 1083 1235 1101 pure
16 2 24 6 96 1245 1076 1328 1095 metals.
16 2 24 7 96 1343 1076 1430 1101 Finally,
16 2 24 8 93 1441 1076 1478 1095 the
16 2 24 9 93 1488 1076 1554 1095 Born-
16 2 25 1 96 876 1108 950 1133 Mayer
16 2 25 2 96 964 1110 1097 1132 parameters
16 2 25 3 96 1111 1109 1133 1127 in
16 2 25 4 96 1147 1107 1193 1128 Ref.
16 2 25 5 96 1211 1106 1248 1134 [25]
16 2 25 6 96 1265 1107 1318 1127 refer
16 2 25 7 96 1332 1111 1355 1127 to
16 2 25 8 96 1370 1109 1427 1132 pairs
16 2 25 9 96 1441 1107 1464 1127 of
16 2 25 10 96 1477 1110 1554 1132 atoms,
16 2 26 1 96 876 1139 898 1158 in
16 2 26 2 96 911 1139 980 1158 which
16 2 26 3 96 993 1139 1030 1158 the
16 2 26 4 96 1044 1141 1106 1158 outer
16 2 26 5 96 1120 1139 1234 1158 electronic
16 2 26 6 96 1248 1141 1355 1158 structure
16 2 26 7 96 1370 1140 1387 1158 is
16 2 26 8 96 1401 1139 1478 1164 clearly
16 2 26 9 96 1492 1139 1555 1158 much
16 2 27 1 96 876 1170 973 1190 different
16 2 27 2 96 987 1171 1042 1190 from
16 2 27 3 96 1054 1171 1137 1195 metals,
16 2 27 4 96 1150 1171 1220 1190 where
16 2 27 5 96 1232 1171 1269 1190 the
16 2 27 6 96 1282 1173 1352 1190 atoms
16 2 27 7 96 1365 1177 1400 1190 are
16 2 27 8 96 1412 1171 1555 1196 significantly
17 1 1 1 95 876 1203 965 1222 ionized.
17 1 2 1 83 876 1234 916 1251 Ill.
17 1 2 2 96 949 1234 1010 1251 THE
17 1 2 3 96 1022 1234 1143 1251 GLOBAL
17 1 2 4 96 1154 1233 1371 1251 INTERATOMIC
17 1 2 5 95 1382 1234 1555 1251 REPULSION
17 1 3 1 37 1107 1262 1300 1280 PARAMETER
18 1 1 1 95 878 153 881 591 " "
19 1 1 1 95 965 567 979 586 " "
20 1 1 1 95 1092 596 1095 904 " "
21 1 1 1 28 876 987 885 999 ie
22 1 1 1 95 892 759 894 1095 " "
23 1 1 1 43 876 1083 887 1095 io)
24 1 1 1 95 1092 885 1101 1190 " "
25 1 1 1 96 903 1332 928 1351 In
25 1 1 2 96 950 1332 976 1351 the
25 1 1 3 96 989 1332 1082 1357 analysis
25 1 1 4 96 1093 1331 1117 1351 of
25 1 1 5 96 1126 1331 1172 1352 Ref.
25 1 1 6 96 1194 1330 1220 1358 [8],
25 1 1 7 96 1233 1333 1249 1351 it
25 1 1 8 96 1262 1338 1305 1351 was
25 1 1 9 96 1317 1331 1383 1351 found
25 1 1 10 96 1395 1332 1444 1351 that
25 1 1 11 94 1457 1331 1555 1351 different
25 1 2 1 96 876 1364 999 1383 disordered
25 1 2 2 96 1012 1364 1077 1389 alloys
25 1 2 3 96 1089 1370 1130 1383 can
25 1 2 4 96 1141 1364 1168 1383 be
25 1 2 5 96 1180 1364 1292 1383 described
25 1 2 6 96 1304 1364 1332 1389 by
25 1 2 7 96 1344 1371 1371 1383 an
25 1 2 8 93 1383 1365 1479 1383 effective
25 1 2 9 92 1491 1365 1554 1383 inter-
25 1 3 1 96 876 1397 956 1415 atomic
25 1 3 2 96 967 1396 1073 1421 potential
25 1 3 3 96 1084 1397 1145 1421 given
25 1 3 4 92 1156 1396 1184 1421 by
25 1 3 5 91 1195 1394 1268 1422 Eq.(1)
25 1 3 6 96 1280 1396 1333 1415 with
25 1 3 7 94 1344 1395 1363 1415 A
25 1 3 8 94 1373 1405 1391 1411 =
25 1 3 9 90 1402 1396 1435 1416 0.3
25 1 3 10 86 1445 1407 1461 1409 —
25 1 3 11 96 1471 1397 1504 1416 0.5
25 1 3 12 96 1515 1396 1554 1420 eV,
25 1 4 1 92 876 1428 919 1447 and
25 1 4 2 92 942 1428 952 1447 B
25 1 4 3 92 966 1437 984 1443 =
25 1 4 4 84 999 1428 1074 1448 5—60
25 1 4 5 95 1087 1428 1126 1448 eV.
25 1 4 6 96 1148 1428 1193 1447 The
25 1 4 7 96 1206 1428 1267 1447 value
25 1 4 8 93 1280 1427 1303 1447 of
25 1 4 9 59 1314 1431 1328 1447 @
25 1 4 10 96 1342 1429 1359 1447 is
25 1 4 11 93 1372 1428 1473 1453 uniquely
25 1 4 12 92 1486 1428 1554 1447 deter-
25 1 5 1 95 876 1460 944 1479 mined
25 1 5 2 96 957 1460 985 1485 by
25 1 5 3 96 994 1460 1031 1479 the
25 1 5 4 96 1040 1460 1153 1479 elemental
25 1 5 5 96 1162 1460 1306 1485 composition
25 1 5 6 96 1315 1459 1338 1479 of
25 1 5 7 96 1345 1460 1382 1479 the
25 1 5 8 96 1391 1460 1450 1485 alloy,
25 1 5 9 96 1461 1460 1555 1479 whereas
25 1 6 1 65 876 1498 920 1515 arr
25 1 6 2 95 938 1500 956 1506 =
25 1 6 3 93 975 1492 1008 1511 1.7
25 1 6 4 0 1022 1486 1069 1510 A7!
25 1 6 5 96 1086 1498 1127 1510 can
25 1 6 6 96 1141 1491 1168 1510 be
25 1 6 7 96 1197 1493 1233 1515 kept
25 1 6 8 96 1249 1493 1356 1515 constant,
25 1 6 9 92 1373 1491 1519 1515 independent
25 1 6 10 94 1534 1490 1557 1510 of
25 1 7 1 96 876 1523 1026 1547 composition.
25 1 7 2 96 1041 1523 1197 1547 Furthermore,
25 1 7 3 96 1208 1529 1236 1542 an
25 1 7 4 96 1245 1530 1298 1542 even
25 1 7 5 93 1307 1523 1393 1547 simpler
25 1 7 6 91 1419 1524 1554 1542 parametriza-
25 1 8 1 96 876 1555 922 1574 tion
25 1 8 2 96 934 1554 957 1574 of
25 1 8 3 96 968 1555 1005 1574 the
25 1 8 4 96 1017 1555 1153 1574 interatomic
25 1 8 5 96 1166 1555 1272 1580 potential
25 1 8 6 96 1284 1562 1327 1574 was
25 1 8 7 96 1339 1555 1442 1574 obtained
25 1 8 8 93 1455 1555 1483 1580 by
25 1 8 9 92 1495 1562 1554 1580 map-
25 1 9 1 93 876 1588 927 1612 ping
25 1 9 2 90 938 1585 1011 1613 Eq.(1)
25 1 9 3 96 1025 1589 1076 1606 onto
25 1 9 4 96 1088 1593 1101 1606 a
25 1 9 5 96 1112 1587 1247 1612 logarithmic
25 1 9 6 96 1259 1588 1382 1612 expression
25 1 9 7 96 1393 1587 1446 1606 with
25 1 9 8 96 1451 1581 1463 1617 a
25 1 9 9 95 1481 1587 1554 1612 single,
25 1 10 1 96 876 1619 939 1644 global
25 1 10 2 95 960 1621 1082 1643 parameter
25 1 10 3 95 1096 1619 1116 1643 A,
25 1 10 4 96 1131 1619 1200 1638 which
25 1 10 5 96 1213 1620 1311 1638 contains
25 1 10 6 96 1325 1619 1352 1638 all
25 1 10 7 96 1365 1619 1402 1638 the
25 1 10 8 96 1416 1618 1555 1638 information
25 1 11 1 96 876 1651 944 1670 about
25 1 11 2 96 957 1651 994 1670 the
25 1 11 3 96 1007 1653 1116 1675 steepness
25 1 11 4 96 1131 1650 1163 1677 (or
25 1 11 5 96 1176 1652 1204 1670 its
25 1 11 6 96 1217 1652 1304 1675 inverse,
25 1 11 7 97 1319 1651 1356 1670 the
25 1 11 8 96 1369 1650 1470 1676 softness)
25 1 11 9 96 1484 1651 1508 1670 of
25 1 11 10 96 1518 1651 1555 1670 the
25 1 12 1 91 876 1682 958 1701 ion-ion
25 1 12 2 95 968 1682 1082 1706 repulsion.
25 1 12 3 95 1098 1682 1150 1701 This
25 1 12 4 96 1161 1682 1247 1706 simpler
25 1 12 5 96 1258 1683 1381 1706 expression
25 1 12 6 96 1391 1682 1453 1701 reads
25 1 12 7 94 1464 1689 1487 1701 as
26 1 1 1 95 943 1334 949 1638 " "
27 1 1 1 95 1186 1330 1195 1670 " "
28 1 1 1 95 1406 1364 1410 1670 " "
29 1 1 1 95 1079 1768 1132 1796 V(r)
29 1 1 2 87 1144 1779 1162 1785 =
29 1 1 3 71 1174 1769 1259 1795 —Aln(r
29 1 1 4 73 1269 1781 1286 1783 —
29 1 1 5 12 1296 1768 1351 1796 2a0).
29 1 1 6 96 1523 1768 1553 1796 (3)
30 1 1 1 96 904 1858 950 1877 The
30 1 1 2 96 962 1859 1066 1883 mapping
30 1 1 3 93 1078 1858 1174 1877 between
30 1 1 4 88 1187 1857 1260 1884 Eq.(1)
30 1 1 5 93 1275 1858 1318 1877 and
30 1 1 6 86 1330 1856 1403 1884 Eq.(3)
30 1 1 7 96 1418 1858 1435 1877 is
30 1 1 8 96 1448 1858 1521 1877 shown
30 1 1 9 96 1534 1859 1555 1877 in
30 1 2 1 90 876 1889 942 1914 Fig.1,
30 1 2 2 96 957 1888 989 1908 for
30 1 2 3 96 1002 1889 1169 1913 representative
30 1 2 4 96 1182 1891 1314 1913 parameters
30 1 2 5 96 1328 1888 1351 1908 of
30 1 2 6 96 1362 1889 1455 1908 metallic
30 1 2 7 96 1469 1889 1554 1914 glasses.
30 1 3 1 96 876 1921 900 1940 In
30 1 3 2 95 913 1921 940 1940 all
30 1 3 3 96 952 1921 1060 1940 instances
30 1 3 4 96 1073 1921 1186 1940 examined
30 1 3 5 96 1199 1921 1249 1940 thus
30 1 3 6 91 1262 1920 1299 1945 far,
30 1 3 7 91 1314 1920 1387 1947 Eq.(1)
30 1 3 8 96 1401 1922 1418 1940 is
30 1 3 9 92 1431 1928 1481 1946 very
30 1 3 10 92 1494 1928 1554 1940 accu-
30 1 4 1 96 876 1953 945 1978 rately
30 1 4 2 96 955 1953 1092 1977 represented
30 1 4 3 93 1102 1953 1130 1978 by
30 1 4 4 82 1141 1951 1222 1979 Eq.(3).
30 2 1 1 96 904 1985 950 2004 The
30 2 1 2 96 960 1986 1018 2004 main
30 2 1 3 96 1028 1985 1148 2010 advantage
30 2 1 4 96 1158 1984 1181 2004 of
30 2 1 5 96 1189 1986 1335 2010 representing
30 2 1 6 97 1344 1985 1381 2004 the
30 2 1 7 96 1391 1985 1496 2009 repulsive
30 2 1 8 97 1506 1987 1555 2009 part
