block para line word confidence X1 Y1 X2 Y2 token
1 1 1 1 38 707 417 778 444 u(a~)
1 1 1 2 84 790 427 808 433 =
1 1 1 3 32 818 414 897 443 u(a*),
1 1 1 4 96 1247 416 1299 444 (2.9)
2 1 1 1 0 687 476 778 503 (x2)
2 1 1 2 84 790 486 889 492 =kp(w)
2 1 1 3 14 914 475 994 503 (a).
2 1 1 4 95 1233 475 1299 503 (2.10)
3 1 1 1 96 389 572 435 591 The
3 1 1 2 96 445 572 545 591 notation
3 1 1 3 65 555 567 588 591 2+
3 1 1 4 96 601 579 675 591 means
3 1 1 5 93 685 572 722 591 the
3 1 1 6 89 732 573 869 597 inner/outer
3 1 1 7 95 879 572 934 591 limit
3 1 1 8 95 945 574 967 591 at
3 1 1 9 95 978 572 1015 591 the
3 1 1 10 96 1025 572 1139 597 boundary
3 1 1 11 96 1149 571 1172 591 of
3 1 1 12 56 1180 571 1224 592 0D.
3 1 1 13 96 1240 572 1301 591 More
3 1 2 1 96 347 605 454 630 precisely,
3 1 2 2 96 466 604 498 624 for
3 1 2 3 96 509 612 521 624 a
3 1 2 4 93 531 604 629 624 function
3 1 2 5 93 640 612 658 624 w
3 1 2 6 96 670 604 754 624 defined
3 1 2 7 92 765 612 793 624 on
3 1 2 8 82 803 600 841 629 R¢,
3 1 2 9 96 853 611 893 624 one
3 1 2 10 96 904 605 942 624 has
4 1 1 1 95 845 672 847 690 " "
5 1 1 1 74 664 666 689 697 +)
5 1 1 2 65 701 680 720 687 =
5 1 1 3 65 733 671 771 690 lim
5 1 1 4 47 780 669 913 697 w(a@thv),
5 1 1 5 72 936 675 977 691 «€
5 1 1 6 71 988 670 1033 695 0D,
5 1 1 7 96 1233 669 1299 697 (2.11)
6 1 1 1 36 614 670 661 696 w(a
6 1 2 1 17 730 694 774 708 ho
6 1 3 1 93 389 754 458 773 where
6 1 3 2 90 469 760 485 773 v
6 1 3 3 96 496 755 513 773 is
6 1 3 4 96 524 754 560 773 the
6 1 3 5 96 571 754 668 773 outward
6 1 3 6 96 679 754 762 773 normal
6 1 3 7 96 773 754 820 773 unit
6 1 3 8 96 831 756 904 773 vector
6 1 3 9 96 914 753 937 773 of
6 1 3 10 69 946 753 990 774 OD.
6 1 4 1 96 348 785 369 813 2)
6 1 4 2 96 381 787 428 806 The
6 1 4 3 96 438 787 553 812 boundary
6 1 4 4 95 563 787 685 806 conditions
6 1 4 5 96 696 793 744 806 over
6 1 4 6 96 755 787 792 806 the
6 1 4 7 96 803 787 850 806 skin
6 1 4 8 96 862 793 896 806 are
6 1 4 9 96 908 794 921 806 a
6 1 4 10 96 931 787 963 806 bit
6 1 4 11 96 974 793 1032 806 more
6 1 4 12 96 1044 787 1187 811 complicated
6 1 4 13 93 1199 785 1242 813 (see
6 1 4 14 93 1253 787 1300 812 Fig-
6 1 5 1 83 347 811 423 855 ure[2).
6 1 5 2 96 439 821 491 840 This
6 1 5 3 96 501 821 518 840 is
6 1 5 4 96 528 821 569 840 due
6 1 5 5 96 579 823 602 840 to
6 1 5 6 96 612 821 649 840 the
6 1 5 7 96 659 820 702 840 fact
6 1 5 8 96 712 821 768 845 that,
6 1 5 9 96 779 821 895 845 compared
6 1 5 10 96 904 823 928 840 to
6 1 5 11 96 937 821 974 840 the
6 1 5 12 96 984 823 1050 840 water
6 1 5 13 96 1059 821 1128 840 which
6 1 5 14 96 1138 821 1176 840 has
6 1 5 15 93 1186 827 1199 840 a
6 1 5 16 91 1208 821 1300 840 conduc-
7 1 1 1 95 444 883 1212 1340 " "
8 1 1 1 96 552 1394 629 1419 Figure
8 1 1 2 96 640 1394 658 1413 2:
8 1 1 3 95 674 1394 791 1419 Boundary
8 1 1 4 95 802 1394 923 1413 conditions
8 1 1 5 96 934 1400 982 1413 over
8 1 1 6 96 993 1394 1030 1413 the
8 1 1 7 96 1041 1394 1094 1413 skin.
9 1 1 1 97 347 1459 411 1484 tivity
9 1 1 2 97 420 1458 444 1478 of
9 1 1 3 96 450 1459 488 1478 the
9 1 1 4 97 497 1459 559 1478 order
9 1 1 5 93 568 1458 591 1478 of
9 1 1 6 12 598 1455 726 1479 0.01S-m~!
9 1 1 7 92 739 1456 785 1485 [35],
9 1 1 8 96 796 1459 833 1478 the
9 1 1 9 96 842 1459 890 1478 skin
9 1 1 10 96 899 1459 916 1478 is
9 1 1 11 95 925 1465 976 1484 very
9 1 1 12 92 985 1459 1080 1478 resistive
9 1 1 13 47 1092 1455 1236 1485 (10-4S-m71
9 1 1 14 67 1250 1457 1299 1485 [20])
9 1 2 1 96 348 1492 390 1511 and
9 1 2 2 96 401 1492 438 1511 the
9 1 2 3 96 449 1492 508 1517 body
9 1 2 4 96 519 1492 536 1511 is
9 1 2 5 96 546 1498 597 1517 very
9 1 2 6 95 607 1492 735 1511 conductive
9 1 2 7 47 748 1490 796 1518 (1S:
9 1 2 8 59 805 1488 866 1518 m7!)
9 1 2 9 82 880 1490 926 1518 [42].
9 1 2 10 96 941 1492 965 1511 In
9 1 2 11 96 976 1492 1038 1511 other
9 1 2 12 96 1048 1492 1123 1516 words,
9 1 2 13 96 1135 1498 1175 1511 one
9 1 2 14 96 1186 1492 1224 1511 has
10 1 1 1 71 736 1559 759 1582 kis
10 1 1 2 33 771 1559 834 1582 <kiw
10 1 1 3 84 846 1562 870 1580 <
10 1 1 4 74 881 1559 911 1582 ko.
10 1 1 5 96 1233 1557 1299 1585 (2.12)
11 1 1 1 92 389 1642 534 1666 Futhermore,
11 1 1 2 96 544 1642 581 1661 the
11 1 1 3 96 589 1642 636 1661 skin
11 1 1 4 96 645 1642 661 1661 is
11 1 1 5 96 669 1648 720 1667 very
11 1 1 6 96 728 1642 782 1661 thin:
11 1 1 7 96 796 1641 813 1661 if
11 1 1 8 96 818 1649 848 1661 we
11 1 1 9 95 857 1642 935 1661 denote
11 1 1 10 95 944 1642 971 1661 its
11 1 1 11 96 979 1642 1087 1661 thickness
11 1 1 12 96 1095 1642 1123 1667 by
11 1 1 13 62 1132 1641 1150 1666 5,
11 1 1 14 96 1159 1648 1190 1661 we
11 1 1 15 96 1198 1642 1251 1661 have
11 1 1 16 96 1261 1639 1299 1668 [49]
11 1 2 1 75 725 1702 736 1722 6
11 1 2 2 23 753 1709 762 1721 ©
11 1 2 3 88 776 1703 854 1728 100um
11 1 2 4 89 864 1706 888 1724 <
11 1 2 5 92 899 1703 923 1727 L,
12 1 1 1 93 347 1764 417 1783 where
12 1 1 2 91 429 1764 446 1783 L
12 1 1 3 96 458 1770 501 1783 was
12 1 1 4 96 513 1763 598 1783 defined
12 1 1 5 97 611 1771 633 1783 as
12 1 1 6 96 646 1764 683 1783 the
12 1 1 7 95 695 1764 754 1789 body
12 1 1 8 97 767 1764 841 1789 length
12 1 1 9 96 853 1764 874 1783 in
12 1 1 10 92 887 1763 973 1784 Section
12 1 1 11 89 987 1780 990 1783 .
12 1 1 12 96 1009 1764 1034 1783 In
12 1 1 13 91 1048 1761 1072 1790 [I]
12 1 1 14 96 1085 1770 1116 1783 we
12 1 1 15 96 1128 1764 1181 1783 have
12 1 1 16 96 1194 1764 1267 1783 shown
12 1 1 17 96 1279 1764 1301 1783 in
12 1 2 1 96 347 1797 384 1816 the
12 1 2 2 93 395 1803 443 1816 case
12 1 2 3 91 454 1797 468 1816 d
12 1 2 4 96 477 1806 495 1813 =
12 1 2 5 96 506 1797 518 1816 2
12 1 2 6 96 529 1797 585 1821 that,
12 1 2 7 93 597 1797 659 1816 when
12 1 2 8 90 670 1795 713 1823 6/L
12 1 2 9 91 733 1800 745 1818 <
12 1 2 10 93 761 1798 770 1816 1
12 1 2 11 93 783 1797 825 1816 and
12 1 2 12 77 837 1795 905 1823 ks/ky
12 1 2 13 81 918 1798 980 1821 <1,
12 1 2 14 93 993 1797 1032 1816 but
12 1 2 15 68 1044 1795 1166 1823 dky/(Lks)
12 1 2 16 96 1179 1797 1196 1816 is
12 1 2 17 96 1207 1796 1230 1816 of
12 1 2 18 96 1239 1797 1301 1816 order
12 1 3 1 96 347 1836 387 1849 one
12 1 3 2 96 400 1829 432 1856 (or
12 1 3 3 96 443 1828 545 1856 smaller),
12 1 3 4 97 556 1837 587 1849 we
12 1 3 5 96 597 1830 651 1849 have
12 1 3 6 96 661 1830 698 1849 the
12 1 3 7 96 709 1829 815 1855 following
12 1 3 8 96 826 1829 922 1849 effective
12 1 3 9 96 932 1830 1024 1849 relation
12 1 3 10 96 1034 1829 1066 1849 for
12 1 3 11 42 1077 1836 1092 1849 x
12 1 3 12 92 1104 1834 1118 1850 €
12 1 3 13 68 1129 1829 1169 1850 00:
13 1 1 1 90 892 1884 923 1905 Ou
14 1 1 1 40 656 1899 727 1929 u(a*)
14 1 1 2 88 738 1915 754 1917 —
14 1 1 3 0 764 1902 835 1930 ula)
14 1 1 4 92 847 1913 865 1919 =
14 1 1 5 46 875 1898 923 1947 Sa,
15 1 1 1 12 929 1889 990 1933 (at),
15 1 1 2 94 1233 1902 1299 1930 (2.13)
