block para line word confidence X1 Y1 X2 Y2 token
1 1 1 1 92 617 241 710 262 NLDSA
1 1 1 2 96 721 242 793 261 model
1 1 1 3 93 803 241 835 261 for
1 1 1 4 92 847 241 905 262 GRB
1 1 1 5 92 917 241 1037 267 afterglows
1 1 1 6 96 1525 242 1536 262 9
2 1 1 1 77 292 302 309 319 4,
2 1 1 2 93 330 303 447 319 EXAMPLE
2 1 1 3 77 457 303 625 320 AFTERGLOWS
3 1 1 1 89 171 341 255 366 Having
3 1 1 2 96 268 341 381 365 explained
3 1 1 3 95 394 341 431 360 the
3 1 1 4 95 445 341 520 360 Monte
3 1 1 5 96 534 340 598 361 Carlo
3 1 1 6 96 611 341 664 360 code
3 1 1 7 91 679 340 775 367 (Section
3 1 1 8 91 789 340 795 367 )
3 1 2 1 95 121 370 164 389 and
3 1 2 2 95 179 370 216 389 the
3 1 2 3 96 231 377 320 389 manner
3 1 2 4 96 335 371 357 389 in
3 1 2 5 96 371 370 440 389 which
3 1 2 6 96 455 370 471 389 it
3 1 2 7 96 487 371 504 389 is
3 1 2 8 96 519 370 609 394 coupled
3 1 2 9 95 624 373 647 389 to
3 1 2 10 93 662 377 675 389 a
3 1 2 11 92 689 370 796 395 hydrody-
3 1 3 1 94 121 399 214 418 namical
3 1 3 2 96 223 399 348 418 simulation
3 1 3 3 96 357 401 381 418 to
3 1 3 4 96 391 401 461 418 create
3 1 3 5 97 472 406 499 418 an
3 1 3 6 96 509 399 607 424 evolving
3 1 3 7 93 617 398 726 424 afterglow
3 1 3 8 92 736 399 796 418 mod-
3 1 4 1 96 121 428 140 447 el
3 1 4 2 93 153 426 248 454 (Section
3 1 4 3 93 260 427 274 453 ),
3 1 4 4 97 286 435 316 447 we
3 1 4 5 96 327 428 369 447 will
3 1 4 6 96 380 435 427 447 now
3 1 4 7 96 438 430 523 453 present
3 1 4 8 96 535 428 572 447 the
3 1 4 9 96 583 428 660 447 results
3 1 4 10 96 671 427 726 447 from
3 1 4 11 96 737 428 797 447 three
4 1 1 1 89 950 302 987 319 4.1.
4 1 1 2 96 1009 300 1102 319 Particle
4 1 1 3 95 1114 302 1194 324 spectra
4 1 1 4 96 1206 300 1248 319 and
4 1 1 5 96 1260 307 1335 325 energy
4 1 1 6 96 1347 300 1448 319 densities
5 1 1 1 96 911 341 935 360 In
5 1 1 2 96 944 341 1020 366 Figure
5 1 1 3 96 1029 342 1040 360 2
5 1 1 4 96 1050 348 1080 360 we
5 1 1 5 96 1089 341 1147 360 show
5 1 1 6 96 1155 341 1192 360 the
5 1 1 7 96 1201 343 1287 365 spectra
5 1 1 8 96 1295 340 1318 360 of
5 1 1 9 96 1325 341 1403 360 cosmic
5 1 1 10 96 1412 347 1460 366 rays
5 1 1 11 96 1469 340 1501 360 for
5 1 1 12 96 1510 341 1537 360 all
5 1 2 1 96 861 370 921 389 three
5 1 2 2 96 932 370 1021 394 models,
5 1 2 3 96 1032 371 1054 389 in
5 1 2 4 96 1064 370 1101 389 the
5 1 2 5 96 1112 370 1167 389 local
5 1 2 6 96 1177 370 1261 394 plasma
5 1 2 7 96 1271 369 1344 389 frame.
5 1 2 8 96 1359 370 1398 389 For
5 1 2 9 96 1409 370 1445 389 the
5 1 2 10 96 1456 370 1505 389 sake
5 1 2 11 96 1516 369 1539 389 of
5 1 3 1 97 861 399 941 424 clarity,
5 1 3 2 96 952 399 989 418 the
5 1 3 3 96 999 399 1073 418 cooled
5 1 3 4 96 1083 399 1222 424 populations
5 1 3 5 96 1232 399 1280 418 that
5 1 3 6 96 1291 399 1344 418 have
5 1 3 7 96 1353 399 1408 418 been
5 1 3 8 93 1418 401 1484 423 swept
5 1 3 9 93 1501 398 1536 418 fur-
5 1 4 1 96 861 428 909 447 ther
5 1 4 2 96 919 428 1063 447 downstream
5 1 4 3 96 1075 427 1121 453 (the
5 1 4 4 96 1131 428 1218 447 interior
5 1 4 5 96 1228 428 1291 447 shells
5 1 4 6 97 1302 427 1325 447 of
5 1 4 7 96 1333 428 1409 453 Figure
5 1 4 8 96 1421 427 1441 453 1)
5 1 4 9 96 1453 434 1488 447 are
5 1 4 10 96 1499 430 1536 447 not
6 1 1 1 95 121 460 164 477 test
6 1 1 2 95 173 464 238 477 cases.
6 1 1 3 96 253 458 299 477 The
6 1 1 4 96 307 457 353 477 first
6 1 2 1 96 121 487 181 506 takes
6 1 2 2 96 195 487 255 511 place
6 1 2 3 96 270 488 292 506 in
6 1 2 4 96 305 487 343 506 the
6 2 1 1 95 121 516 221 540 particles
6 2 1 2 95 235 516 352 535 accelerate
6 2 2 1 96 121 547 159 564 not
6 2 2 2 96 171 545 315 570 significantly
6 2 2 3 96 326 552 361 564 mo
6 2 3 1 96 121 580 156 593 are
6 2 3 2 96 169 574 232 593 listed
6 2 3 3 95 245 575 266 593 in
6 2 3 4 96 279 574 344 593 Table
6 3 1 1 97 121 603 156 630 ed)
6 3 1 2 96 171 604 271 629 particles
6 3 1 3 96 285 610 320 623 are
6 3 1 4 56 333 611 359 623 ex)
6 3 2 1 96 121 633 256 657 population,
6 3 2 2 96 269 633 352 658 though
7 1 1 1 96 362 460 404 477 two
7 1 1 2 96 413 458 495 477 models
7 1 1 3 96 504 464 589 477 assume
7 1 1 4 96 608 458 646 477 that
7 1 1 5 96 656 458 797 477 acceleration
7 1 2 1 92 367 487 500 511 est-particle
7 1 2 2 96 514 487 576 511 limit,
7 1 2 3 96 592 487 645 506 with
7 1 2 4 96 659 487 699 506 few
7 1 2 5 96 712 487 797 512 enough
7 2 1 1 96 381 516 429 535 that
7 2 1 2 96 444 516 480 535 the
7 2 1 3 96 494 518 602 535 structure
7 2 1 4 96 616 515 639 535 of
7 2 1 5 96 650 516 687 535 the
7 2 1 6 96 701 516 767 535 shock
7 2 1 7 96 780 517 797 535 is
7 2 2 1 90 364 545 434 564 dified.
7 2 2 2 96 452 545 498 564 The
7 2 2 3 96 510 545 627 569 particular
7 2 2 4 96 638 545 710 564 values
7 2 2 5 93 722 544 745 564 of
7 2 2 6 92 755 545 794 572 Pinj
7 2 3 1 84 372 590 375 593 .
7 2 3 2 96 395 574 419 593 In
7 2 3 3 96 431 581 472 593 one
7 2 3 4 96 484 574 562 598 model,
7 2 3 5 93 576 574 669 593 thermal
7 2 3 6 92 683 573 796 600 (uninject-
7 2 3 7 96 861 574 950 593 duction
7 2 3 8 92 963 580 1027 598 proce:
7 2 4 1 92 364 604 442 629 plicitly
7 2 4 2 96 455 604 559 623 excluded
7 2 4 3 95 572 603 627 623 from
7 2 4 4 95 639 604 676 623 the
7 2 4 5 96 689 604 797 629 radiating
7 2 4 6 91 861 604 974 623 subshock.
7 2 4 7 93 994 603 1021 623 All
7 2 4 8 63 1040 611 1054 628 p:
7 2 5 1 96 364 633 416 658 they
7 2 5 2 96 427 633 550 652 contribute
7 2 5 3 96 561 636 584 652 to
7 2 5 4 96 596 633 633 652 the
7 2 5 5 96 660 640 742 652 pressure
7 2 5 6 96 754 633 797 652 and
8 1 1 1 96 861 458 928 483 given.
8 1 1 2 96 949 458 1018 477 These
8 1 1 3 89 1030 465 1055 482 sp
9 1 1 1 95 1028 573 1062 593 " "
10 1 1 1 92 1057 460 1116 477 ectra
10 1 1 2 96 1128 465 1181 477 were
10 1 1 3 96 1193 458 1258 477 taken
10 1 1 4 96 1268 459 1313 483 just
10 1 1 5 96 1326 458 1470 477 downstream
10 1 1 6 96 1482 457 1537 477 from
11 1 1 1 93 861 487 898 506 the
11 1 1 2 92 906 487 1014 506 subshock
11 1 1 3 96 1022 489 1044 506 at
11 1 1 4 55 1053 494 1067 506 x
11 1 1 5 95 1077 496 1096 502 =
11 1 1 6 96 1106 488 1124 511 0,
11 1 1 7 96 1134 489 1158 506 to
11 1 1 8 96 1166 489 1222 506 most
11 1 1 9 96 1231 487 1309 512 closely
11 1 1 10 96 1317 487 1390 506 match
11 1 1 11 96 1398 487 1435 506 the
11 1 1 12 96 1444 487 1537 511 spectral
11 1 2 1 96 861 516 941 535 indices
11 1 2 2 96 950 516 1061 540 predicted
11 1 2 3 96 1070 516 1099 541 by
11 1 2 4 96 1108 516 1224 541 analytical
11 1 2 5 95 1233 516 1296 535 work.
11 1 2 6 96 1311 516 1404 541 Though
11 1 2 7 96 1412 523 1443 535 we
11 1 2 8 96 1452 522 1537 535 assume
11 1 3 1 95 861 552 889 564 an
11 1 3 2 96 901 545 1002 569 isotropic
11 1 3 3 96 1014 545 1155 564 distribution
11 1 3 4 96 1166 544 1189 564 of
11 1 3 5 96 1199 545 1299 569 particles
11 1 3 6 96 1311 544 1343 564 for
11 1 3 7 96 1355 545 1382 564 all
11 1 3 8 93 1394 545 1477 569 photon
11 1 3 9 92 1489 552 1536 569 pro-
12 1 1 1 68 1062 581 1078 598 s,
12 1 1 2 96 1104 574 1136 593 this
12 1 1 3 96 1149 575 1165 593 is
12 1 1 4 96 1178 574 1290 599 obviously
12 1 1 5 96 1303 576 1340 593 not
12 1 1 6 96 1354 574 1391 593 the
12 1 1 7 96 1404 581 1451 593 case
12 1 1 8 96 1465 576 1486 593 at
12 1 1 9 96 1500 574 1537 593 the
12 1 2 1 96 1056 604 1140 623 articles
12 1 2 2 96 1152 605 1235 628 require
12 1 2 3 96 1247 604 1327 623 several
12 1 2 4 96 1339 603 1440 623 diffusion
12 1 2 5 96 1452 604 1537 629 lengths
13 1 1 1 96 861 632 884 652 of
13 1 1 2 96 895 635 1006 652 transport
13 1 1 3 96 1021 633 1165 652 downstream
13 1 1 4 96 1178 632 1250 652 before
13 1 1 5 96 1263 633 1319 652 their
13 1 1 6 93 1333 633 1422 658 angular
13 1 1 7 92 1435 633 1536 652 distribu-
14 1 1 1 96 121 668 199 687 energy
14 1 1 2 96 208 662 293 687 density
14 1 1 3 96 301 662 451 681 downstream.
14 1 1 4 96 466 662 503 682 We
14 1 1 5 96 512 661 565 681 refer
14 1 1 6 96 573 664 597 681 to
14 1 1 7 96 605 662 648 681 this
14 1 1 8 96 658 669 680 681 as
14 1 1 9 93 689 662 726 681 the
14 1 1 10 91 738 661 796 682 “CR-
14 1 2 1 96 121 691 181 716 only”
14 1 2 2 96 197 693 229 710 test
14 1 2 3 96 252 697 306 710 case.
14 1 2 4 95 325 691 349 710 In
14 1 2 5 96 361 691 398 710 the
14 1 2 6 96 410 691 488 710 second
14 1 2 7 96 501 691 578 715 model,
14 1 2 8 95 603 691 629 710 the
14 1 2 9 95 644 691 702 710 “TP”
14 1 2 10 96 718 691 796 715 model,
14 1 3 1 96 121 721 149 740 all
14 1 3 2 96 161 722 261 745 particles
14 1 3 3 96 274 728 309 740 are
14 1 3 4 96 322 721 422 740 included
14 1 3 5 96 434 722 456 740 in
14 1 3 6 96 468 721 505 740 the
14 1 3 7 96 517 721 601 745 photon
14 1 3 8 96 613 721 743 745 production
14 1 4 1 96 121 750 233 769 culations.
14 1 4 2 96 248 750 273 769 In
14 1 4 3 96 282 750 319 769 the
14 1 4 4 96 328 750 383 769 third
14 1 4 5 96 397 750 474 774 model,
14 1 4 6 96 489 750 554 774 “NL,”
14 1 4 7 96 567 750 670 769 injection
14 1 4 8 96 679 751 696 769 is
14 1 4 9 96 705 749 796 769 efficient
14 1 5 1 96 121 779 206 804 enough
14 1 5 2 96 221 781 269 798 that
14 1 5 3 96 285 779 322 798 the
14 1 5 4 93 337 780 448 798 nonlinear
14 1 5 5 92 463 779 614 798 backreaction
14 1 5 6 96 629 778 652 798 of
14 1 5 7 96 665 779 797 798 accelerated
14 1 6 1 95 122 807 171 828 CRs
14 1 6 2 95 181 815 210 827 on
14 1 6 3 96 220 810 257 827 the
14 1 6 4 96 268 808 333 827 shock
14 1 6 5 96 344 810 452 827 structure
14 1 6 6 96 463 810 542 827 cannot
14 1 6 7 96 553 808 580 827 be
14 1 6 8 96 591 808 685 833 ignored.
14 2 1 1 96 171 837 208 857 We
14 2 1 2 96 219 839 276 856 must
14 2 1 3 96 288 844 387 856 comment
14 2 1 4 96 408 837 458 856 here
14 2 1 5 96 469 844 497 856 on
14 2 1 6 96 508 837 545 856 the
14 2 1 7 93 556 837 644 862 physical
14 2 1 8 92 663 837 796 856 reasonable-
14 2 2 1 96 121 874 169 886 ness
14 2 2 2 96 178 866 201 886 of
14 2 2 3 96 208 867 228 886 all
14 2 2 4 96 256 867 305 886 three
14 2 2 5 96 314 874 402 886 models.
14 2 2 6 93 418 867 463 886 The
14 2 2 7 92 473 866 572 892 CR-only
14 2 2 8 96 581 874 629 886 case
14 2 2 9 96 638 867 655 886 is
14 2 2 10 96 666 869 703 886 not
14 2 2 11 96 713 868 784 886 intend
14 2 3 1 96 121 896 147 915 ed
14 2 3 2 96 160 898 183 915 to
14 2 3 3 96 196 896 223 915 be
14 2 3 4 96 236 896 354 921 physically
14 2 3 5 96 367 896 478 920 plausible.
14 2 3 6 96 501 896 569 915 There
14 2 3 7 96 583 897 600 915 is
14 2 3 8 96 613 903 640 915 no
14 2 3 9 96 653 903 699 921 way
14 2 3 10 93 722 903 735 915 to
14 2 3 11 92 748 903 796 915 con-
14 2 4 1 96 121 931 180 944 serve
14 2 4 2 96 191 932 287 949 number,
14 2 4 3 96 300 931 441 949 momentum,
14 2 4 4 96 454 925 497 944 and
14 2 4 5 96 508 931 586 950 energy
14 2 4 6 96 597 924 664 944 fluxes
14 2 4 7 96 675 925 697 944 in
14 2 4 8 92 708 932 721 944 a
14 2 4 9 79 731 925 783 944 shoc
14 2 5 1 96 121 955 250 979 interacting
14 2 5 2 96 264 954 317 973 with
14 2 5 3 96 332 954 369 973 the
14 2 5 4 95 394 953 433 974 ISM
14 2 5 5 95 448 954 519 973 unless
14 2 5 6 96 534 961 547 973 a
14 2 5 7 96 561 954 646 973 thermal
14 2 5 8 96 668 954 797 978 population
14 2 6 1 96 121 984 138 1003 is
14 2 6 2 96 151 990 243 1008 present.
14 2 6 3 93 266 984 312 1003 The
14 2 6 4 90 326 983 425 1009 CR-only
14 2 6 5 95 438 991 486 1003 case
14 2 6 6 96 499 984 516 1003 is
14 2 6 7 96 529 984 614 1003 included
14 2 6 8 96 642 984 692 1009 only
14 2 6 9 96 705 984 797 1003 because
14 2 7 1 96 121 1013 137 1032 it
14 2 7 2 96 149 1013 233 1032 mimics
14 2 7 3 96 255 1013 281 1032 the
14 2 7 4 96 293 1013 389 1032 standard
14 2 7 5 96 408 1013 551 1038 synchrotron
14 2 7 6 96 562 1013 634 1032 model
14 2 7 7 96 653 1020 676 1032 for
14 2 7 8 96 688 1012 797 1038 afterglow
14 2 8 1 96 121 1043 228 1066 emission,
14 2 8 2 96 237 1042 306 1061 which
14 2 8 3 96 314 1043 397 1067 ignores
14 2 8 4 96 405 1042 443 1061 the
14 2 8 5 96 450 1042 543 1061 thermal
14 2 8 6 96 551 1042 686 1066 population.
14 2 8 7 96 700 1042 709 1061 It
14 2 8 8 96 728 1049 797 1061 serves
14 2 9 1 96 121 1078 144 1090 as
14 2 9 2 96 155 1077 168 1090 a
14 2 9 3 96 178 1071 260 1090 control
14 2 9 4 96 271 1072 354 1096 against
14 2 9 5 96 365 1071 434 1090 which
14 2 9 6 96 444 1078 483 1090 our
14 2 9 7 96 493 1071 555 1090 other
14 2 9 8 95 565 1073 607 1090 two
14 2 9 9 95 618 1071 700 1090 models
14 2 9 10 96 710 1078 760 1096 may
14 2 9 11 96 770 1071 797 1090 be
14 2 10 1 96 121 1100 243 1124 compared;
14 2 10 2 96 254 1107 284 1119 we
14 2 10 3 96 295 1106 330 1119 are
14 2 10 4 96 340 1102 377 1119 not
14 2 10 5 96 392 1100 511 1125 presenting
14 2 10 6 96 521 1100 537 1119 it
14 2 10 7 96 548 1107 571 1119 as
14 2 10 8 96 581 1107 594 1119 a
14 2 10 9 96 603 1100 644 1119 valid
14 2 10 10 96 670 1100 797 1119 alternative
14 2 11 1 96 121 1132 144 1149 to
14 2 11 2 96 154 1130 222 1149 either
14 2 11 3 96 232 1132 269 1149 the
14 2 11 4 96 279 1130 315 1149 TP
14 2 11 5 96 326 1137 349 1149 or
14 2 11 6 96 359 1130 396 1149 the
14 2 11 7 95 406 1130 442 1149 NL
14 2 11 8 95 453 1130 530 1149 model.
14 2 11 9 96 545 1130 604 1149 Both
14 2 11 10 96 613 1132 650 1149 the
14 2 11 11 96 660 1130 697 1149 TP
14 2 11 12 96 708 1130 751 1149 and
14 2 11 13 96 761 1130 797 1149 NL
14 2 12 1 96 121 1159 203 1178 models
14 2 12 2 95 216 1165 251 1178 are
14 2 12 3 96 264 1159 382 1184 physically
14 2 12 4 96 398 1159 493 1183 possible,
14 2 12 5 96 508 1159 550 1178 and
14 2 12 6 96 562 1161 651 1183 operate
14 2 12 7 96 664 1161 685 1178 at
14 2 12 8 82 699 1158 787 1178 different
14 2 13 1 96 121 1188 173 1207 ends
14 2 13 2 96 184 1187 207 1207 of
14 2 13 3 97 231 1195 253 1207 the
14 2 13 4 96 264 1188 366 1213 injection
14 2 13 5 96 376 1188 485 1213 efficiency
14 2 13 6 95 496 1190 612 1212 spectrum.
14 3 1 1 96 171 1216 206 1236 All
14 3 1 2 96 226 1217 275 1236 three
14 3 1 3 93 285 1217 357 1236 model
14 3 1 4 92 367 1216 486 1242 afterglows
14 3 1 5 96 497 1223 534 1236 use
14 3 1 6 96 544 1224 571 1236 an
14 3 1 7 96 581 1224 692 1241 upstream
14 3 1 8 27 702 1217 787 1236 ambient
14 3 2 1 96 121 1248 229 1272 magnetic
14 3 2 2 95 245 1247 290 1266 field
14 3 2 3 76 302 1247 332 1270 Bo
14 3 2 4 95 345 1256 363 1262 =
14 3 2 5 94 375 1248 387 1267 3
14 3 2 6 94 399 1246 448 1267 mG.
14 3 2 7 95 462 1247 514 1266 This
14 3 2 8 95 526 1248 543 1266 is
14 3 2 9 96 554 1247 627 1266 orders
14 3 2 10 96 638 1253 651 1266 of
14 3 2 11 96 671 1247 797 1272 magnitude
14 3 3 1 96 121 1276 195 1301 higher
14 3 3 2 96 208 1276 262 1295 than
14 3 3 3 96 283 1283 312 1295 the
14 3 3 4 96 325 1276 405 1301 typical
14 3 3 5 96 418 1276 479 1295 value
14 3 3 6 96 492 1275 515 1295 of
14 3 3 7 96 527 1277 538 1296 3
14 3 3 8 27 552 1275 588 1301 1G
14 3 3 9 96 602 1276 702 1295 assumed
14 3 3 10 96 715 1275 747 1295 for
14 3 3 11 96 760 1276 797 1295 the
14 3 4 1 96 121 1305 190 1330 Milky
14 3 4 2 95 202 1305 258 1330 Way.
14 3 4 3 95 280 1305 348 1324 There
14 3 4 4 96 362 1312 396 1324 are
14 3 4 5 96 409 1305 515 1324 locations
14 3 4 6 96 527 1305 596 1324 where
14 3 4 7 96 609 1305 661 1324 such
14 3 4 8 96 674 1305 725 1330 high
14 3 4 9 96 737 1304 797 1324 fields
14 3 5 1 96 121 1341 171 1359 may
14 3 5 2 96 178 1335 222 1353 exist
14 3 5 3 96 242 1334 263 1353 in
14 3 5 4 93 271 1334 308 1353 the
14 3 5 5 88 316 1334 458 1353 circumburst
14 3 5 6 32 467 1330 645 1358 environment,?4
14 3 5 7 96 659 1336 694 1353 but
14 3 5 8 93 703 1334 747 1353 this
14 3 5 9 92 754 1334 796 1353 val-
14 3 6 1 96 121 1370 147 1382 ue
14 3 6 2 96 155 1370 197 1382 was
14 3 6 3 96 205 1370 283 1382 chosen
14 3 6 4 96 291 1362 322 1382 for
14 3 6 5 94 330 1370 343 1382 a
14 3 6 6 94 350 1362 448 1382 different
14 3 6 7 96 456 1370 538 1382 reason:
14 3 6 8 96 552 1369 604 1382 once
14 3 6 9 96 612 1364 618 1382 it
14 3 6 10 96 637 1364 654 1382 is
14 3 6 11 96 661 1370 793 1388 compressed
14 3 7 1 96 121 1393 235 1418 according
14 3 7 2 96 244 1395 267 1412 to
14 3 7 3 96 281 1393 385 1417 Equation
14 3 7 4 96 394 1394 412 1417 3,
14 3 7 5 96 422 1393 459 1412 the
14 3 7 6 96 468 1393 613 1412 downstream
14 3 7 7 93 625 1393 670 1412 field
14 3 7 8 92 680 1393 796 1417 approach-
14 3 8 1 96 121 1429 143 1441 es
14 3 8 2 96 153 1429 181 1441 an
14 3 8 3 96 190 1428 268 1447 energy
14 3 8 4 96 284 1421 370 1441 fraction
14 3 8 5 96 379 1421 402 1441 of
14 3 8 6 48 411 1429 437 1445 eg
14 3 8 7 33 449 1428 467 1440 ~
14 3 8 8 33 479 1418 539 1446 10~%,
14 3 8 9 96 550 1422 613 1441 when
14 3 8 10 97 638 1429 651 1441 both
14 3 8 11 84 686 1424 729 1441 rest
14 3 8 12 84 740 1429 797 1441 mass
14 3 9 1 96 121 1457 199 1476 energy
14 3 9 2 96 212 1451 254 1470 and
14 3 9 3 96 266 1457 364 1475 pressure
14 3 9 4 96 377 1457 412 1470 are
14 3 9 5 95 424 1451 555 1470 considered.
14 3 9 6 95 575 1451 627 1470 This
14 3 9 7 96 640 1451 657 1470 is
14 3 9 8 96 669 1451 731 1470 lower
14 3 9 9 96 743 1451 797 1470 than
14 3 10 1 96 121 1480 158 1499 the
14 3 10 2 96 167 1480 293 1499 traditional
14 3 10 3 93 302 1480 369 1504 value,
14 3 10 4 36 380 1487 407 1504 €g
14 3 10 5 92 419 1489 437 1495 ~
14 3 10 6 86 449 1476 510 1504 10~?,
14 3 10 7 96 520 1480 559 1499 but
14 3 10 8 96 569 1480 591 1499 in
14 3 10 9 96 600 1480 641 1499 line
14 3 10 10 96 650 1480 703 1499 with
14 3 10 11 96 712 1486 796 1499 current
14 3 11 1 95 121 1511 270 1534 expectations
14 3 11 2 96 283 1508 308 1536 (it
14 3 11 3 96 320 1511 337 1529 is
14 3 11 4 96 348 1510 477 1535 potentially
14 3 11 5 97 488 1517 540 1529 even
14 3 11 6 96 551 1517 579 1529 on
14 3 11 7 96 590 1510 627 1529 the
14 3 11 8 96 637 1510 689 1535 high
14 3 11 9 96 700 1510 750 1534 side;
14 3 11 10 97 763 1516 797 1529 see
14 3 12 1 96 122 1538 218 1559 Santana
14 3 12 2 96 229 1541 250 1558 et
14 3 12 3 94 262 1546 288 1558 al.
14 3 12 4 93 302 1539 361 1560 2014;
14 3 12 5 92 374 1539 495 1558 Beniamini
14 3 12 6 96 507 1541 528 1558 et
14 3 12 7 96 540 1539 566 1558 al.
14 3 12 8 96 580 1539 639 1563 2015,
14 3 12 9 96 652 1539 695 1558 and
14 3 12 10 96 707 1545 741 1558 see
14 3 12 11 96 753 1539 797 1558 also
14 3 13 1 96 121 1568 158 1587 the
14 3 13 2 96 168 1568 287 1587 discussion
14 3 13 3 93 297 1567 320 1587 of
14 3 13 4 32 328 1575 370 1591 €g—
14 3 13 5 96 384 1569 405 1587 in
14 3 13 6 96 417 1567 526 1593 (Lemoine
14 3 13 7 96 536 1570 557 1587 et
14 3 13 8 93 568 1568 594 1587 al.
14 3 13 9 91 606 1567 687 1593 2013)).
14 3 13 10 96 702 1568 797 1587 Because
14 3 14 1 96 121 1604 151 1616 we
14 3 14 2 96 161 1603 246 1616 assume
14 3 14 3 96 255 1597 306 1622 only
14 3 14 4 96 316 1598 423 1622 magnetic
14 3 14 5 96 433 1597 482 1616 field
14 3 14 6 96 492 1598 637 1621 compression
14 3 14 7 86 647 1597 690 1616 and
14 3 14 8 86 700 1603 727 1616 no
14 3 14 9 92 737 1597 796 1616 addi-
14 3 15 1 96 121 1626 189 1645 tional
14 3 15 2 96 200 1625 362 1650 amplification,
14 3 15 3 96 374 1626 411 1645 the
14 3 15 4 96 422 1626 483 1645 value
14 3 15 5 96 494 1625 517 1645 of
14 3 15 6 88 527 1633 553 1650 eg
14 3 15 7 96 564 1626 609 1651 just
14 3 15 8 93 621 1626 765 1645 downstream
14 3 15 9 79 776 1633 789 1645 o
14 3 16 1 96 121 1656 158 1675 the
14 3 16 2 97 169 1656 235 1675 shock
14 3 16 3 96 247 1654 304 1682 (that
14 3 16 4 96 316 1656 339 1680 is,
14 3 16 5 96 351 1657 408 1680 prior
14 3 16 6 96 419 1658 442 1675 to
14 3 16 7 97 452 1656 489 1675 the
14 3 16 8 96 500 1657 618 1680 expansion
14 3 16 9 93 629 1656 740 1675 described
14 3 16 10 93 751 1662 796 1680 pre-
14 3 17 1 96 121 1684 213 1711 viously)
14 3 17 2 96 227 1685 304 1710 decays
14 3 17 3 96 315 1685 368 1704 with
14 3 17 4 96 379 1686 432 1704 time
14 3 17 5 96 444 1692 467 1704 as
14 3 17 6 96 478 1685 516 1704 the
14 3 17 7 93 527 1685 593 1704 shock
14 3 17 8 92 605 1685 797 1704 decelerates—see
14 3 18 1 93 121 1714 230 1738 Equation
14 3 18 2 88 239 1714 352 1734 3—rather
14 3 18 3 96 361 1714 415 1733 than
14 3 18 4 96 424 1715 566 1739 maintaining
14 3 18 5 96 575 1721 587 1733 a
14 3 18 6 96 595 1716 695 1733 constant
14 3 18 7 96 704 1714 765 1733 value
14 3 18 8 42 774 1721 787 1733 a‘
14 3 19 1 96 121 1743 149 1762 all
14 3 19 2 96 159 1744 228 1762 times.
14 3 19 3 96 244 1743 296 1762 This
14 3 19 4 96 306 1743 413 1767 temporal
14 3 19 5 96 423 1743 489 1768 decay
14 3 19 6 96 500 1745 521 1762 at
14 3 19 7 96 532 1743 569 1762 the
14 3 19 8 96 580 1743 645 1762 shock
14 3 19 9 96 655 1742 711 1762 front
14 3 19 10 96 722 1749 797 1762 occurs
14 3 20 1 96 121 1773 143 1792 in
14 3 20 2 96 157 1773 255 1792 addition
14 3 20 3 96 269 1775 292 1792 to
14 3 20 4 96 306 1773 343 1792 the
14 3 20 5 96 357 1773 462 1797 expected
14 3 20 6 96 476 1773 568 1792 dilution
14 3 20 7 96 582 1772 605 1792 of
14 3 20 8 93 617 1774 724 1798 magnetic
14 3 20 9 93 738 1779 796 1792 ener-
14 3 21 1 96 121 1808 148 1827 gy
14 3 21 2 96 159 1802 244 1827 density
14 3 21 3 96 255 1809 278 1821 as
14 3 21 4 96 289 1802 326 1821 the
14 3 21 5 96 337 1802 421 1826 plasma
14 3 21 6 96 432 1802 528 1826 expands
14 3 21 7 96 539 1802 683 1821 downstream
14 3 21 8 95 694 1801 749 1821 from
14 3 21 9 95 760 1802 797 1821 the
14 3 22 1 96 121 1831 193 1850 shock.
15 1 1 1 95 693 719 781 744 "  "
16 1 1 1 95 593 460 603 774 " "
17 1 1 1 95 362 489 365 886 " "
18 1 1 1 95 782 576 788 944 " "
19 1 1 1 95 231 693 237 1003 " "
20 1 1 1 95 648 640 652 1032 " "
21 1 1 1 95 713 751 722 1061 " "
22 1 1 1 95 390 721 398 1183 " "
23 1 1 1 95 390 721 394 1236 " "
24 1 1 1 95 392 721 395 1236 " "
25 1 1 1 95 383 750 394 1236 " "
26 1 1 1 95 244 869 250 1266 " "
27 1 1 1 95 288 984 290 1295 " "
28 1 1 1 95 218 1073 228 1382 " "
29 1 1 1 95 624 984 629 1441 " "
30 1 1 1 95 656 1101 660 1441 " "
31 1 1 1 95 228 1188 232 1499 " "
32 1 1 1 95 278 1159 285 1558 " "
33 1 1 1 95 792 1161 796 1733 " "
34 1 1 1 96 144 1900 181 1914 ters
34 1 1 2 96 191 1904 210 1914 as
34 1 1 3 96 220 1898 291 1914 defined
34 1 1 4 96 301 1899 319 1914 in
34 1 1 5 96 328 1899 396 1914 Planck
34 1 1 6 96 406 1898 544 1915 Collaboration
34 1 1 7 96 554 1901 571 1914 et
34 1 1 8 96 581 1899 603 1914 al.
34 1 1 9 96 615 1898 683 1919 (2014).
34 2 1 1 90 145 1920 163 1931 24
34 2 1 2 91 180 1923 296 1944 Specifically,
34 2 1 3 92 313 1924 410 1939 Robishaw
34 2 1 4 95 425 1925 442 1939 et
34 2 1 5 95 458 1924 479 1939 al.
34 2 1 6 96 497 1923 558 1944 (2008)
34 2 1 7 96 574 1926 635 1943 report
34 2 1 8 96 650 1924 741 1944 magnetic
34 2 1 9 96 755 1923 797 1939 field
34 2 2 1 96 121 1947 214 1967 strengths
34 2 2 2 96 225 1947 308 1966 upwards
34 2 2 3 96 319 1946 339 1962 of
34 2 2 4 96 349 1947 370 1963 10
34 2 2 5 96 381 1946 417 1962 mG
34 2 2 6 96 428 1947 447 1962 in
34 2 2 7 96 457 1947 548 1962 starburst
34 2 2 8 96 560 1947 639 1966 galaxies
34 2 2 9 93 650 1946 696 1962 from
34 2 2 10 92 707 1952 797 1962 measure-
34 2 3 1 96 121 1971 180 1985 ments
34 2 3 2 96 191 1969 211 1985 of
34 2 3 3 96 220 1970 298 1985 Zeeman
34 2 3 4 96 308 1970 392 1990 splitting
34 2 3 5 96 402 1969 422 1985 of
34 2 3 6 96 430 1970 462 1985 the
34 2 3 7 95 474 1970 518 1986 1667
34 2 3 8 95 529 1970 576 1985 MHz
34 2 3 9 93 588 1969 621 1986 OH
34 2 3 10 91 632 1975 745 1990 megamaser
34 2 3 11 96 756 1970 796 1985 line.
34 2 4 1 96 121 1993 251 2013 Additionally,
34 2 4 2 96 261 1994 341 2009 ambient
34 2 4 3 96 350 1993 392 2009 field
34 2 4 4 96 400 1994 493 2014 strengths
34 2 4 5 96 502 1994 566 2009 within
34 2 4 6 95 576 1994 651 2010 100-200
34 2 4 7 96 660 1999 682 2013 pc
34 2 4 8 96 691 1993 710 2009 of
34 2 4 9 93 717 1994 748 2009 the
34 2 4 10 92 757 1999 797 2009 cen-
34 2 5 1 96 121 2020 149 2032 ter
34 2 5 2 96 158 2016 177 2032 of
34 2 5 3 96 185 2017 216 2032 the
34 2 5 4 96 226 2017 284 2037 Milky
34 2 5 5 96 293 2017 337 2036 Way
34 2 5 6 96 347 2022 388 2037 may
34 2 5 7 96 398 2017 463 2037 locally
34 2 5 8 96 473 2017 526 2032 reach
34 2 5 9 96 535 2022 555 2032 or
34 2 5 10 96 564 2017 630 2032 exceed
34 2 5 11 96 639 2016 676 2033 mG
34 2 5 12 93 686 2017 739 2032 levels
34 2 5 13 92 750 2016 797 2037 (Fer-
34 2 6 1 91 121 2040 166 2055 riére
34 2 6 2 96 175 2039 235 2060 2009).
35 1 1 1 96 872 663 907 681 ion
35 1 1 2 96 916 662 997 681 relaxes
35 1 1 3 96 1006 663 1051 681 into
35 1 1 4 96 1060 663 1160 687 isotropy.
35 1 1 5 96 1175 662 1236 682 Since
35 1 1 6 96 1245 662 1282 681 the
35 1 1 7 96 1291 661 1392 681 diffusion
35 1 1 8 96 1401 662 1475 687 length
35 1 1 9 96 1483 663 1500 681 is
35 1 1 10 96 1510 669 1537 681 an
35 1 2 1 96 861 691 980 716 increasing
35 1 2 2 96 993 690 1091 710 function
35 1 2 3 96 1103 690 1126 710 of
35 1 2 4 96 1137 693 1272 710 momentum
35 1 2 5 96 1287 690 1405 716 (Equation
35 1 2 6 93 1419 689 1439 716 1)
35 1 2 7 92 1454 691 1536 716 higher-
35 1 3 1 96 861 727 939 746 energy
35 1 3 2 96 951 721 1051 745 particles
35 1 3 3 96 1063 722 1145 740 remain
35 1 3 4 96 1158 721 1288 745 anisotropic
35 1 3 5 95 1301 720 1332 740 for
35 1 3 6 96 1344 721 1417 746 longer
35 1 3 7 96 1429 721 1537 740 distances
35 1 4 1 96 861 750 1011 769 downstream.
35 1 4 2 96 1026 750 1072 769 The
35 1 4 3 96 1082 749 1155 769 effects
35 1 4 4 97 1165 749 1188 769 of
35 1 4 5 96 1196 750 1326 774 anisotropic
35 1 4 6 93 1336 750 1425 774 particle
35 1 4 7 90 1435 750 1536 769 distribu-
35 1 5 1 94 872 779 918 798 ions
35 1 5 2 96 927 779 969 798 will
35 1 5 3 96 977 779 1004 798 be
35 1 5 4 95 1013 779 1129 798 addressed
35 1 5 5 96 1138 780 1159 798 in
35 1 5 6 96 1168 778 1239 798 future
35 1 5 7 96 1248 779 1312 803 work;
35 1 5 8 96 1323 779 1354 798 for
35 1 5 9 96 1363 785 1410 798 now
35 1 5 10 96 1418 785 1449 798 we
35 1 5 11 96 1458 779 1537 804 merely
35 1 6 1 96 861 815 912 827 note
35 1 6 2 96 922 808 959 827 the
35 1 6 3 96 971 808 1106 832 assumption
35 1 6 4 96 1116 808 1181 833 being
35 1 6 5 96 1191 808 1260 827 made.
35 2 1 1 96 911 837 957 856 The
35 2 1 2 96 969 844 1056 861 spectra
35 2 1 3 96 1067 837 1181 861 presented
35 2 1 4 96 1193 838 1215 856 in
35 2 1 5 96 1227 837 1304 862 Figure
35 2 1 6 96 1317 838 1328 856 2
35 2 1 7 96 1341 837 1369 856 do
35 2 1 8 96 1381 839 1419 856 not
35 2 1 9 93 1432 844 1469 856 use
35 2 1 10 92 1482 837 1536 856 arbi-
35 2 2 1 96 872 874 921 899 rary
35 2 2 2 96 931 868 995 886 units.
35 2 2 3 96 1011 866 1072 887 Since
35 2 2 4 96 1082 870 1194 886 upstream
35 2 2 5 88 1204 873 1280 907 escape
35 2 2 6 95 1290 868 1307 886 is
35 2 2 7 95 1318 867 1430 892 negligible
35 2 2 8 95 1442 866 1479 892 (no
35 2 2 9 92 1489 874 1536 899 par-
35 2 3 1 96 872 896 921 915 icles
35 2 3 2 96 931 896 1022 920 escaped
35 2 3 3 96 1032 896 1109 921 during
35 2 3 4 96 1119 896 1156 915 the
35 2 3 5 86 1165 895 1179 915 fi
35 2 3 6 0 1386 912 1390 920 *
35 2 4 1 97 872 925 898 944 he
35 2 4 2 94 910 925 951 944 last
35 2 4 3 95 964 927 1006 944 two
35 2 4 4 97 1018 927 1077 949 steps
35 2 4 5 97 1089 925 1126 944 the
35 2 4 6 96 1139 926 1239 950 escaping
35 2 4 7 96 1251 924 1296 944 flux
35 2 4 8 96 1307 932 1350 944 was
35 2 4 9 96 1362 925 1397 944 less
35 2 4 10 93 1415 925 1469 944 than
35 2 4 11 31 1483 921 1535 945 10~°
35 2 5 1 96 861 954 884 973 of
35 2 5 2 96 905 954 947 973 the
35 2 5 3 96 944 955 1051 979 incoming
35 2 5 4 96 1062 960 1140 979 energy
35 2 5 5 96 1152 953 1213 980 flux),
35 2 5 6 97 1227 954 1270 973 and
35 2 5 7 96 1282 955 1339 973 since
35 2 5 8 96 1351 954 1387 973 the
35 2 5 9 96 1400 953 1504 979 difficulty
35 2 5 10 96 1516 953 1539 973 of
35 2 6 1 96 861 984 978 1009 scattering
35 2 6 2 96 993 986 1104 1008 upstream
35 2 6 3 96 1118 985 1201 1009 against
35 2 6 4 96 1217 991 1223 1003 a
35 2 6 5 96 1243 984 1369 1003 relativistic
35 2 6 6 96 1383 984 1449 1003 shock
35 2 6 7 96 1463 991 1537 1003 means
35 2 7 1 96 861 1015 917 1032 most
35 2 7 2 96 928 1013 1028 1037 particles
35 2 7 3 96 1039 1020 1074 1032 are
35 2 7 4 96 1084 1013 1234 1037 downstream,
35 2 7 5 96 1246 1013 1283 1032 the
35 2 7 6 96 1293 1013 1348 1032 total
35 2 7 7 96 1358 1013 1448 1032 number
35 2 7 8 93 1458 1012 1481 1032 of
35 2 7 9 93 1489 1020 1536 1037 par-
35 2 8 1 97 872 1042 921 1061 icles
35 2 8 2 96 932 1043 954 1061 in
35 2 8 3 96 965 1042 1017 1061 each
35 2 8 4 96 1028 1045 1138 1066 spectrum
35 2 8 5 96 1149 1043 1166 1061 is
35 2 8 6 96 1177 1042 1214 1061 the
35 2 8 7 96 1225 1042 1315 1061 number
35 2 8 8 96 1326 1041 1350 1061 of
35 2 8 9 96 1358 1042 1459 1066 particles
35 2 8 10 96 1470 1044 1536 1066 swept
35 2 9 1 95 861 1078 890 1095 up
35 2 9 2 92 904 1073 926 1090 at
35 2 9 3 92 940 1078 953 1090 a
35 2 9 4 95 966 1072 1028 1096 given
35 2 9 5 96 1041 1072 1093 1090 time
35 2 9 6 96 1106 1073 1160 1095 step.
35 2 9 7 95 1184 1070 1213 1090 As
35 2 9 8 96 1227 1077 1285 1095 such,
35 2 9 9 96 1300 1071 1337 1090 the
35 2 9 10 96 1351 1074 1437 1095 spectra
35 2 9 11 96 1450 1077 1485 1090 are
35 2 9 12 96 1498 1073 1536 1090 not
35 2 10 1 96 861 1106 911 1125 only
35 2 10 2 96 922 1100 1043 1125 absolutely
35 2 10 3 96 1054 1100 1185 1119 normalized
35 2 10 4 96 1196 1100 1272 1119 within
35 2 10 5 96 1282 1100 1334 1119 each
35 2 10 6 96 1345 1100 1423 1119 model:
35 2 10 7 96 1439 1100 1491 1125 they
35 2 10 8 96 1502 1106 1537 1119 are
35 2 11 1 96 861 1130 992 1149 normalized
35 2 11 2 96 1002 1130 1099 1149 between
35 2 11 3 96 1110 1130 1192 1149 models
35 2 11 4 96 1203 1137 1226 1149 as
35 2 11 5 96 1236 1130 1288 1149 well.
35 3 1 1 96 911 1159 969 1178 Both
35 3 1 2 93 987 1159 1024 1178 the
35 3 1 3 91 1042 1158 1142 1184 CR-only
35 3 1 4 96 1159 1165 1207 1178 case
35 3 1 5 96 1226 1165 1264 1178 and
35 3 1 6 96 1287 1159 1323 1178 TP
35 3 1 7 96 1341 1159 1405 1178 model
35 3 1 8 93 1431 1159 1496 1178 result
35 3 1 9 96 1515 1160 1537 1178 in
35 3 2 1 96 861 1195 911 1213 very
35 3 2 2 96 923 1188 999 1212 simple
35 3 2 3 96 1011 1190 1103 1212 spectra.
35 3 2 4 96 1123 1188 1175 1207 This
35 3 2 5 96 1187 1188 1204 1207 is
35 3 2 6 96 1216 1188 1371 1213 unsurprising,
35 3 2 7 96 1385 1195 1408 1207 as
35 3 2 8 96 1420 1188 1472 1213 they
35 3 2 9 96 1483 1194 1537 1207 were
35 3 3 1 96 861 1217 963 1242 designed
35 3 3 2 96 978 1219 1002 1236 to
35 3 3 3 96 1017 1217 1135 1241 reproduce
35 3 3 4 96 1162 1217 1188 1236 the
35 3 3 5 96 1204 1217 1279 1241 simple
35 3 3 6 96 1295 1224 1365 1241 power
35 3 3 7 95 1381 1217 1431 1236 laws
35 3 3 8 95 1447 1217 1500 1236 used
35 3 3 9 95 1515 1218 1537 1236 in
35 3 4 1 95 872 1247 898 1266 he
35 3 4 2 95 911 1247 1016 1266 standard
35 3 4 3 96 1029 1247 1171 1272 synchrotron
35 3 4 4 96 1184 1247 1256 1266 model
35 3 4 5 92 1277 1254 1301 1266 for
35 3 4 6 92 1314 1246 1440 1272 afterglows.
35 3 4 7 96 1463 1247 1487 1266 In
35 3 4 8 96 1515 1254 1537 1266 the
35 3 5 1 93 861 1276 898 1295 TP
35 3 5 2 89 910 1276 1000 1295 model’s
35 3 5 3 96 1012 1278 1104 1300 spectra,
35 3 5 4 96 1118 1276 1178 1295 there
35 3 5 5 96 1190 1277 1207 1295 is
35 3 5 6 96 1219 1283 1232 1295 a
35 3 5 7 92 1243 1276 1336 1295 thermal
35 3 5 8 47 1347 1272 1424 1301 peak?°
35 3 5 9 93 1438 1275 1461 1295 of
35 3 5 10 93 1471 1277 1536 1301 parti-
35 3 6 1 96 861 1305 902 1324 cles
35 3 6 2 96 915 1305 954 1324 that
35 3 6 3 96 977 1312 1046 1324 crossed
35 3 6 4 96 1074 1305 1111 1324 the
35 3 6 5 96 1123 1305 1189 1324 shock
35 3 6 6 96 1201 1312 1253 1324 once
35 3 6 7 96 1267 1304 1316 1330 (but
35 3 6 8 95 1329 1305 1365 1324 did
35 3 6 9 96 1378 1312 1405 1324 not
35 3 6 10 96 1428 1307 1488 1324 enter
35 3 6 11 96 1515 1312 1537 1324 the
35 3 7 1 96 861 1334 1003 1353 acceleration
35 3 7 2 96 1016 1333 1119 1360 process),
35 3 7 3 96 1136 1334 1179 1353 and
35 3 7 4 96 1193 1341 1205 1353 a
35 3 7 5 96 1219 1334 1270 1359 high
35 3 7 6 96 1283 1340 1361 1359 energy
35 3 7 7 96 1375 1334 1414 1353 tail
35 3 7 8 93 1427 1333 1450 1353 of
35 3 7 9 92 1462 1334 1536 1353 shock-
35 3 8 1 96 861 1363 993 1382 accelerated
35 3 8 2 95 1009 1363 1109 1387 particles
35 3 8 3 95 1125 1369 1153 1382 out
35 3 8 4 96 1179 1365 1202 1382 to
35 3 8 5 96 1218 1370 1231 1382 a
35 3 8 6 96 1245 1364 1364 1382 maximum
35 3 8 7 96 1379 1369 1461 1388 energy.
35 3 8 8 96 1491 1363 1537 1382 The
35 3 9 1 90 872 1393 954 1412 hermal
35 3 9 2 96 966 1393 1022 1417 peak
35 3 9 3 96 1035 1393 1073 1412 has
35 3 9 4 96 1086 1393 1141 1412 been
35 3 9 5 96 1154 1393 1238 1412 excised
35 3 9 6 96 1251 1392 1306 1412 from
35 3 9 7 93 1319 1393 1356 1412 the
35 3 9 8 92 1369 1392 1469 1418 CR-only
35 3 9 9 96 1488 1400 1536 1417 case,
35 3 10 1 96 861 1422 923 1441 while
35 3 10 2 96 934 1422 1024 1447 keeping
35 3 10 3 96 1035 1422 1072 1441 the
35 3 10 4 96 1084 1422 1249 1441 normalization
35 3 10 5 97 1260 1421 1283 1441 of
35 3 10 6 96 1293 1422 1425 1441 accelerated
35 3 10 7 96 1437 1423 1537 1446 particles
35 3 11 1 96 872 1451 898 1470 he
35 3 11 2 96 910 1458 975 1470 same.
35 3 11 3 94 996 1451 1020 1470 In
35 3 11 4 94 1033 1451 1053 1470 all
35 3 11 5 95 1073 1457 1131 1470 cases
35 3 11 6 96 1144 1453 1181 1470 the
35 3 11 7 96 1194 1451 1287 1475 spectral
35 3 11 8 96 1299 1451 1363 1470 index
35 3 11 9 96 1375 1451 1399 1470 of
35 3 11 10 96 1420 1451 1446 1470 the
35 3 11 11 96 1458 1458 1537 1475 proton
35 3 12 1 96 861 1480 1012 1499 distributions
35 3 12 2 96 1025 1480 1134 1499 decreases
35 3 12 3 96 1146 1480 1199 1499 with
35 3 12 4 96 1211 1481 1270 1504 time,
35 3 12 5 97 1284 1487 1307 1499 as
35 3 12 6 96 1319 1480 1356 1499 the
35 3 12 7 96 1369 1480 1435 1499 shock
35 3 12 8 96 1447 1480 1536 1499 Lorentz
35 3 13 1 77 870 1512 930 1529 actor
35 3 13 2 96 939 1510 1004 1534 drops
35 3 13 3 93 1015 1508 1058 1536 (see
35 3 13 4 79 1068 1510 1149 1529 Keshet
35 3 13 5 79 1159 1509 1178 1530 &
35 3 13 6 96 1188 1501 1294 1529 Waxman
35 3 13 7 96 1304 1510 1363 1534 2005;
35 3 13 8 96 1375 1510 1455 1529 Ellison
35 3 13 9 96 1465 1509 1535 1536 2005).
35 4 1 1 96 911 1538 972 1559 Since
35 4 1 2 96 988 1541 1078 1563 protons
35 4 1 3 96 1094 1540 1219 1563 experience
35 4 1 4 74 1235 1546 1263 1558 no
35 4 1 5 74 1279 1539 1344 1558 losses
35 4 1 6 96 1360 1530 1422 1558 while
35 4 1 7 91 1438 1539 1490 1564 they
35 4 1 8 91 1506 1540 1536 1558 in-
35 4 2 1 91 872 1570 929 1587 eract
35 4 2 2 96 944 1568 996 1587 with
35 4 2 3 96 1010 1568 1047 1587 the
35 4 2 4 96 1060 1568 1132 1592 shock,
35 4 2 5 96 1148 1568 1185 1587 the
35 4 2 6 96 1198 1568 1338 1593 high-energy
35 4 2 7 96 1351 1570 1452 1587 turnover
35 4 2 8 96 1465 1567 1489 1587 of
35 4 2 9 96 1515 1575 1537 1587 the
35 4 3 1 96 862 1596 898 1617 CR
35 4 3 2 96 914 1597 952 1616 tail
35 4 3 3 96 966 1598 983 1616 is
35 4 3 4 96 997 1597 1039 1616 due
35 4 3 5 96 1063 1604 1076 1616 to
35 4 3 6 96 1090 1597 1127 1616 the
35 4 3 7 96 1141 1597 1195 1616 limit
35 4 3 8 96 1210 1604 1238 1616 on
35 4 3 9 96 1252 1597 1394 1616 acceleration
35 4 3 10 95 1415 1598 1465 1616 time.
35 4 3 11 96 1491 1597 1537 1616 The
35 4 4 1 96 861 1626 972 1650 electrons,
35 4 4 2 96 982 1626 1011 1651 by
35 4 4 3 96 1019 1628 1122 1650 contrast,
35 4 4 4 96 1132 1627 1257 1650 experience
35 4 4 5 96 1266 1625 1386 1651 significant
35 4 4 6 96 1395 1626 1537 1651 synchrotron
35 4 5 1 93 869 1663 926 1675 osses
35 4 5 2 96 939 1657 960 1675 in
35 4 5 3 96 984 1656 1009 1675 the
35 4 5 4 96 1022 1657 1104 1675 intense
35 4 5 5 96 1117 1657 1225 1681 magnetic
35 4 5 6 96 1237 1656 1297 1675 fields
35 4 5 7 96 1310 1656 1454 1675 downstream
35 4 5 8 96 1467 1655 1490 1675 of
35 4 5 9 96 1515 1663 1537 1675 the
35 4 6 1 96 861 1685 933 1704 shock.
35 4 6 2 96 949 1685 994 1704 The
35 4 6 3 96 1005 1685 1056 1704 slow
35 4 6 4 96 1066 1686 1160 1704 increase
35 4 6 5 96 1171 1685 1193 1704 in
35 4 6 6 96 1203 1685 1240 1704 the
35 4 6 7 96 1251 1686 1369 1704 maximum
35 4 6 8 96 1380 1691 1458 1710 energy
35 4 6 9 96 1468 1684 1491 1704 of
35 4 6 10 96 1519 1691 1537 1704 the
35 4 7 1 96 861 1714 955 1733 electron
35 4 7 2 96 967 1716 1078 1738 spectrum
35 4 7 3 96 1090 1714 1107 1733 is
35 4 7 4 96 1119 1714 1161 1733 due
35 4 7 5 96 1173 1716 1196 1733 to
35 4 7 6 96 1209 1714 1323 1733 decreased
35 4 7 7 96 1335 1715 1480 1738 compression
35 4 7 8 96 1493 1714 1537 1733 also
35 4 8 1 91 869 1744 960 1768 owering
35 4 8 2 96 981 1743 1007 1762 the
35 4 8 3 96 1018 1744 1125 1768 magnetic
35 4 8 4 96 1136 1743 1186 1762 field
35 4 8 5 96 1197 1743 1239 1762 and
35 4 8 6 95 1250 1743 1334 1768 cooling
35 4 8 7 96 1344 1745 1397 1762 rate.
35 5 1 1 96 911 1772 957 1793 Our
35 5 1 2 96 971 1773 1047 1792 Monte
35 5 1 3 96 1062 1772 1126 1793 Carlo
35 5 1 4 96 1140 1773 1212 1792 model
35 5 1 5 96 1226 1773 1320 1797 predicts
35 5 1 6 96 1334 1773 1383 1792 that
35 5 1 7 96 1398 1775 1487 1797 protons
35 5 1 8 96 1502 1779 1537 1792 are
35 5 2 1 96 861 1802 927 1827 easily
35 5 2 2 95 943 1802 1075 1821 accelerated
35 5 2 3 95 1091 1802 1176 1827 beyond
35 5 2 4 96 1192 1802 1229 1821 the
35 5 2 5 96 1245 1802 1299 1821 knee
35 5 2 6 96 1315 1803 1336 1821 in
35 5 2 7 96 1352 1802 1389 1821 the
35 5 2 8 96 1405 1803 1484 1821 cosmic
35 5 2 9 96 1500 1809 1537 1827 ray
35 5 3 1 96 861 1833 977 1855 spectrum;
35 5 3 2 96 988 1831 1025 1850 the
35 5 3 3 96 1034 1831 1085 1856 high
35 5 3 4 96 1093 1832 1200 1856 magnetic
35 5 3 5 96 1209 1831 1276 1855 fields,
35 5 3 6 96 1286 1831 1399 1850 combined
35 5 3 7 93 1407 1831 1460 1850 with
35 5 3 8 91 1469 1832 1536 1855 pitch-
35 5 4 1 96 861 1860 923 1885 angle
35 5 4 2 96 935 1861 1058 1885 scattering,
35 5 4 3 96 1072 1860 1155 1879 confine
35 5 4 4 96 1167 1860 1204 1879 the
35 5 4 5 96 1217 1862 1306 1885 protons
35 5 4 6 95 1318 1862 1342 1879 to
35 5 4 7 96 1354 1867 1367 1879 a
35 5 4 8 96 1379 1860 1440 1879 small
35 5 4 9 96 1452 1860 1537 1879 volume
35 5 5 1 96 861 1890 944 1909 around
35 5 5 2 96 959 1893 996 1909 the
35 5 5 3 96 1011 1890 1083 1914 shock,
35 5 5 4 95 1101 1890 1144 1909 and
35 5 5 5 95 1160 1890 1220 1909 allow
35 5 5 6 95 1235 1889 1267 1909 for
35 5 5 7 96 1282 1897 1347 1915 many
35 5 5 8 96 1362 1890 1428 1909 shock
35 5 5 9 96 1443 1891 1537 1915 crossing
35 5 6 1 96 861 1919 929 1944 cycles
35 5 6 2 96 942 1920 964 1938 in
35 5 6 3 96 975 1919 1012 1938 the
35 5 6 4 96 1024 1919 1171 1938 time-limited
35 5 6 5 96 1183 1920 1278 1938 scenario
35 5 6 6 96 1291 1919 1404 1943 presented
35 5 6 7 96 1416 1919 1471 1938 here.
35 5 6 8 96 1491 1919 1537 1938 The
36 1 1 1 95 1499 399 1504 769 " "
37 1 1 1 95 957 487 963 798 " "
38 1 1 1 95 1024 518 1030 856 " "
39 1 1 1 95 1100 428 1102 891 " "
40 1 1 1 95 1180 898 1408 944 "  "
41 1 1 1 95 864 664 865 1061 " "
42 1 1 1 95 896 810 899 1119 " "
43 1 1 1 95 1268 898 1272 1236 " "
44 1 1 1 95 1267 898 1275 1266 " "
45 1 1 1 95 1482 1400 1508 1412 " "
46 1 1 1 95 1156 1130 1160 1470 " "
47 1 1 1 95 959 1159 962 1499 " "
48 1 1 1 95 1411 1159 1414 1616 " "
49 1 1 1 95 1055 1305 1060 1616 " "
50 1 1 1 95 1502 1249 1505 1704 " "
51 1 1 1 95 1500 1363 1507 1704 " "
52 1 1 1 95 863 1249 867 1762 " "
53 1 1 1 95 973 1276 983 1909 " "
54 1 1 1 95 1515 1247 1519 1938 " "
55 1 1 1 91 885 1967 903 1978 25
55 1 1 2 91 917 1970 956 1985 The
55 1 1 3 95 969 1972 1016 1985 term
55 1 1 4 95 1031 1970 1127 1985 “thermal”
55 1 1 5 95 1143 1970 1157 1985 is
55 1 1 6 96 1170 1970 1213 1985 used
55 1 1 7 96 1226 1970 1268 1990 only
55 1 1 8 96 1281 1972 1300 1985 to
55 1 1 9 96 1313 1969 1382 1990 specify
55 1 1 10 96 1394 1970 1446 1985 those
55 1 1 11 96 1458 1970 1537 1985 shocked
55 1 2 1 96 861 1994 946 2013 particles
55 1 2 2 96 956 1994 997 2009 that
55 1 2 3 96 1008 1994 1059 2009 don’t
55 1 2 4 96 1070 1995 1120 2009 enter
55 1 2 5 96 1130 1994 1161 2009 the
55 1 2 6 95 1171 1994 1229 2009 Fermi
55 1 2 7 95 1239 1994 1359 2009 acceleration
55 1 2 8 96 1369 1999 1447 2013 process.
55 1 2 9 93 1462 1994 1501 2009 The
55 1 2 10 91 1511 1999 1536 2009 re-
55 1 3 1 96 861 2017 907 2032 sults
55 1 3 2 96 917 2022 942 2032 we
55 1 3 3 96 952 2017 1016 2032 obtain
55 1 3 4 95 1026 2017 1044 2032 in
55 1 3 5 95 1055 2022 1078 2032 no
55 1 3 6 96 1088 2022 1126 2037 way
55 1 3 7 96 1136 2017 1206 2036 require
55 1 3 8 96 1216 2022 1236 2032 or
55 1 3 9 96 1246 2022 1329 2036 presume
55 1 3 10 96 1339 2017 1380 2032 that
55 1 3 11 96 1391 2017 1442 2032 these
55 1 3 12 95 1452 2017 1537 2036 particles
55 1 4 1 96 861 2040 969 2059 equilibrate
55 1 4 2 96 978 2040 996 2055 in
55 1 4 3 96 1006 2045 1016 2055 a
55 1 4 4 95 1025 2040 1184 2060 thermodynamic
55 1 4 5 96 1194 2045 1250 2055 sense.
