block para line word confidence X1 Y1 X2 Y2 token
1 1 1 1 96 151 891 201 910 FIG.
1 1 1 2 93 212 892 229 910 3.
1 1 1 3 92 245 890 315 915 (a)-(d)
1 1 1 4 96 327 892 469 914 Temperature
1 1 1 5 96 479 892 606 914 dependence
1 1 1 6 97 615 891 636 909 of
1 1 1 7 45 644 898 657 914 7
1 1 1 8 96 667 898 734 909 versus
1 1 1 9 43 744 892 776 912 Er
1 1 1 10 96 787 892 829 914 plot
1 1 2 1 94 151 923 171 938 at
1 1 2 2 89 186 920 214 941 A;
1 1 2 3 93 233 929 249 935 =
1 1 2 4 92 265 921 328 939 OmeV
1 1 2 5 96 342 921 381 938 and
1 1 2 6 95 395 920 438 938 four
1 1 2 7 96 452 920 542 938 different
1 1 2 8 83 557 920 576 942 6.
1 1 2 9 90 603 920 672 944 (e)-(h)
1 1 2 10 96 688 921 830 943 Temperature
1 1 3 1 96 151 950 278 972 dependence
1 1 3 2 95 287 949 308 967 of
1 1 3 3 70 315 956 328 972 7
1 1 3 4 96 337 956 405 967 versus
1 1 3 5 40 414 950 447 970 Er
1 1 3 6 95 458 950 500 972 plot
1 1 3 7 96 510 952 530 967 at
1 1 3 8 96 540 949 568 970 Ay
1 1 3 9 92 581 958 598 964 =
1 1 3 10 91 609 950 683 968 15meV
1 1 3 11 96 693 950 732 967 and
1 1 3 12 93 741 949 784 967 four
1 1 3 13 92 794 949 829 967 dif-
1 1 4 1 73 158 981 213 996 erent
1 1 4 2 86 223 978 243 1001 6.
1 1 4 3 93 257 985 279 999 vo
1 1 4 4 26 290 979 379 997 =0.1eV
1 1 4 5 95 388 979 408 996 in
1 1 4 6 95 418 979 444 996 all
1 1 4 7 96 453 979 488 996 the
1 1 4 8 96 497 979 550 1001 eight
1 1 4 9 96 561 979 619 1001 plots.
1 1 4 10 96 634 978 697 997 Other
1 1 4 11 96 707 981 830 1001 parameters
1 1 5 1 96 151 1014 183 1025 are
1 1 5 2 95 193 1008 227 1025 the
1 1 5 3 96 237 1014 292 1025 same
1 1 5 4 96 302 1014 323 1025 as
1 1 5 5 93 333 1008 353 1025 in
1 1 5 6 92 363 1008 424 1030 Fig.2.
1 1 5 7 96 438 1008 478 1025 and
1 1 5 8 96 488 1008 528 1030 Fig.
1 1 5 9 96 544 1009 560 1025 1.
2 1 1 1 92 161 1100 188 1119 he
2 1 1 2 85 198 1099 238 1123 Cg,
2 1 1 3 96 250 1102 369 1125 symmetry
2 1 1 4 96 379 1100 396 1119 is
2 1 1 5 96 406 1100 486 1119 broken
2 1 1 6 96 496 1100 524 1125 by
2 1 1 7 96 534 1100 571 1119 the
2 1 1 8 93 581 1100 670 1119 adatom
2 1 1 9 15 680 1106 820 1125 arrangemen'
2 1 2 1 96 150 1132 226 1151 within
2 1 2 2 96 238 1132 275 1151 the
2 1 2 3 96 288 1132 383 1151 clusters.
2 1 2 4 96 404 1131 466 1152 Close
2 1 2 5 90 478 1134 502 1151 to
2 1 2 6 90 522 1131 529 1156 6
2 1 2 7 95 542 1141 560 1147 =
2 1 2 8 67 576 1132 589 1161 7
2 1 2 9 95 604 1132 641 1151 the
2 1 2 10 96 653 1132 763 1151 deviation
2 1 2 11 96 775 1131 830 1151 from
2 1 3 1 92 151 1164 239 1184 Rashba
2 1 3 2 95 248 1164 290 1183 and
2 1 3 3 95 299 1164 336 1183 the
2 1 3 4 96 345 1163 426 1188 perfect
2 1 3 5 69 437 1163 476 1187 Cg,
2 1 3 6 95 488 1164 611 1189 symmetric
2 1 3 7 96 620 1164 726 1183 situation
2 1 3 8 96 734 1165 751 1183 is
2 1 3 9 96 761 1164 828 1183 small.
2 1 4 1 96 151 1195 186 1216 On
2 1 4 2 96 195 1196 232 1215 the
2 1 4 3 96 242 1196 304 1215 other
2 1 4 4 96 313 1196 378 1220 hand,
2 1 4 5 93 389 1196 468 1221 having
2 1 4 6 5 479 1196 515 1224 —}
2 1 4 7 92 528 1200 545 1216 <
2 1 4 8 52 556 1196 571 1220 8
2 1 4 9 93 582 1200 599 1216 <
2 1 4 10 96 606 1191 616 1228 0
2 1 4 11 96 631 1197 725 1220 requires
2 1 4 12 96 734 1202 747 1215 a
2 1 4 13 96 756 1198 830 1221 strong
2 1 5 1 92 166 1228 253 1253 reaking
2 1 5 2 96 264 1228 287 1247 of
2 1 5 3 96 295 1228 332 1247 the
2 1 5 4 67 344 1227 383 1251 Cg,
2 1 5 5 96 396 1230 519 1253 symmetry.
2 2 1 1 95 178 1260 202 1279 In
2 2 1 2 96 217 1260 261 1285 Fig.
2 2 1 3 96 278 1261 296 1284 1,
2 2 1 4 96 312 1267 342 1279 we
2 2 1 5 96 357 1260 415 1279 show
2 2 1 6 96 429 1260 466 1279 the
2 2 1 7 96 481 1260 618 1285 dependence
2 2 1 8 96 632 1259 655 1279 of
2 2 1 9 96 668 1260 705 1279 the
2 2 1 10 96 719 1261 767 1284 spin
2 2 1 11 96 782 1260 822 1279 Hal
2 2 2 1 92 151 1291 212 1316 angle
2 2 2 2 82 223 1298 237 1315 y
2 2 2 3 96 249 1291 291 1310 and
2 2 2 4 96 302 1291 339 1310 the
2 2 2 5 96 350 1293 461 1316 transport
2 2 2 6 96 473 1297 530 1310 cross
2 2 2 7 96 541 1292 623 1310 section
2 2 2 8 67 634 1291 671 1317 Uj.
2 2 2 9 95 684 1293 706 1310 at
2 2 2 10 93 718 1298 765 1310 zero
2 2 2 11 92 776 1293 829 1310 tem-
2 2 3 1 96 167 1325 251 1342 erature
2 2 3 2 96 264 1330 292 1342 on
2 2 3 3 96 305 1323 342 1342 the
2 2 3 4 96 355 1324 432 1342 carrier
2 2 3 5 93 445 1329 523 1348 energy
2 2 3 6 69 536 1323 556 1342 E
2 2 3 7 97 577 1330 600 1342 for
2 2 3 8 96 613 1322 711 1342 different
2 2 3 9 92 724 1323 796 1342 values
2 2 3 10 88 809 1330 821 1342 o
2 2 4 1 92 172 1355 250 1380 rength
2 2 4 2 97 260 1355 284 1374 of
2 2 4 3 96 292 1355 330 1374 the
2 2 4 4 96 341 1355 409 1374 scalar
2 2 4 5 96 420 1355 526 1380 potential
2 2 4 6 80 537 1362 561 1378 vo
2 2 4 7 93 574 1364 592 1370 =
2 2 4 8 71 604 1351 676 1381 Ao/R?
2 2 4 9 95 691 1353 725 1381 (cf.
2 2 4 10 96 742 1355 780 1379 Eq.
2 2 4 11 96 795 1354 828 1381 11)
2 2 5 1 79 159 1393 182 1406 or
2 2 5 2 93 194 1394 207 1406 a
2 2 5 3 94 218 1387 291 1406 rather
2 2 5 4 93 303 1387 433 1411 anisotropic
2 2 5 5 91 446 1387 583 1407 Rashba-like
2 2 5 6 96 596 1386 650 1407 SOC
2 2 5 7 96 663 1387 830 1412 corresponding
2 2 6 1 86 161 1425 174 1438 o
2 2 6 2 57 187 1418 202 1443 8
2 2 6 3 90 216 1428 234 1434 =
2 2 6 4 80 250 1417 319 1445 —7/8.
2 2 6 5 96 341 1419 359 1438 It
2 2 6 6 96 373 1425 413 1438 can
2 2 6 7 96 426 1419 453 1438 be
2 2 6 8 96 466 1425 515 1438 seen
2 2 6 9 96 528 1419 567 1438 that
2 2 6 10 96 590 1419 627 1438 the
2 2 6 11 93 640 1419 796 1438 enhancement
2 2 6 12 89 809 1426 821 1438 o
2 2 7 1 85 169 1458 187 1470 ne
2 2 7 2 96 202 1452 250 1475 spin
2 2 7 3 96 264 1451 313 1470 Hall
2 2 7 4 96 327 1451 389 1476 angle
2 2 7 5 96 403 1451 446 1470 still
2 2 7 6 96 460 1451 521 1470 takes
2 2 7 7 96 535 1451 595 1475 place
2 2 7 8 96 610 1451 693 1470 around
2 2 7 9 96 707 1451 744 1470 the
2 2 7 10 96 758 1451 830 1470 values
2 2 8 1 71 171 1481 174 1485 f
2 2 8 2 71 191 1482 204 1501 E
2 2 8 3 96 218 1481 250 1501 for
2 2 8 4 93 262 1482 331 1501 which
2 2 8 5 0 345 1480 425 1508 ¥j,(E)
2 2 8 6 95 440 1482 533 1501 exhibits
2 2 8 7 96 547 1489 559 1501 a
2 2 8 8 96 576 1482 633 1506 peak,
2 2 8 9 96 648 1482 697 1501 that
2 2 8 10 96 711 1483 734 1506 is,
2 2 8 11 93 749 1489 762 1501 a
2 2 8 12 93 774 1484 829 1501 scat-
2 2 9 1 96 161 1515 220 1539 ering
2 2 9 2 96 234 1521 355 1533 resonance.
2 2 9 3 96 380 1514 432 1533 This
2 2 9 4 96 447 1515 464 1533 is
2 2 9 5 96 478 1515 499 1533 in
2 2 9 6 96 513 1516 635 1539 agreement
2 2 9 7 96 649 1514 702 1533 with
2 2 9 8 96 715 1517 773 1533 what
2 2 9 9 96 787 1521 830 1533 was
2 2 10 1 96 151 1546 238 1571 already
2 2 10 2 96 250 1546 339 1570 pointed
2 2 10 3 96 352 1548 389 1565 out
2 2 10 4 96 403 1547 424 1565 in
2 2 10 5 95 437 1545 482 1566 Ref.
2 2 10 6 95 498 1547 522 1566 10
2 2 10 7 96 535 1545 567 1565 for
2 2 10 8 96 579 1546 616 1565 the
2 2 10 9 93 628 1546 730 1570 isotropic
2 2 10 10 92 743 1546 831 1566 Rashba
2 2 11 1 96 151 1577 212 1598 SOC.
2 2 11 2 96 226 1578 352 1603 Physically,
2 2 11 3 96 366 1578 409 1597 this
2 2 11 4 96 422 1579 439 1597 is
2 2 11 5 96 452 1578 496 1597 also
2 2 11 6 96 509 1578 620 1602 expected,
2 2 11 7 96 634 1578 726 1597 because
2 2 11 8 92 739 1580 761 1597 at
2 2 11 9 92 774 1585 829 1597 reso-
2 2 12 1 96 150 1617 218 1629 nance
2 2 12 2 96 231 1610 268 1629 the
2 2 12 3 96 281 1610 399 1635 scattering
2 2 12 4 96 411 1610 505 1629 electron
2 2 12 5 96 518 1617 541 1629 or
2 2 12 6 96 554 1610 602 1629 hole
2 2 12 7 96 615 1610 695 1634 spends
2 2 12 8 96 708 1613 764 1629 most
2 2 12 9 96 777 1611 830 1629 time
2 2 13 1 95 151 1648 202 1660 near
2 2 13 2 95 215 1641 252 1660 the
2 2 13 3 96 284 1643 370 1660 scatterer
2 2 13 4 96 385 1641 427 1660 and
2 2 13 5 96 441 1640 547 1660 therefore
2 2 13 6 96 561 1641 567 1660 it
2 2 13 7 96 592 1648 632 1660 can
2 2 13 8 96 647 1641 691 1660 also
2 2 13 9 96 705 1642 830 1660 experience
2 2 14 1 96 166 1680 187 1692 he
2 2 14 2 95 198 1672 260 1692 effect
2 2 14 3 95 272 1672 295 1692 of
2 2 14 4 96 303 1673 340 1692 the
2 2 14 5 96 352 1673 429 1698 locally
2 2 14 6 95 440 1673 532 1692 induced
2 2 14 7 96 543 1672 604 1693 SOC.
2 2 14 8 96 617 1673 663 1692 The
2 2 14 9 96 674 1673 829 1692 enhancement
2 2 15 1 92 150 1712 163 1724 of
2 2 15 2 19 184 1712 198 1730 ¥
2 2 15 3 96 210 1706 227 1724 is
2 2 15 4 96 240 1705 368 1729 suppressed
2 2 15 5 96 381 1707 403 1724 at
2 2 15 6 95 416 1705 473 1730 large
2 2 15 7 96 484 1705 557 1724 values
2 2 15 8 95 569 1704 592 1724 of
2 2 15 9 86 602 1712 634 1728 vo.
2 2 15 10 96 654 1705 684 1724 To
2 2 15 11 96 696 1705 830 1724 understand
2 2 16 1 96 166 1737 194 1756 his
2 2 16 2 96 206 1736 268 1756 effect
2 2 16 3 96 280 1737 433 1762 qualitatively,
2 2 16 4 94 447 1737 476 1756 let
2 2 16 5 94 489 1744 513 1756 us
2 2 16 6 96 525 1737 589 1756 recall
2 2 16 7 92 600 1737 649 1756 that
2 2 16 8 74 661 1744 676 1761 y
2 2 16 9 96 689 1737 731 1756 and
2 2 16 10 37 744 1737 781 1763 Dj,
2 2 16 11 96 795 1744 830 1756 are
2 2 17 1 81 158 1769 205 1788 poth
2 2 17 2 96 219 1769 352 1788 determined
2 2 17 3 96 366 1769 394 1794 by
2 2 17 4 93 407 1769 444 1788 the
2 2 17 5 91 457 1769 572 1793 T-matrix,
2 2 17 6 96 587 1769 656 1788 which
2 2 17 7 96 669 1769 735 1794 obeys
2 2 17 8 96 748 1769 785 1788 the
2 2 17 9 96 799 1768 829 1789 LS
2 2 18 1 96 150 1801 259 1825 equation:
3 1 1 1 18 151 1362 160 1374 w
4 1 1 1 95 824 1102 829 1438 " "
5 1 1 1 81 150 1489 163 1501 °
6 1 1 1 95 154 979 156 1533 " "
7 1 1 1 95 277 1616 303 1633 " "
7 1 2 1 95 267 1648 290 1660 " "
8 1 1 1 95 571 1324 579 1660 " "
9 1 1 1 95 737 1394 739 1724 " "
10 1 1 1 95 166 1357 169 1756 " "
11 1 1 1 95 153 979 157 1788 " "
12 1 1 1 92 178 1985 248 2004 where
12 1 1 2 58 265 1983 340 2011 Gr(E)
12 1 1 3 96 359 1985 376 2004 is
12 1 1 4 96 393 1985 430 2004 the
12 1 1 5 93 447 1985 548 2004 retarded
12 1 1 6 93 566 1984 655 2005 Green’s
12 1 1 7 95 672 1984 770 2004 function
12 1 1 8 95 787 1985 830 2004 and
13 1 1 1 78 882 153 902 173 V
13 1 1 2 11 913 153 1078 177 =VW+Vsoc,
13 1 1 3 93 1092 153 1117 176 Vo
13 1 1 4 52 1130 160 1148 172 &
13 1 1 5 96 1159 160 1183 176 vo
13 1 1 6 96 1196 153 1261 178 being
13 1 1 7 96 1272 153 1309 172 the
13 1 1 8 96 1320 153 1388 172 scalar
13 1 1 9 96 1400 153 1506 177 potential
13 1 1 10 96 1518 153 1560 172 and
13 1 2 1 91 882 185 945 208 Vsoc
13 1 2 2 94 959 194 977 200 =
13 1 2 3 66 990 185 1014 208 Vi
13 1 2 4 96 1026 188 1044 206 +
13 1 2 5 80 1054 185 1085 208 Vr
13 1 2 6 96 1098 185 1135 204 the
13 1 2 7 95 1147 184 1201 205 SOC
13 1 2 8 96 1214 187 1262 209 part
13 1 2 9 96 1275 184 1298 204 of
13 1 2 10 96 1308 185 1345 204 the
13 1 2 11 96 1357 185 1469 209 potential.
13 1 2 12 96 1488 185 1512 204 In
13 1 2 13 96 1523 185 1561 204 the
13 1 3 1 96 881 216 936 235 limit
13 1 3 2 96 947 216 1017 235 where
13 1 3 3 94 1029 216 1054 240 Vo
13 1 3 4 70 1066 219 1090 237 >>
13 1 3 5 88 1102 216 1173 240 Vsoc,
13 1 3 6 96 1185 216 1222 235 the
13 1 3 7 96 1234 216 1328 235 solution
13 1 3 8 96 1338 218 1362 235 to
13 1 3 9 96 1373 216 1411 240 Eq.
13 1 3 10 96 1425 215 1469 242 (35)
13 1 3 11 96 1483 223 1523 235 can
13 1 3 12 96 1533 216 1561 235 be
13 1 4 1 96 883 247 981 274 (loosely)
13 1 4 2 95 993 249 1080 267 written
13 1 4 3 95 1091 255 1120 267 as:
14 1 1 1 95 988 372 1527 376 " "
15 1 1 1 0 1124 380 1203 387 -
15 1 1 2 25 1401 357 1408 406 |
16 1 1 1 96 909 478 978 497 where
16 1 1 2 96 988 478 1025 497 the
16 1 1 3 96 1036 478 1076 497 last
16 1 1 4 96 1087 479 1210 497 expression
16 1 1 5 96 1221 478 1302 503 applies
16 1 1 6 97 1312 480 1336 497 to
16 1 1 7 96 1346 478 1383 497 the
16 1 1 8 96 1393 478 1450 503 large
16 1 1 9 88 1461 478 1486 502 Vo
16 1 1 10 96 1497 478 1559 497 limit.
16 1 2 1 96 881 510 947 534 Thus,
16 1 2 2 96 964 512 987 529 to
16 1 2 3 95 1002 510 1087 535 leading
16 1 2 4 96 1101 510 1169 534 order,
16 1 2 5 96 1186 510 1223 529 the
16 1 2 6 96 1238 517 1294 529 cross
16 1 2 7 96 1309 511 1391 529 section
16 1 2 8 0 1407 510 1443 536 if,
16 1 2 9 92 1460 511 1476 529 is
16 1 2 10 92 1491 510 1560 529 deter-
16 1 3 1 96 881 542 954 561 mined
16 1 3 2 96 966 542 994 567 by
16 1 3 3 96 1006 542 1043 561 the
16 1 3 4 96 1055 541 1100 561 first
16 1 3 5 96 1124 548 1169 561 term
16 1 3 6 96 1181 541 1204 561 of
16 1 3 7 96 1214 542 1251 561 the
16 1 3 8 92 1264 542 1319 567 right
16 1 3 9 92 1332 542 1452 566 hand-side,
16 1 3 10 96 1466 542 1560 561 whereas
16 1 4 1 55 881 581 895 599 y
16 1 4 2 96 907 575 924 593 is
16 1 4 3 96 935 574 1069 593 determined
16 1 4 4 96 1080 574 1108 599 by
16 1 4 5 96 1118 574 1155 593 the
16 1 4 6 96 1166 574 1203 593 the
16 1 4 7 96 1215 574 1293 593 second
16 1 4 8 96 1304 576 1366 593 term.
16 1 4 9 93 1382 574 1460 598 Hence,
16 1 4 10 48 1472 581 1486 599 y
16 1 4 11 93 1498 574 1515 593 is
16 1 4 12 92 1526 580 1560 593 ex-
16 1 5 1 96 881 606 959 630 pected
16 1 5 2 96 969 608 993 625 to
16 1 5 3 95 1004 606 1102 625 decrease
16 1 5 4 95 1113 608 1135 625 at
16 1 5 5 96 1147 606 1203 631 large
16 1 5 6 92 1215 606 1240 629 Vo
16 1 5 7 88 1259 613 1268 625 «
16 1 5 8 96 1280 613 1312 630 vo,
16 1 5 9 96 1324 613 1347 625 as
16 1 5 10 96 1358 606 1431 625 shown
16 1 5 11 96 1442 606 1464 625 in
16 1 5 12 96 1474 606 1518 631 Fig.
16 1 5 13 95 1532 607 1549 625 1.
16 2 1 1 96 909 641 948 660 For
16 2 1 2 95 960 648 972 660 a
16 2 1 3 95 984 642 1045 666 given
16 2 1 4 96 1057 643 1088 660 set
16 2 1 5 96 1101 648 1113 660 of
16 2 1 6 92 1133 648 1165 665 vo,
16 2 1 7 68 1179 640 1219 665 Ay,
16 2 1 8 96 1233 641 1276 660 and
16 2 1 9 83 1288 640 1348 665 Agr,
16 2 1 10 95 1362 641 1405 666 Fig.
16 2 1 11 96 1420 642 1431 660 2
16 2 1 12 96 1443 641 1512 660 shows
16 2 1 13 96 1523 641 1561 660 the
16 2 2 1 96 881 673 999 692 behaviour
16 2 2 2 93 1008 672 1032 692 of
16 2 2 3 67 1039 680 1053 697 y
16 2 2 4 96 1063 673 1106 692 and
16 2 2 5 30 1117 673 1153 699 Xj,
16 2 2 6 96 1165 680 1188 692 as
16 2 2 7 96 1198 680 1210 692 a
16 2 2 8 96 1220 672 1317 692 function
16 2 2 9 96 1327 672 1350 692 of
16 2 2 10 96 1357 673 1394 692 the
16 2 2 11 93 1404 673 1498 692 incident
16 2 2 12 92 1508 673 1560 692 elec-
16 2 3 1 96 881 708 931 724 tron
16 2 3 2 93 939 711 1017 730 energy
16 2 3 3 33 1024 700 1036 734 F
16 2 3 4 96 1056 708 1078 724 at
16 2 3 5 95 1088 705 1185 724 different
16 2 3 6 96 1195 705 1267 724 values
16 2 3 7 96 1275 704 1298 724 of
16 2 3 8 96 1306 706 1430 730 anisotropy
16 2 3 9 96 1439 707 1561 729 parameter
16 2 4 1 71 881 737 903 761 3.
16 2 4 2 96 918 737 957 756 For
16 2 4 3 96 966 737 1003 756 the
16 2 4 4 96 1012 737 1083 756 values
16 2 4 5 96 1093 736 1116 756 of
16 2 4 6 71 1123 737 1138 761 6
16 2 4 7 96 1147 737 1203 756 close
16 2 4 8 96 1212 739 1235 756 to
16 2 4 9 96 1244 737 1306 756 those
16 2 4 10 96 1315 737 1482 762 corresponding
16 2 4 11 96 1491 739 1514 756 to
16 2 4 12 96 1523 737 1561 756 the
16 2 5 1 93 881 768 1040 787 non-standard
16 2 5 2 93 1050 768 1138 788 Rashba
16 2 5 3 96 1148 767 1202 788 SOC
16 2 5 4 82 1215 767 1256 793 (i.e.
16 2 5 5 95 1271 767 1303 787 for
16 2 5 6 81 1313 767 1328 792 6
16 2 5 7 0 1338 774 1357 785 *
16 2 5 8 90 1369 767 1424 797 —4),
16 2 5 9 96 1436 768 1473 787 the
16 2 5 10 96 1483 774 1561 793 energy
16 2 6 1 96 881 800 1019 824 dependence
16 2 6 2 96 1029 801 1046 819 is
16 2 6 3 96 1057 800 1153 825 strongly
16 2 6 4 96 1164 800 1272 819 modified.
16 2 6 5 96 1288 799 1323 820 On
16 2 6 6 96 1333 800 1370 819 the
16 2 6 7 96 1380 800 1442 819 other
16 2 6 8 96 1452 800 1517 824 hand,
16 2 6 9 96 1529 799 1561 819 for
16 2 7 1 96 881 832 918 851 the
16 2 7 2 97 928 839 976 851 case
16 2 7 3 96 986 831 1009 851 of
16 2 7 4 96 1017 839 1030 851 a
16 2 7 5 96 1040 832 1099 851 delta
16 2 7 6 96 1108 831 1206 851 function
16 2 7 7 95 1216 832 1328 856 potential,
16 2 7 8 95 1340 832 1377 851 the
16 2 7 9 96 1387 833 1512 857 anisotropy
16 2 7 10 96 1522 832 1560 851 has
16 2 8 1 94 882 871 894 883 a
16 2 8 2 94 904 864 944 883 less
16 2 8 3 96 955 864 1094 888 pronounced
16 2 8 4 80 1104 863 1166 883 effect
16 2 8 5 94 1177 871 1206 883 on
16 2 8 6 96 1216 864 1253 883 the
16 2 8 7 96 1264 871 1321 883 cross
16 2 8 8 96 1332 864 1414 883 section
16 2 8 9 69 1425 864 1469 890 Uf...
16 3 1 1 96 909 899 955 918 The
16 3 1 2 96 963 899 1110 918 observations
16 3 1 3 96 1118 899 1181 918 made
16 3 1 4 96 1189 899 1256 918 above
16 3 1 5 96 1264 899 1346 918 remain
16 3 1 6 95 1353 899 1432 924 largely
16 3 1 7 95 1440 899 1567 924 unchanged
16 3 2 1 96 881 931 943 950 when
16 3 2 2 96 957 931 994 950 the
16 3 2 3 95 1008 930 1070 950 effect
16 3 2 4 95 1085 930 1108 950 of
16 3 2 5 96 1120 931 1181 950 finite
16 3 2 6 96 1195 933 1342 955 temperature
16 3 2 7 96 1356 932 1373 950 is
16 3 2 8 96 1399 931 1453 950 taken
16 3 2 9 92 1467 931 1512 950 into
16 3 2 10 92 1527 937 1560 950 ac-
16 3 3 1 96 881 965 953 987 count,
16 3 3 2 96 968 970 1002 982 see
16 3 3 3 96 1014 963 1053 988 Fig
16 3 3 4 92 1066 964 1084 983 3.
16 3 3 5 95 1105 962 1135 982 As
16 3 3 6 96 1148 963 1222 982 shown
16 3 3 7 96 1234 963 1301 987 there,
16 3 3 8 96 1315 963 1408 982 thermal
16 3 3 9 96 1420 962 1560 982 fluctuations
16 3 4 1 96 882 995 924 1014 and
16 3 4 2 96 938 995 975 1014 the
16 3 4 3 96 990 995 1095 1014 associated
16 3 4 4 96 1124 996 1231 1020 smearing
16 3 4 5 96 1245 995 1268 1014 of
16 3 4 6 96 1279 995 1317 1014 the
16 3 4 7 96 1331 995 1399 1014 Fermi
16 3 4 8 96 1413 995 1559 1019 distribution,
16 3 5 1 96 881 1027 969 1046 smooth
16 3 5 2 96 982 1029 1020 1046 out
16 3 5 3 96 1034 1027 1071 1046 the
16 3 5 4 96 1085 1027 1174 1051 sharper
16 3 5 5 96 1187 1026 1280 1046 features
16 3 5 6 96 1294 1026 1317 1046 of
16 3 5 7 96 1329 1027 1365 1046 the
16 3 5 8 96 1381 1026 1467 1053 (Fermi)
16 3 5 9 96 1483 1033 1561 1052 energy
16 3 6 1 91 896 1058 1019 1083 lependence
16 3 6 2 47 1033 1058 1068 1082 Ey
16 3 6 3 93 1083 1057 1106 1077 of
16 3 6 4 52 1117 1065 1131 1083 y
16 3 6 5 96 1145 1057 1212 1077 found
16 3 6 6 93 1226 1060 1248 1077 at
16 3 6 7 82 1262 1058 1280 1077 T
16 3 6 8 95 1295 1067 1313 1073 =
16 3 6 9 94 1328 1059 1340 1078 0
16 3 6 10 96 1354 1065 1381 1077 and
16 3 6 11 96 1410 1065 1510 1083 suppress
16 3 6 12 96 1523 1058 1560 1077 the
16 3 7 1 96 881 1090 1007 1115 magnitude
16 3 7 2 93 1021 1089 1044 1109 of
16 3 7 3 85 1056 1097 1076 1115 y.
16 3 7 4 96 1101 1090 1153 1109 This
16 3 7 5 96 1167 1096 1207 1109 can
16 3 7 6 96 1221 1090 1247 1109 be
16 3 7 7 95 1262 1096 1311 1109 seen
16 3 7 8 95 1325 1091 1346 1109 in
16 3 7 9 95 1360 1090 1397 1109 the
16 3 7 10 95 1411 1089 1448 1109 left
16 3 7 11 96 1462 1090 1525 1114 panel
16 3 7 12 95 1539 1090 1561 1109 in
16 3 8 1 95 881 1122 925 1147 Fig.
16 3 8 2 96 937 1123 948 1142 3
16 3 8 3 96 958 1121 990 1141 for
16 3 8 4 96 999 1128 1047 1141 case
16 3 8 5 93 1056 1121 1079 1141 of
16 3 8 6 93 1087 1129 1099 1141 a
16 3 8 7 95 1108 1129 1160 1147 pure
16 3 8 8 92 1172 1120 1213 1148 (i.e.
16 3 8 9 82 1228 1121 1260 1145 Ay
16 3 8 10 93 1272 1131 1290 1137 =
16 3 8 11 93 1300 1120 1322 1148 0)
16 3 8 12 93 1333 1123 1464 1147 anisotropic
16 3 8 13 93 1473 1122 1561 1142 Rashba
16 3 9 1 96 882 1153 936 1174 SOC
16 3 9 2 96 951 1154 994 1173 and
16 3 9 3 96 1008 1161 1037 1173 on
16 3 9 4 96 1051 1154 1088 1173 the
16 3 9 5 96 1102 1154 1158 1179 right
16 3 9 6 96 1173 1153 1205 1173 for
16 3 9 7 93 1220 1153 1251 1177 A;
16 3 9 8 76 1270 1153 1288 1179 #
16 3 9 9 95 1304 1154 1323 1174 0.
16 3 9 10 96 1349 1154 1395 1173 The
16 3 9 11 95 1410 1154 1467 1178 plots
16 3 9 12 96 1481 1161 1509 1173 on
16 3 9 13 96 1523 1154 1560 1173 the
16 3 10 1 90 881 1185 918 1205 left
16 3 10 2 90 935 1186 998 1210 panel
16 3 10 3 96 1015 1186 1059 1205 also
16 3 10 4 96 1075 1186 1181 1205 illustrate
16 3 10 5 96 1197 1186 1253 1210 that,
16 3 10 6 45 1282 1185 1287 1210 6
16 3 10 7 95 1307 1195 1325 1201 =
16 3 10 8 95 1344 1186 1356 1206 0
16 3 10 9 94 1374 1184 1416 1212 (ie.
16 3 10 10 50 1448 1185 1479 1209 Ay
16 3 10 11 95 1500 1195 1518 1201 =
16 3 10 12 96 1538 1184 1559 1212 0)
16 3 11 1 96 881 1220 918 1236 the
16 3 11 2 96 933 1218 981 1241 spin
16 3 11 3 96 996 1219 1080 1236 current
16 3 11 4 96 1096 1224 1119 1236 as
16 3 11 5 96 1133 1217 1179 1236 well
16 3 11 6 95 1194 1224 1217 1236 as
16 3 11 7 95 1232 1217 1269 1236 the
16 3 11 8 96 1284 1218 1332 1241 spin
16 3 11 9 95 1346 1217 1387 1236 Hall
16 3 11 10 96 1410 1217 1471 1242 angle
16 3 11 11 96 1485 1217 1561 1236 vanish
16 3 12 1 85 883 1248 917 1274 (cf.
16 3 12 2 87 947 1249 1026 1268 second
16 3 12 3 96 1041 1249 1087 1273 plot
16 3 12 4 95 1111 1256 1158 1268 from
16 3 12 5 96 1173 1249 1210 1268 the
16 3 12 6 96 1225 1249 1313 1268 bottom
16 3 12 7 96 1328 1256 1356 1268 on
16 3 12 8 96 1371 1249 1408 1268 the
16 3 12 9 92 1424 1248 1478 1275 left).
16 3 12 10 89 1508 1249 1560 1268 This
16 3 13 1 96 881 1282 898 1300 is
16 3 13 2 96 912 1281 1003 1300 because
16 3 13 3 96 1017 1281 1054 1300 the
16 3 13 4 96 1067 1282 1216 1305 quantization
16 3 13 5 96 1230 1281 1275 1300 axis
16 3 13 6 96 1288 1280 1320 1300 for
16 3 13 7 96 1333 1281 1370 1300 the
16 3 13 8 96 1384 1281 1432 1305 spin
16 3 13 9 95 1445 1283 1529 1300 current
16 3 13 10 95 1544 1281 1560 1300 is
16 3 14 1 95 882 1313 966 1338 aligned
16 3 14 2 95 976 1313 1039 1338 along
16 3 14 3 93 1048 1313 1084 1332 the
16 3 14 4 93 1095 1320 1106 1332 z
16 3 14 5 95 1116 1313 1168 1337 axis,
16 3 14 6 96 1178 1313 1273 1332 whereas
16 3 14 7 96 1282 1312 1314 1332 for
16 3 14 8 23 1325 1313 1338 1332 6
16 3 14 9 96 1349 1322 1367 1328 =
16 3 14 10 96 1377 1314 1396 1337 0,
16 3 14 11 87 1408 1320 1430 1340 sy
16 3 14 12 96 1441 1319 1560 1332 commutes
16 3 15 1 96 881 1345 934 1364 with
16 3 15 2 96 945 1345 982 1364 the
16 3 15 3 96 994 1345 1148 1364 Hamiltonian.
16 3 15 4 95 1166 1344 1196 1364 As
16 3 15 5 95 1208 1345 1297 1369 pointed
16 3 15 6 96 1308 1347 1346 1364 out
16 3 15 7 96 1359 1345 1426 1364 above
16 3 15 8 93 1438 1344 1469 1364 for
16 3 15 9 93 1481 1345 1499 1364 T
16 3 15 10 96 1511 1354 1529 1360 =
16 3 15 11 96 1541 1346 1559 1369 0,
16 3 16 1 96 881 1380 918 1396 the
16 3 16 2 96 932 1383 1011 1402 energy
16 3 16 3 96 1025 1377 1162 1401 dependence
16 3 16 4 96 1178 1376 1275 1402 (relative
16 3 16 5 96 1289 1379 1313 1396 to
16 3 16 6 96 1327 1377 1364 1396 the
16 3 16 7 96 1378 1377 1480 1401 isotropic
16 3 16 8 96 1494 1376 1559 1402 case),
16 3 17 1 96 881 1409 898 1427 is
16 3 17 2 96 911 1410 967 1427 most
16 3 17 3 96 981 1408 1078 1433 strongly
16 3 17 4 96 1091 1407 1182 1427 affected
16 3 17 5 96 1195 1415 1218 1427 as
16 3 17 6 71 1231 1407 1246 1432 3
16 3 17 7 93 1259 1408 1391 1432 approaches
16 3 17 8 86 1405 1409 1441 1437 —4
16 3 17 9 96 1459 1407 1502 1434 (see
16 3 17 10 96 1514 1410 1560 1432 plot
16 3 18 1 95 881 1439 913 1459 for
16 3 18 2 81 937 1439 942 1464 6
16 3 18 3 93 957 1449 975 1455 =
16 3 18 4 72 992 1439 1047 1469 —}).
16 3 18 5 96 1071 1440 1178 1464 However,
16 3 18 6 96 1194 1440 1231 1459 the
16 3 18 7 95 1244 1439 1306 1459 effect
16 3 18 8 96 1320 1439 1343 1459 of
16 3 18 9 96 1354 1440 1391 1459 the
16 3 18 10 95 1405 1440 1530 1465 anisotropy
16 3 18 11 95 1544 1440 1560 1459 is
16 3 19 1 96 881 1472 921 1491 less
16 3 19 2 96 935 1472 1074 1496 pronounced
16 3 19 3 96 1087 1471 1119 1491 for
16 3 19 4 73 1133 1472 1148 1496 3
16 3 19 5 95 1164 1476 1181 1492 >
16 3 19 6 94 1196 1473 1215 1492 0.
16 3 19 7 96 1239 1472 1291 1491 This
16 3 19 8 96 1305 1472 1429 1491 conclusion
16 3 19 9 95 1442 1472 1478 1492 still
16 3 19 10 96 1499 1472 1560 1491 holds
16 3 20 1 96 881 1506 929 1523 true
16 3 20 2 96 944 1504 1005 1523 when
16 3 20 3 95 1020 1504 1057 1523 the
16 3 20 4 96 1072 1506 1175 1523 scatterer
16 3 20 5 96 1190 1504 1234 1523 also
16 3 20 6 96 1249 1504 1337 1523 induces
16 3 20 7 96 1352 1504 1448 1523 intrinsic
16 3 20 8 96 1463 1503 1517 1524 SOC
16 3 20 9 96 1533 1511 1561 1523 on
16 3 21 1 96 881 1536 918 1555 the
16 3 21 2 96 928 1536 1036 1561 graphene
16 3 21 3 97 1045 1536 1101 1561 layer
16 3 21 4 95 1113 1535 1154 1561 (i.e.
16 3 21 5 96 1169 1535 1201 1555 for
16 3 21 6 80 1211 1535 1242 1559 A;
16 3 21 7 41 1261 1536 1268 1561 4
16 3 21 8 95 1283 1535 1312 1562 0),
16 3 21 9 96 1324 1543 1347 1555 as
16 3 21 10 95 1356 1536 1372 1555 it
16 3 21 11 95 1383 1536 1400 1555 is
16 3 21 12 96 1410 1536 1483 1555 shown
16 3 21 13 96 1493 1536 1514 1555 in
16 3 21 14 96 1534 1536 1561 1555 the
16 3 22 1 95 881 1568 937 1593 right
16 3 22 2 95 948 1568 1011 1592 panel
16 3 22 3 96 1022 1567 1045 1587 of
16 3 22 4 96 1054 1568 1097 1593 Fig.
16 3 22 5 96 1110 1568 1128 1588 3.
16 4 1 1 96 909 1603 996 1628 Finally,
16 4 1 2 96 1010 1604 1027 1622 it
16 4 1 3 96 1040 1604 1057 1622 is
16 4 1 4 96 1069 1603 1114 1622 also
16 4 1 5 96 1126 1603 1195 1622 worth
16 4 1 6 96 1207 1604 1340 1628 mentioning
16 4 1 7 95 1352 1603 1401 1622 that
16 4 1 8 93 1413 1603 1450 1622 the
16 4 1 9 92 1462 1610 1560 1622 observa-
16 4 2 1 96 881 1636 928 1654 tion
16 4 2 2 96 938 1634 961 1654 of
16 4 2 3 96 970 1642 982 1654 a
16 4 2 4 96 992 1641 1043 1660 very
16 4 2 5 96 1053 1634 1151 1654 different
16 4 2 6 96 1162 1641 1240 1660 energy
16 4 2 7 96 1250 1635 1388 1654 dependence
16 4 2 8 96 1399 1642 1422 1654 as
16 4 2 9 80 1432 1635 1447 1659 6
16 4 2 10 80 1458 1640 1482 1654 —
16 4 2 11 56 1494 1635 1530 1663 —7
16 4 2 12 96 1544 1636 1560 1654 is
16 4 3 1 96 881 1667 1027 1692 independent
16 4 3 2 96 1036 1673 1048 1686 of
16 4 3 3 96 1057 1667 1102 1686 the
16 4 3 4 96 1112 1668 1247 1691 assumption
16 4 3 5 96 1256 1667 1279 1686 of
16 4 3 6 96 1286 1674 1298 1686 a
16 4 3 7 96 1307 1667 1371 1686 Dirac
16 4 3 8 96 1380 1667 1439 1686 delta
16 4 3 9 96 1447 1667 1559 1691 potential.
16 4 4 1 96 881 1698 934 1717 This
16 4 4 2 97 945 1698 962 1717 is
16 4 4 3 96 973 1698 1115 1723 investigated
16 4 4 4 96 1127 1699 1148 1717 in
16 4 4 5 96 1159 1698 1226 1717 detail
16 4 4 6 96 1237 1699 1258 1717 in
16 4 4 7 93 1269 1697 1386 1722 Appendix
16 4 4 8 93 1398 1714 1401 1722 ,
16 4 4 9 93 1413 1698 1483 1717 where
16 4 4 10 91 1494 1699 1560 1717 circu-
16 4 5 1 96 881 1730 912 1749 lar
16 4 5 2 70 926 1728 967 1756 (i.e.
16 4 5 3 90 989 1730 1092 1754 ‘pill-box’
16 4 5 4 96 1105 1728 1196 1756 shaped)
16 4 5 5 96 1210 1732 1314 1749 scatterer
16 4 5 6 96 1326 1731 1343 1749 is
16 4 5 7 96 1356 1730 1456 1749 assumed
16 4 5 8 96 1469 1730 1511 1749 and
16 4 5 9 96 1523 1730 1560 1749 the
16 4 6 1 96 881 1762 999 1787 scattering
16 4 6 2 96 1007 1763 1126 1786 properties
16 4 6 3 96 1135 1763 1157 1781 in
16 4 6 4 96 1165 1762 1203 1781 the
16 4 6 5 96 1211 1762 1248 1781 the
16 4 6 6 96 1257 1769 1304 1781 case
16 4 6 7 96 1313 1761 1336 1781 of
16 4 6 8 96 1343 1762 1448 1781 standard
16 4 6 9 93 1457 1762 1499 1781 and
16 4 6 10 91 1508 1769 1560 1781 non-
16 4 7 1 93 881 1794 986 1813 standard
16 4 7 2 92 994 1794 1082 1814 Rashba
16 4 7 3 96 1090 1801 1125 1813 are
16 4 7 4 96 1134 1794 1243 1813 obtained.
16 4 7 5 96 1258 1794 1304 1813 The
16 4 7 6 96 1312 1794 1389 1813 results
16 4 7 7 96 1398 1793 1429 1813 for
16 4 7 8 96 1437 1794 1475 1813 the
16 4 7 9 96 1483 1800 1561 1819 energy
16 4 8 1 96 881 1826 1019 1851 dependence
16 4 8 2 96 1032 1825 1055 1845 of
16 4 8 3 65 1067 1833 1081 1850 7
16 4 8 4 96 1095 1826 1138 1845 and
16 4 8 5 20 1152 1826 1189 1852 Sj,
16 4 8 6 96 1205 1833 1240 1845 are
16 4 8 7 96 1254 1826 1364 1851 displayed
16 4 8 8 96 1377 1827 1399 1845 in
16 4 8 9 96 1413 1826 1456 1851 Fig.
16 4 8 10 94 1487 1842 1490 1845 4.
16 4 8 11 94 1514 1826 1560 1845 The
16 4 9 1 96 881 1865 940 1877 more
16 4 9 2 96 953 1858 1096 1882 complicated
16 4 9 3 96 1109 1858 1200 1877 internal
16 4 9 4 96 1213 1860 1321 1877 structure
16 4 9 5 97 1334 1857 1357 1877 of
16 4 9 6 93 1367 1858 1404 1877 the
16 4 9 7 93 1417 1857 1560 1877 finite-radius
16 4 10 1 96 881 1889 970 1908 circular
16 4 10 2 96 985 1891 1072 1913 scatter,
16 4 10 3 96 1088 1889 1159 1908 whose
16 4 10 4 96 1173 1896 1230 1908 wave
16 4 10 5 96 1245 1888 1354 1908 functions
16 4 10 6 96 1369 1896 1403 1908 are
16 4 10 7 95 1418 1889 1524 1908 distorted
16 4 10 8 95 1539 1889 1561 1908 in
16 4 11 1 96 881 1920 979 1940 different
16 4 11 2 96 989 1928 1045 1946 ways
16 4 11 3 96 1063 1928 1083 1946 by
16 4 11 4 96 1092 1921 1129 1940 the
16 4 11 5 96 1138 1921 1243 1940 standard
16 4 11 6 96 1253 1921 1296 1940 and
16 4 11 7 92 1305 1921 1464 1940 non-standard
16 4 11 8 92 1473 1921 1561 1941 Rashba
16 4 12 1 96 882 1952 943 1977 SOC,
16 4 12 2 96 957 1953 1025 1972 shows
16 4 12 3 96 1038 1960 1067 1972 up
16 4 12 4 96 1080 1953 1101 1972 in
16 4 12 5 96 1114 1960 1126 1972 a
16 4 12 6 96 1138 1959 1188 1978 very
16 4 12 7 96 1201 1952 1298 1972 different
16 4 12 8 96 1311 1955 1412 1972 resonant
16 4 12 9 93 1425 1953 1480 1977 peak
16 4 12 10 92 1492 1955 1560 1972 struc-
16 4 13 1 96 881 1988 929 2004 ture
16 4 13 2 96 939 1985 1049 2004 exhibited
16 4 13 3 96 1062 1992 1086 2010 by
16 4 13 4 96 1096 1985 1132 2004 the
16 4 13 5 96 1142 1987 1253 2009 transport
16 4 13 6 96 1264 1992 1321 2004 cross
16 4 13 7 96 1331 1985 1413 2004 section
16 4 13 8 41 1423 1985 1460 2011 Uj,
16 4 13 9 96 1471 1985 1514 2004 and
16 4 13 10 97 1523 1985 1561 2004 the
17 1 1 1 95 1118 485 1122 883 " "
18 1 1 1 95 1392 933 1394 1236 " "
19 1 1 1 95 891 1058 900 1396 " "
20 1 1 1 95 1109 995 1111 1427 " "
21 1 1 1 95 1531 1249 1535 1555 " "
22 1 1 1 95 1280 1504 1284 1813 " "
23 1 1 1 95 1479 1471 1483 1845 " "
24 1 1 1 95 1054 1668 1060 1977 " "
25 1 1 1 95 1053 1668 1062 2004 
