block para line word confidence X1 Y1 X2 Y2 token
1 1 1 1 96 542 105 588 122 Reid
1 1 1 2 93 596 105 630 122 and
1 1 1 3 92 638 105 710 122 Kontar:
1 1 1 4 92 719 105 863 122 Beam-induced
1 1 1 5 96 871 105 946 122 Electric
1 1 1 6 96 954 105 1004 122 Field
1 1 1 7 96 1012 105 1140 122 Distributions
2 1 1 1 96 121 163 257 191 (Mann
2 1 1 2 93 192 159 213 195 et
2 1 1 3 21 264 163 335 191 al./[1999).
2 1 1 4 96 346 164 388 183 The
2 1 1 5 96 399 164 477 189 density
2 1 1 6 96 488 164 555 183 model
2 1 1 7 96 566 164 583 183 is
2 1 1 8 96 594 170 640 189 very
2 1 1 9 96 652 164 728 183 similar
2 1 1 10 96 738 168 758 183 to
2 1 1 11 96 768 164 825 183 other
2 1 2 1 96 118 200 171 213 solar
2 1 2 2 96 181 200 231 213 wind
2 1 2 3 96 249 197 324 219 density
2 1 2 4 96 336 194 414 213 models
2 1 2 5 96 425 194 465 213 like
2 1 2 6 93 476 194 508 213 the
2 1 2 7 91 520 194 746 214 Sittler-Guhathakurta
2 1 2 8 96 756 194 824 213 model
2 1 3 1 96 463 225 502 244 and
2 1 3 2 96 511 225 543 244 the
2 1 3 3 94 553 225 640 244 Leblanc
2 1 3 4 96 650 225 718 244 model
2 1 4 1 86 112 250 139 286 let
2 1 4 2 54 116 254 244 282 al./1998)
2 1 4 3 96 258 259 329 280 except
2 1 4 4 96 340 255 381 274 that
2 1 4 5 97 392 255 424 274 the
2 1 4 6 96 435 255 513 280 density
2 1 4 7 97 525 255 541 274 is
2 1 4 8 96 553 255 623 280 higher
2 1 4 9 96 634 255 689 274 close
2 1 4 10 96 700 258 720 274 to
2 1 4 11 96 732 255 764 274 the
2 1 4 12 96 776 255 823 278 Sun,
2 1 5 1 96 117 286 183 305 below
2 1 5 2 96 194 286 217 305 10
2 1 5 3 95 224 287 260 310 Ro.
2 1 5 4 96 269 286 310 305 The
2 1 5 5 96 318 286 396 311 density
2 1 5 6 96 405 286 472 305 model
2 1 5 7 96 480 286 561 305 reaches
2 1 5 8 90 570 286 581 305 5
2 1 5 9 90 588 291 602 305 x
2 1 5 10 57 612 282 645 305 10°
2 1 5 11 48 654 282 708 305 cm~?
2 1 5 12 96 718 289 737 305 at
2 1 5 13 96 745 286 777 305 the
2 1 5 14 96 784 286 824 305 low
2 1 6 1 96 117 322 192 335 corona
2 1 6 2 96 203 316 242 335 and
2 1 6 3 96 253 316 270 335 is
2 1 6 4 96 281 322 337 335 more
2 1 6 5 93 349 316 455 335 indicative
2 1 6 6 82 467 316 530 335 to_the
2 1 6 7 96 543 316 612 339 flaring
2 1 6 8 96 625 316 672 339 Sun,
2 1 6 9 95 685 316 792 341 compared
2 1 6 10 95 804 320 824 335 to
2 1 7 1 96 120 342 153 366 10°
2 1 7 2 18 164 342 217 366 cm”
2 1 7 3 96 228 347 248 366 in
2 1 7 4 96 257 347 289 366 the
2 1 7 5 96 298 347 393 366 Newkirk
2 1 7 6 94 402 347 469 366 model
2 1 7 7 93 663 353 685 366 or
2 1 7 8 84 696 342 729 366 108
2 1 7 9 0 739 342 793 366 cm™?
2 1 7 10 96 804 347 824 366 in
2 1 8 1 96 118 377 150 396 the
2 1 8 2 85 158 377 246 396 Leblanc
2 1 8 3 96 255 377 328 396 model.
2 2 1 1 96 159 408 197 426 For
2 2 1 2 96 205 407 316 432 modelling
2 2 1 3 96 326 407 358 426 the
2 2 1 4 96 368 407 446 432 density
2 2 1 5 96 457 407 584 426 fluctuations
2 2 1 6 94 594 413 624 426 we
2 2 1 7 94 635 407 676 426 first
2 2 1 8 96 686 410 732 426 note
2 2 1 9 96 742 407 782 426 that
2 2 1 10 96 792 407 824 426 the
2 2 2 1 96 117 444 185 463 power
2 2 2 2 96 195 441 295 463 spectrum
2 2 2 3 96 304 438 328 457 of
2 2 2 4 97 336 438 413 463 density
2 2 2 5 96 424 438 551 457 fluctuations
2 2 2 6 96 562 444 608 457 near
2 2 2 7 96 618 438 650 457 the
2 2 2 8 96 659 438 718 457 Earth
2 2 2 9 96 728 438 763 457 has
2 2 2 10 96 773 438 824 457 been
2 2 3 1 96 117 468 216 487 observed
2 2 3 2 96 227 468 295 487 in-situ
2 2 3 3 96 307 471 327 487 to
2 2 3 4 96 337 468 389 493 obey
2 2 3 5 92 400 474 411 487 a
2 2 3 6 91 422 468 617 493 Kolmogorov-type
2 2 3 7 96 628 474 696 493 power
2 2 3 8 96 706 468 743 487 law
2 2 3 9 96 755 468 802 487 with
2 2 3 10 96 813 474 824 487 a
2 2 4 1 96 118 499 202 524 spectral
2 2 4 2 96 214 499 273 518 index
2 2 4 3 93 284 499 308 518 of
2 2 4 4 82 318 499 372 523 —5/3
2 2 4 5 27 385 500 431 524 (e.g.
2 2 4 6 27 443 499 545 518 |Celnikier
2 2 4 7 90 556 502 575 518 et
2 2 4 8 0 586 499 610 518 al.|)
2 2 4 9 19 625 499 675 518 1983}
2 2 4 10 52 697 499 747 518 |1987}
2 2 4 11 34 767 499 824 518 |Chen|
2 2 5 1 76 185 528 256 556 2013).
2 2 5 2 96 269 529 381 554 Following
2 2 5 3 96 394 529 426 548 the
2 2 5 4 96 439 535 494 548 same
2 2 5 5 96 507 529 607 554 approach
2 2 5 6 84 619 529 643 548 of
2 2 5 7 84 653 529 704 548 |Reid
2 2 5 8 91 717 529 737 548 &
2 2 5 9 0 750 529 825 548 Kontar}
2 2 6 1 96 121 559 196 587 (2010),
2 2 6 2 96 209 566 240 579 we
2 2 6 3 96 252 560 320 579 model
2 2 6 4 96 332 560 364 579 the
2 2 6 5 96 377 564 477 585 spectrum
2 2 6 6 96 489 560 512 579 of
2 2 6 7 96 522 560 600 585 density
2 2 6 8 96 614 560 741 579 fluctuations
2 2 6 9 96 753 560 801 579 with
2 2 6 10 96 813 566 824 579 a
3 1 1 1 96 118 590 202 615 spectral
3 1 1 2 93 215 590 275 609 index
3 1 1 3 80 289 590 343 614 —5/3
3 1 1 4 96 357 590 448 609 between
3 1 1 5 96 461 590 493 609 the
3 1 1 6 96 506 590 642 615 wavelengths
3 1 1 7 96 655 590 678 609 of
3 1 1 8 77 693 586 725 609 10°
3 1 1 9 96 740 596 772 609 cm
3 1 1 10 96 786 590 824 609 and
3 1 2 1 0 120 616 164 640 10°
3 1 2 2 92 173 627 211 644 cm,
3 1 2 3 96 221 627 244 640 so
3 1 2 4 96 252 621 293 640 that
3 1 2 5 96 300 621 333 640 the
3 1 2 6 73 461 621 465 626 *
3 1 2 7 18 483 621 532 646 sity
3 1 2 8 96 541 621 612 646 profile
3 1 2 9 96 620 621 637 640 is
3 1 2 10 96 646 621 705 646 given
4 1 1 1 95 441 526 826 528 " "
5 1 1 1 60 449 730 480 757 2
6 1 1 1 90 341 765 348 775 L
6 1 1 2 23 722 765 729 775 dl
7 1 1 1 93 159 816 225 835 where
7 1 1 2 92 234 817 254 835 N
7 1 1 3 96 265 824 279 832 =
7 1 1 4 96 293 816 344 835 1000
7 1 1 5 96 353 816 370 835 is
7 1 1 6 96 379 816 411 835 the
7 1 1 7 96 420 816 504 835 number
7 1 1 8 96 512 816 536 835 of
7 1 1 9 93 543 816 694 841 perturbations,
7 1 1 10 58 703 816 756 840 no(r)
7 1 1 11 96 766 816 782 835 is
7 1 1 12 96 792 816 824 835 the
7 1 2 1 96 118 847 181 866 initial
7 1 2 2 96 188 847 320 872 unperturbed
7 1 2 3 96 327 847 404 872 density
7 1 2 4 96 412 853 433 866 as
7 1 2 5 96 440 847 520 866 defined
7 1 2 6 96 527 847 597 870 above,
7 1 2 7 65 605 848 627 870 4,
7 1 2 8 96 636 847 653 866 is
7 1 2 9 96 660 847 692 866 the
7 1 2 10 96 700 847 824 872 wavelength
7 1 3 1 96 117 877 141 896 of
7 1 3 2 96 146 877 178 896 the
7 1 3 3 96 185 877 229 896 n-th
7 1 3 4 93 236 877 359 900 fluctuation,
7 1 3 5 96 390 885 404 893 =
7 1 3 6 96 415 877 452 900 5/3
7 1 3 7 96 460 877 476 896 is
7 1 3 8 96 484 877 516 896 the
7 1 3 9 96 523 877 638 902 power-law
7 1 3 10 96 646 877 730 902 spectral
7 1 3 11 96 737 877 797 896 index
7 1 3 12 96 804 877 824 896 in
7 1 4 1 96 118 908 150 927 the
7 1 4 2 96 157 914 225 933 power
7 1 4 3 96 232 911 337 933 spectrum,
7 1 4 4 93 345 908 384 927 and
7 1 4 5 39 391 910 414 932 @,,
7 1 4 6 96 423 908 440 927 is
7 1 4 7 96 447 908 479 927 the
7 1 4 8 96 486 908 570 927 random
7 1 4 9 96 577 908 638 933 phase
7 1 4 10 96 645 908 669 927 of
7 1 4 11 96 674 908 707 927 the
7 1 4 12 96 714 908 824 927 individual
7 1 5 1 93 118 938 251 957 fluctuations.
7 1 5 2 92 264 939 310 962 C(r)
7 1 5 3 96 323 938 339 957 is
7 1 5 4 93 351 938 383 957 the
7 1 5 5 48 395 944 411 957 n
7 1 5 6 65 437 938 546 957 nalisation
7 1 5 7 96 557 942 648 957 constant
7 1 5 8 97 659 938 691 957 the
7 1 5 9 96 703 938 780 957 defines
7 1 5 10 96 792 938 824 957 the
7 1 6 1 89 117 979 176 992 r.m.s.
7 1 6 2 96 185 973 286 992 deviation
7 1 6 3 96 294 973 318 992 of
7 1 6 4 96 324 973 357 992 the
7 1 6 5 45 365 973 411 992 dens
7 1 6 6 45 437 979 443 994 /
7 1 6 7 31 458 971 567 999 (An(r)?)
7 1 6 8 97 577 973 626 992 such
7 1 6 9 97 634 973 675 992 that
8 1 1 1 75 413 1041 539 1110 You
8 2 1 1 96 159 1141 201 1160 Our
8 2 1 2 96 208 1141 391 1160 one-dimensional
8 2 1 3 96 400 1141 499 1166 approach
8 2 1 4 96 507 1147 576 1160 means
8 2 1 5 96 585 1141 625 1160 that
8 2 1 6 96 633 1147 663 1160 we
8 2 1 7 96 671 1147 703 1160 are
8 2 1 8 92 711 1141 759 1166 only
8 2 1 9 92 767 1141 823 1160 mod-
8 3 1 1 92 117 1171 179 1196 elling
8 3 1 2 96 188 1171 315 1190 fluctuations
8 3 1 3 96 324 1171 406 1196 parallel
8 3 1 4 96 415 1175 435 1190 to
8 3 1 5 96 444 1171 476 1190 the
8 3 1 6 96 485 1171 585 1196 magnetic
8 3 1 7 96 594 1171 642 1190 field
8 3 1 8 96 651 1171 689 1190 and
8 3 1 9 93 698 1175 733 1190 not
8 3 1 10 92 741 1177 823 1196 perpen-
8 3 2 1 96 117 1202 197 1221 dicular.
8 4 1 1 96 159 1232 268 1257 Langmuir
8 4 1 2 96 274 1238 340 1251 waves
8 4 1 3 96 348 1238 380 1251 are
8 4 1 4 96 388 1232 462 1251 treated
8 4 1 5 96 469 1232 489 1251 in
8 4 1 6 96 497 1232 529 1251 the
8 4 1 7 96 537 1233 598 1251 WKB
8 4 1 8 96 607 1232 767 1257 approximation
8 4 1 9 96 775 1232 824 1251 such
9 1 1 1 96 118 1263 158 1282 that
9 1 1 2 96 166 1263 290 1288 wavelength
9 1 1 3 96 298 1263 314 1282 is
9 1 1 4 96 323 1263 403 1282 smaller
9 1 1 5 96 410 1263 456 1282 than
9 1 1 6 96 464 1263 496 1282 the
9 1 1 7 96 504 1263 650 1282 characteristic
9 1 1 8 96 658 1263 699 1282 size
9 1 1 9 96 707 1263 731 1282 of
9 1 1 10 93 736 1263 768 1282 the
9 1 1 11 93 776 1263 824 1282 den-
9 1 2 1 96 118 1293 156 1318 sity
9 1 2 2 95 169 1293 302 1312 fluctuations.
9 1 2 3 96 315 1294 350 1312 We
9 1 2 4 96 363 1299 433 1312 ensure
9 1 2 5 96 446 1293 486 1312 that
9 1 2 6 96 498 1293 530 1312 the
9 1 2 7 96 543 1293 594 1312 level
9 1 2 8 96 607 1293 630 1312 of
9 1 2 9 93 641 1293 719 1318 density
9 1 2 10 92 732 1293 823 1312 inhomo-
10 1 1 1 96 118 1324 197 1349 geneity
10 1 1 2 95 209 1323 340 1350 (Coste
10 1 1 3 93 279 1319 300 1355 et
10 1 1 4 38 349 1323 572 1350 al./1975}|/Kontar]2001b)
10 1 1 5 96 585 1324 670 1343 satisfies
11 1 1 1 96 159 1479 200 1498 The
11 1 1 2 96 212 1479 341 1504 background
11 1 1 3 96 353 1479 480 1498 fluctuations
11 1 1 4 96 492 1485 524 1498 are
11 1 1 5 96 536 1479 592 1498 static
11 1 1 6 96 603 1479 624 1498 in
11 1 1 7 95 635 1479 683 1498 time
11 1 1 8 96 694 1479 780 1498 because
11 1 1 9 96 792 1479 824 1498 the
11 1 2 1 95 117 1509 248 1534 propagating
11 1 2 2 96 261 1509 349 1528 electron
11 1 2 3 95 362 1509 421 1528 beam
11 1 2 4 95 434 1509 450 1528 is
11 1 2 5 96 464 1509 567 1534 travelling
11 1 2 6 96 581 1509 641 1528 much
11 1 2 7 96 654 1509 714 1528 faster
11 1 2 8 96 727 1509 773 1528 than
11 1 2 9 96 786 1515 824 1534 any
11 1 3 1 96 117 1539 194 1564 change
11 1 3 2 96 207 1539 227 1558 in
11 1 3 3 96 239 1539 271 1558 the
11 1 3 4 96 283 1539 413 1564 background
11 1 3 5 96 425 1539 507 1564 density.
11 1 3 6 96 520 1540 548 1558 To
11 1 3 7 96 560 1543 639 1564 capture
11 1 3 8 96 652 1539 684 1558 the
11 1 3 9 96 697 1539 790 1558 statistics
11 1 3 10 96 802 1539 826 1558 of
11 1 4 1 96 118 1570 170 1589 what
11 1 4 2 96 182 1576 194 1589 a
11 1 4 3 96 206 1570 317 1595 spacecraft
11 1 4 4 96 328 1570 396 1589 would
11 1 4 5 96 408 1570 492 1589 observe
11 1 4 6 96 504 1576 552 1589 over
11 1 4 7 96 564 1570 596 1589 the
11 1 4 8 96 608 1576 679 1589 course
11 1 4 9 96 692 1570 715 1589 of
11 1 4 10 96 726 1576 750 1589 an
11 1 4 11 96 762 1570 824 1589 entire
11 1 5 1 96 117 1600 206 1619 electron
11 1 5 2 96 214 1600 272 1619 beam
11 1 5 3 96 281 1600 349 1619 transit
11 1 5 4 96 358 1606 388 1619 we
11 1 5 5 96 397 1600 445 1619 look
11 1 5 6 96 453 1603 472 1619 at
11 1 5 7 96 480 1600 512 1619 the
11 1 5 8 95 521 1600 630 1625 Langmuir
11 1 5 9 96 638 1606 693 1619 wave
11 1 5 10 93 702 1606 775 1625 energy
11 1 5 11 92 784 1600 824 1619 dis-
11 1 6 1 96 118 1631 211 1650 tribution
11 1 6 2 96 219 1637 240 1650 as
11 1 6 3 96 249 1637 260 1650 a
11 1 6 4 96 269 1631 359 1650 function
11 1 6 5 96 368 1631 391 1650 of
11 1 6 6 96 397 1631 487 1650 distance
11 1 6 7 96 495 1634 514 1650 at
11 1 6 8 96 522 1637 560 1650 one
11 1 6 9 96 569 1631 625 1656 point
11 1 6 10 95 633 1631 653 1650 in
11 1 6 11 95 661 1631 715 1650 time.
12 1 1 1 96 117 1824 139 1845 4.
12 1 1 2 96 152 1824 263 1846 Electron
12 1 1 3 96 274 1824 363 1846 beams
12 1 1 4 96 374 1829 432 1846 near
12 1 1 5 96 441 1824 483 1846 the
12 1 1 6 96 494 1824 564 1846 Earth
13 1 1 1 96 159 1875 194 1893 We
13 1 1 2 96 210 1874 291 1899 explore
13 1 1 3 96 308 1874 340 1893 the
13 1 1 4 96 357 1874 459 1893 evolution
13 1 1 5 96 475 1874 499 1893 of
13 1 1 6 96 513 1874 545 1893 the
13 1 1 7 96 562 1874 642 1893 electric
13 1 1 8 96 659 1874 707 1893 field
13 1 1 9 96 723 1874 775 1893 from
13 1 1 10 96 792 1874 824 1893 the
13 1 2 1 96 117 1905 226 1930 Langmuir
13 1 2 2 96 236 1911 302 1924 waves
13 1 2 3 96 313 1905 399 1924 induced
13 1 2 4 96 409 1905 435 1930 by
13 1 2 5 95 446 1911 457 1924 a
13 1 2 6 95 467 1905 598 1930 propagating
13 1 2 7 96 608 1905 696 1924 electron
13 1 2 8 96 706 1905 771 1924 beam.
13 1 2 9 96 782 1905 824 1924 The
13 1 3 1 96 117 1935 176 1954 beam
13 1 3 2 96 186 1935 203 1954 is
13 1 3 3 96 213 1935 299 1960 injected
13 1 3 4 96 309 1935 351 1954 into
13 1 3 5 96 360 1935 438 1960 plasma
13 1 3 6 96 448 1935 495 1954 with
13 1 3 7 96 505 1941 516 1954 a
13 1 3 8 96 526 1938 617 1954 constant
13 1 3 9 96 626 1941 685 1954 mean
13 1 3 10 96 694 1935 824 1960 background
13 1 4 1 96 117 1965 205 1984 electron
13 1 4 2 96 215 1965 293 1990 density
13 1 4 3 96 303 1965 326 1984 of
13 1 4 4 49 333 1972 356 1989 np
13 1 4 5 95 369 1973 384 1981 =
13 1 4 6 90 396 1965 407 1984 5
13 1 4 7 40 417 1961 471 1984 cm~>
13 1 4 8 96 483 1965 569 1990 (plasma
13 1 4 9 96 578 1965 687 1990 frequency
13 1 4 10 96 696 1965 720 1984 of
13 1 4 11 96 728 1965 754 1984 20
13 1 4 12 93 763 1965 823 1989 kHz),
13 1 5 1 96 118 1996 194 2015 similar
13 1 5 2 96 200 2000 220 2015 to
13 1 5 3 96 227 1996 304 2021 plasma
13 1 5 4 96 311 2000 431 2021 parameters
13 1 5 5 96 438 1996 514 2015 around
13 1 5 6 83 524 1996 530 2015 |
13 1 5 7 96 540 1996 583 2019 AU,
13 1 5 8 96 591 2002 638 2015 near
13 1 5 9 96 645 1996 677 2015 the
13 1 5 10 96 684 1996 748 2015 Earth.
13 1 5 11 93 756 1997 783 2015 To
13 1 5 12 92 790 2002 823 2015 ex-
13 1 6 1 96 117 2026 173 2051 plore
13 1 6 2 96 180 2026 225 2045 how
13 1 6 3 96 234 2026 266 2045 the
13 1 6 4 95 274 2026 367 2051 intensity
13 1 6 5 96 375 2026 399 2045 of
13 1 6 6 96 404 2026 482 2051 density
13 1 6 7 96 491 2026 618 2045 fluctuations
13 1 6 8 96 626 2026 736 2045 influences
13 1 6 9 93 744 2026 776 2045 the
13 1 6 10 93 784 2026 823 2045 dis-
13 1 7 1 95 118 2057 211 2076 tribution
13 1 7 2 96 219 2057 242 2076 of
13 1 7 3 96 248 2057 280 2076 the
13 1 7 4 96 288 2057 375 2076 induced
13 1 7 5 96 382 2057 462 2076 electric
13 1 7 6 96 470 2057 518 2076 field
13 1 7 7 96 526 2063 556 2076 we
13 1 7 8 96 564 2057 603 2076 add
13 1 7 9 96 610 2057 688 2082 density
13 1 7 10 96 697 2057 824 2076 fluctuations
13 1 8 1 96 118 2090 138 2106 to
13 1 8 2 96 148 2087 180 2106 the
13 1 8 3 96 190 2087 320 2112 background
13 1 8 4 96 330 2087 408 2112 plasma
13 1 8 5 96 418 2087 466 2106 with
13 1 8 6 96 476 2087 558 2112 varying
13 1 8 7 96 569 2087 630 2106 levels
13 1 8 8 96 641 2087 665 2106 of
13 1 8 9 96 673 2087 771 2112 intensity.
13 1 8 10 96 782 2087 824 2106 The
14 1 1 1 96 858 167 950 183 constant
14 1 1 2 96 957 170 1016 183 mean
14 1 1 3 96 1023 164 1153 189 background
14 1 1 4 96 1160 164 1248 183 electron
14 1 1 5 96 1256 164 1334 189 density
14 1 1 6 96 1342 170 1411 183 means
14 1 1 7 96 1419 164 1460 183 that
14 1 1 8 96 1467 170 1498 183 we
14 1 1 9 96 1505 164 1564 183 know
14 1 2 1 96 859 200 896 219 any
14 1 2 2 96 906 194 994 219 changes
14 1 2 3 95 1004 200 1030 213 on
14 1 2 4 95 1040 194 1072 213 the
14 1 2 5 96 1082 194 1208 213 distribution
14 1 2 6 96 1217 194 1241 213 of
14 1 2 7 96 1249 194 1281 213 the
14 1 2 8 96 1291 194 1370 213 electric
14 1 2 9 96 1381 194 1439 213 fields
14 1 2 10 97 1449 200 1481 213 are
14 1 2 11 96 1491 194 1565 213 caused
14 1 3 1 96 858 225 884 250 by
14 1 3 2 96 894 225 1008 250 modifying
14 1 3 3 96 1018 225 1050 244 the
14 1 3 4 96 1059 225 1152 250 intensity
14 1 3 5 96 1163 225 1186 244 of
14 1 3 6 96 1193 225 1226 244 the
14 1 3 7 97 1235 225 1313 250 density
14 1 3 8 96 1323 225 1443 244 turbulence.
14 1 3 9 93 1454 225 1495 244 The
14 1 3 10 93 1505 225 1565 244 back-
14 1 4 1 96 859 255 936 280 ground
14 1 4 2 96 942 255 1020 280 plasma
14 1 4 3 96 1026 258 1157 280 temperature
14 1 4 4 96 1164 261 1205 274 was
14 1 4 5 96 1213 258 1242 274 set
14 1 4 6 96 1248 259 1268 274 to
14 1 4 7 93 1278 251 1310 274 10°
14 1 4 8 93 1320 256 1344 278 K,
14 1 4 9 96 1352 255 1458 274 indicative
14 1 4 10 96 1465 255 1489 274 of
14 1 4 11 93 1494 255 1526 274 the
14 1 4 12 93 1533 261 1564 274 so-
14 1 5 1 96 859 286 887 305 lar
14 1 5 2 96 894 286 948 305 wind
14 1 5 3 96 955 292 1001 305 core
14 1 5 4 96 1009 290 1139 311 temperature
14 1 5 5 95 1147 289 1166 305 at
14 1 5 6 90 1176 287 1182 305 1
14 1 5 7 93 1192 286 1229 305 AU
14 1 5 8 77 1237 286 1428 311 (e.g.|Maksimovic
14 1 5 9 96 1436 289 1455 305 et
14 1 5 10 95 1462 286 1486 305 al.
14 1 5 11 82 1495 278 1564 319 2005).
14 1 6 1 96 859 316 927 341 giving
14 1 6 2 93 936 322 947 335 a
14 1 6 3 93 955 316 1038 335 thermal
14 1 6 4 96 1048 316 1134 341 velocity
14 1 6 5 92 1143 316 1167 335 of
14 1 6 6 43 1179 314 1287 339 Vk,T./m,.
14 1 6 7 95 1299 324 1313 332 =
14 1 6 8 43 1326 316 1356 335 1.2
14 1 6 9 43 1365 321 1379 335 x
14 1 6 10 33 1392 312 1424 335 10®
14 1 6 11 57 1434 322 1467 335 cms
14 1 6 12 57 1511 332 1513 335 !.
14 1 6 13 96 1523 316 1565 335 The
14 1 7 1 96 858 347 946 366 electron
14 1 7 2 96 954 347 1013 366 beam
14 1 7 3 96 1021 347 1037 366 is
14 1 7 4 96 1045 347 1132 372 injected
14 1 7 5 96 1139 347 1181 366 into
14 1 7 6 96 1189 353 1200 366 a
14 1 7 7 96 1208 347 1323 366 simulation
14 1 7 8 96 1330 347 1371 366 box
14 1 7 9 96 1379 347 1419 366 that
14 1 7 10 96 1426 347 1443 366 is
14 1 7 11 96 1449 347 1490 372 just
14 1 7 12 96 1498 353 1545 366 over
14 1 7 13 96 1553 347 1564 366 8
14 1 8 1 96 859 377 912 396 solar
14 1 8 2 96 919 377 968 396 radii
14 1 8 3 96 977 377 997 396 in
14 1 8 4 96 1006 377 1079 402 length,
14 1 8 5 96 1088 377 1224 402 representing
14 1 8 6 96 1229 373 1238 406 a
14 1 8 7 96 1252 377 1307 396 finite
14 1 8 8 96 1315 377 1384 402 region
14 1 8 9 96 1393 377 1413 396 in
14 1 8 10 97 1422 383 1481 402 space
14 1 8 11 96 1490 377 1565 396 around
14 1 9 1 95 862 407 868 426 1
14 1 9 2 96 879 407 922 426 AU.
14 1 9 3 96 932 408 959 426 To
14 1 9 4 96 968 407 1018 432 fully
14 1 9 5 96 1027 407 1105 426 resolve
14 1 9 6 96 1114 407 1146 426 the
14 1 9 7 97 1154 407 1232 432 density
14 1 9 8 96 1242 407 1369 426 fluctuations
14 1 9 9 96 1378 413 1408 426 we
14 1 9 10 96 1418 407 1466 426 used
14 1 9 11 96 1468 403 1480 436 a
14 1 9 12 96 1495 407 1565 432 spatial
14 1 10 1 96 858 438 968 457 resolution
14 1 10 2 96 976 438 1000 457 of
14 1 10 3 96 1006 438 1046 457 200
14 1 10 4 95 1055 438 1094 457 km.
14 2 1 1 96 900 470 941 489 The
14 2 1 2 96 951 470 1010 489 beam
14 2 1 3 96 1019 474 1139 495 parameters
14 2 1 4 96 1149 476 1181 489 are
14 2 1 5 96 1191 470 1249 495 given
14 2 1 6 93 1259 470 1279 489 in
14 2 1 7 0 1288 470 1348 489 Table[1]
14 2 1 8 96 1386 470 1428 489 The
14 2 1 9 93 1437 476 1511 495 energy
14 2 1 10 92 1520 470 1564 489 lim-
14 2 2 1 96 859 501 883 520 its
14 2 2 2 96 891 507 923 520 are
14 2 2 3 96 931 501 1005 526 typical
14 2 2 4 96 1012 501 1036 520 of
14 2 2 5 96 1042 501 1140 520 electrons
14 2 2 6 96 1148 501 1188 520 that
14 2 2 7 96 1196 501 1257 520 arrive
14 2 2 8 96 1265 504 1284 520 at
14 2 2 9 91 1294 502 1301 520 1
14 2 2 10 93 1311 501 1348 520 AU
14 2 2 11 92 1356 501 1510 526 co-temporally
14 2 2 12 96 1518 501 1565 520 with
14 2 3 1 97 859 531 891 550 the
14 2 3 2 96 898 531 999 550 detection
14 2 3 3 96 1006 531 1029 550 of
14 2 3 4 96 1035 531 1143 556 Langmuir
14 2 3 5 92 1150 537 1216 550 waves
14 2 3 6 41 1224 528 1450 561 (e.g.{Lin
14 2 3 7 93 1323 524 1341 565 et
14 2 3 8 8 1350 528 1450 561 al.]1981).
14 2 3 9 93 1459 531 1500 550 The
14 2 3 10 92 1509 537 1564 556 spec-
14 2 4 1 96 859 562 894 581 tral
14 2 4 2 96 904 562 963 581 index
14 2 4 3 96 973 562 990 581 is
14 2 4 4 96 1000 562 1094 581 obtained
14 2 4 5 96 1103 562 1156 581 from
14 2 4 6 96 1165 562 1197 581 the
14 2 4 7 96 1207 562 1281 587 typical
14 2 4 8 96 1291 562 1389 581 observed
14 2 4 9 95 1398 562 1467 581 in-situ
14 2 4 10 96 1477 562 1565 581 electron
14 2 5 1 96 859 596 936 617 spectra
14 2 5 2 97 945 592 1010 611 below
14 2 5 3 96 1024 592 1047 611 10
14 2 5 4 96 1057 592 1101 611 keV
14 2 5 5 96 1112 598 1158 611 near
14 2 5 6 96 1168 592 1200 611 the
14 2 5 7 93 1210 592 1268 611 Earth
14 2 5 8 93 1281 591 1519 619 (Krucker
14 2 5 9 91 1380 587 1401 623 et
14 2 5 10 61 1413 591 1519 619 al.[2009).
14 2 5 11 97 1530 593 1565 611 We
14 2 6 1 96 859 626 905 642 note
14 2 6 2 96 915 623 956 642 that
14 2 6 3 95 965 623 1003 642 this
14 2 6 4 95 1014 623 1098 648 spectral
14 2 6 5 96 1108 623 1168 642 index
14 2 6 6 96 1178 623 1194 642 is
14 2 6 7 96 1205 623 1266 642 lower
14 2 6 8 96 1276 623 1322 642 than
14 2 6 9 96 1332 623 1384 642 what
14 2 6 10 96 1394 623 1411 642 is
14 2 6 11 93 1421 623 1526 642 measured
14 2 6 12 91 1536 623 1564 642 in-
14 2 7 1 96 859 653 897 672 situ
14 2 7 2 96 906 656 925 672 at
14 2 7 3 96 933 653 1023 678 energies
14 2 7 4 96 1032 653 1096 672 above
14 2 7 5 96 1105 653 1131 672 50
14 2 7 6 93 1140 653 1187 676 keV,
14 2 7 7 96 1197 653 1235 672 and
14 2 7 8 96 1244 653 1330 672 inferred
14 2 7 9 95 1339 653 1391 672 from
14 2 7 10 93 1400 654 1463 678 X-ray
14 2 7 11 92 1472 653 1565 672 observa-
14 2 8 1 93 859 684 911 703 tions
14 2 8 2 92 921 680 1161 713 (Krucker
14 2 8 3 91 1025 676 1047 717 et
14 2 8 4 90 1056 680 1161 713 al.[2007).
14 2 8 5 96 1172 684 1213 703 The
14 2 8 6 96 1223 684 1271 709 high
14 2 8 7 94 1281 684 1426 703 characteristic
14 2 8 8 93 1437 684 1484 703 time
14 2 8 9 93 1494 684 1564 703 broad-
14 2 9 1 96 858 720 894 733 ens
14 2 9 2 96 903 714 935 733 the
14 2 9 3 96 945 714 1032 733 electron
14 2 9 4 96 1041 714 1106 737 beam,
14 2 9 5 96 1116 720 1127 733 a
14 2 9 6 96 1136 720 1217 739 process
14 2 9 7 96 1227 714 1267 733 that
14 2 9 8 96 1276 714 1343 733 would
14 2 9 9 96 1352 714 1402 733 have
14 2 9 10 96 1411 714 1516 739 happened
14 2 9 11 96 1525 718 1545 733 to
14 2 9 12 96 1555 720 1566 733 a
14 2 10 1 96 858 747 935 769 greater
14 2 10 2 96 944 747 1010 763 extent
14 2 10 3 96 1020 744 1038 763 if
14 2 10 4 96 1046 750 1082 763 our
14 2 10 5 96 1092 744 1180 763 electron
14 2 10 6 95 1190 744 1248 763 beam
14 2 10 7 96 1258 744 1297 763 had
14 2 10 8 96 1308 744 1402 763 travelled
14 2 10 9 96 1412 747 1432 763 to
14 2 10 10 91 1449 744 1452 763 1
14 2 10 11 96 1465 744 1502 764 AU
14 2 10 12 96 1513 744 1565 763 from
14 2 11 1 96 859 775 891 794 the
14 2 11 2 96 899 775 946 794 Sun.
14 2 11 3 97 954 775 996 794 The
14 2 11 4 97 1003 775 1051 800 high
14 2 11 5 96 1059 775 1137 800 density
14 2 11 6 96 1145 775 1194 794 ratio
14 2 11 7 96 1202 775 1218 794 is
14 2 11 8 96 1226 778 1246 794 to
14 2 11 9 96 1254 781 1324 794 ensure
14 2 11 10 96 1332 781 1343 794 a
14 2 11 11 96 1350 775 1398 800 high
14 2 11 12 96 1405 781 1479 800 energy
14 2 11 13 96 1486 775 1565 800 density
14 2 12 1 96 858 805 882 824 of
14 2 12 2 96 888 805 997 830 Langmuir
14 2 12 3 96 1005 811 1071 824 waves
14 2 12 4 96 1080 805 1096 824 is
14 2 12 5 96 1105 805 1197 824 induced.
14 3 1 1 93 859 838 900 857 4.1.
14 3 1 2 91 913 838 1082 858 Beam-induced
14 3 1 3 96 1090 838 1172 858 electric
14 3 1 4 96 1181 838 1228 858 field
15 1 1 1 95 1195 312 1550 315 " "
16 1 1 1 96 900 888 941 907 The
16 1 1 2 96 954 888 1071 913 fluctuating
16 1 1 3 96 1082 892 1205 913 component
16 1 1 4 96 1216 888 1240 907 of
16 1 1 5 96 1250 888 1282 907 the
16 1 1 6 96 1294 888 1424 913 background
16 1 1 7 93 1435 888 1518 913 plasma,
16 1 1 8 92 1531 888 1565 907 de-
16 1 2 1 96 859 919 937 938 scribed
16 1 2 2 96 945 919 970 944 by
16 1 2 3 23 979 911 1109 952 Equation[8}
16 1 2 4 96 1113 919 1129 938 is
16 1 2 5 96 1138 919 1205 938 varied
16 1 2 6 96 1213 919 1298 944 through
16 1 2 7 96 1305 919 1337 938 the
16 1 2 8 96 1345 919 1439 944 intensity
16 1 2 9 96 1447 919 1471 938 of
16 1 2 10 93 1477 919 1509 938 the
16 1 2 11 92 1517 919 1564 938 den-
16 1 3 1 97 859 949 896 974 sity
16 1 3 2 93 905 949 1019 968 turbulence
16 1 3 3 92 1027 949 1089 973 An/n.
16 1 3 4 96 1098 949 1150 968 Nine
16 1 3 5 96 1159 949 1284 968 simulations
16 1 3 6 96 1292 955 1344 968 were
16 1 3 7 96 1352 955 1386 968 ran
16 1 3 8 93 1394 949 1441 968 with
16 1 3 9 93 1449 949 1504 973 An/n
16 1 3 10 96 1513 949 1565 968 from
16 1 4 1 18 861 976 929 1003 107!5,
16 1 4 2 73 939 976 991 1003 10-2,
16 1 4 3 77 1001 976 1069 1003 10-25,
16 1 4 4 65 1078 976 1131 1003 1073,
16 1 4 5 76 1141 976 1208 1003 10-35,
16 1 4 6 57 1218 976 1271 1003 1074,
16 1 4 7 61 1281 976 1348 1003 10-45,
16 1 4 8 70 1358 976 1403 999 10-5
16 1 4 9 94 1413 980 1452 999 and
16 1 4 10 93 1460 986 1486 999 no
16 1 4 11 93 1495 980 1564 999 fluctu-
16 1 5 1 96 859 1010 929 1029 ations.
16 1 5 2 96 941 1010 1074 1035 Propagation
16 1 5 3 96 1085 1010 1108 1029 of
16 1 5 4 96 1118 1010 1150 1029 the
16 1 5 5 96 1161 1010 1220 1029 beam
16 1 5 6 96 1231 1016 1301 1029 causes
16 1 5 7 96 1312 1010 1421 1035 Langmuir
16 1 5 8 96 1432 1016 1497 1029 waves
16 1 5 9 96 1509 1014 1529 1029 to
16 1 5 10 96 1540 1010 1565 1029 be
16 1 6 1 96 858 1040 945 1059 induced
16 1 6 2 96 957 1040 1007 1059 after
16 1 6 3 96 1018 1040 1044 1059 80
16 1 6 4 96 1057 1040 1148 1063 seconds,
16 1 6 5 96 1161 1040 1244 1065 relating
16 1 6 6 96 1256 1043 1276 1059 to
16 1 6 7 96 1288 1046 1324 1059 our
16 1 6 8 96 1335 1040 1406 1059 choice
16 1 6 9 96 1418 1040 1441 1059 of
16 1 6 10 50 1452 1047 1464 1059 tT
16 1 6 11 96 1480 1048 1494 1056 =
16 1 6 12 77 1511 1040 1564 1059 20s.
16 1 7 1 96 858 1071 967 1096 Langmuir
16 1 7 2 96 978 1077 1033 1090 wave
16 1 7 3 96 1044 1071 1163 1096 production
16 1 7 4 96 1175 1071 1274 1090 increases
16 1 7 5 96 1286 1077 1307 1090 as
16 1 7 6 96 1319 1077 1330 1090 a
16 1 7 7 96 1341 1071 1432 1090 function
16 1 7 8 96 1443 1071 1467 1090 of
16 1 7 9 96 1476 1071 1524 1090 time
16 1 7 10 96 1536 1071 1565 1090 till
16 1 8 1 96 859 1101 934 1120 around
16 1 8 2 96 943 1101 982 1120 200
16 1 8 3 96 991 1101 1077 1120 seconds
16 1 8 4 96 1085 1101 1135 1120 after
16 1 8 5 96 1143 1101 1209 1120 which
16 1 8 6 96 1218 1101 1234 1120 is
16 1 8 7 96 1243 1101 1329 1120 remains
16 1 8 8 96 1337 1101 1421 1126 roughly
16 1 8 9 96 1430 1104 1527 1120 constant.
16 2 1 1 96 900 1134 970 1159 Figure
16 2 1 2 65 983 1126 1012 1168 2p
16 2 1 3 96 1022 1134 1088 1153 shows
16 2 1 4 96 1102 1140 1113 1153 a
16 2 1 5 96 1126 1134 1221 1159 snapshot
16 2 1 6 96 1234 1134 1257 1153 of
16 2 1 7 97 1268 1134 1300 1153 the
16 2 1 8 96 1313 1134 1393 1153 electric
16 2 1 9 96 1407 1134 1455 1153 field
16 2 1 10 95 1468 1134 1520 1153 from
16 2 1 11 96 1533 1134 1565 1153 the
16 2 2 1 96 858 1164 967 1189 Langmuir
16 2 2 2 96 975 1170 1030 1183 wave
16 2 2 3 96 1038 1170 1111 1189 energy
16 2 2 4 96 1119 1164 1197 1189 density
16 2 2 5 89 1206 1164 1255 1183 after
16 2 2 6 89 1263 1164 1302 1183 277
16 2 2 7 96 1311 1164 1402 1183 seconds.
16 2 2 8 92 1411 1164 1475 1183 When
16 2 2 9 91 1484 1164 1539 1188 An/n
16 2 2 10 96 1550 1172 1564 1180 =
16 2 3 1 91 858 1195 871 1214 0
16 2 3 2 96 883 1196 917 1218 (no
16 2 3 3 96 929 1195 1071 1219 fluctuations),
16 2 3 4 96 1083 1195 1115 1214 the
16 2 3 5 96 1126 1195 1206 1214 electric
16 2 3 6 96 1217 1195 1265 1214 field
16 2 3 7 96 1275 1195 1311 1214 has
16 2 3 8 96 1322 1201 1333 1214 a
16 2 3 9 96 1344 1195 1424 1214 smooth
16 2 3 10 96 1434 1195 1511 1220 profile.
16 2 3 11 96 1523 1195 1565 1214 The
16 2 4 1 96 859 1231 914 1244 wave
16 2 4 2 96 924 1231 997 1250 energy
16 2 4 3 96 1007 1225 1085 1250 density
16 2 4 4 96 1096 1225 1113 1244 is
16 2 4 5 96 1123 1225 1236 1250 dependent
16 2 4 6 96 1246 1231 1299 1250 upon
16 2 4 7 96 1309 1225 1341 1244 the
16 2 4 8 96 1351 1225 1439 1244 electron
16 2 4 9 93 1448 1225 1507 1244 beam
16 2 4 10 92 1517 1225 1565 1244 den-
16 2 5 1 96 859 1256 896 1281 sity
16 2 5 2 96 1164 1256 1202 1275 and
16 2 5 3 96 1215 1262 1238 1275 so
16 2 5 4 95 1250 1256 1267 1275 is
16 2 5 5 95 1280 1256 1420 1275 concentrated
16 2 5 6 96 1432 1256 1452 1275 in
16 2 5 7 96 1465 1256 1497 1275 the
16 2 5 8 96 1510 1262 1565 1275 same
16 2 6 1 96 858 1286 927 1311 region
16 2 6 2 96 939 1286 963 1305 of
16 2 6 3 96 974 1292 1033 1311 space
16 2 6 4 96 1045 1292 1066 1305 as
16 2 6 5 96 1078 1286 1111 1305 the
16 2 6 6 96 1122 1286 1170 1305 bulk
16 2 6 7 96 1182 1286 1205 1305 of
16 2 6 8 96 1215 1286 1247 1305 the
16 2 6 9 96 1259 1286 1347 1305 electron
16 2 6 10 96 1359 1286 1423 1305 beam.
16 2 6 11 96 1436 1286 1484 1305 This
16 2 6 12 96 1496 1286 1565 1311 region
16 2 7 1 96 859 1317 948 1336 increase
16 2 7 2 96 959 1323 979 1336 as
16 2 7 3 96 991 1323 1001 1336 a
16 2 7 4 96 1012 1317 1103 1336 function
16 2 7 5 96 1113 1317 1137 1336 of
16 2 7 6 96 1145 1317 1193 1336 time
16 2 7 7 96 1204 1323 1225 1336 as
16 2 7 8 96 1236 1317 1268 1336 the
16 2 7 9 96 1278 1323 1338 1342 range
16 2 7 10 97 1349 1317 1373 1336 of
16 2 7 11 97 1382 1317 1485 1336 velocities
16 2 7 12 96 1496 1317 1565 1336 within
16 2 8 1 96 859 1347 891 1366 the
16 2 8 2 96 900 1347 987 1366 electron
16 2 8 3 96 996 1347 1055 1366 beam
16 2 8 4 96 1063 1353 1134 1366 causes
16 2 8 5 96 1143 1347 1157 1366 it
16 2 8 6 96 1166 1350 1186 1366 to
16 2 8 7 96 1195 1347 1265 1372 spread
16 2 8 8 96 1274 1347 1294 1366 in
16 2 8 9 96 1303 1353 1368 1372 space.
16 2 8 10 96 1378 1347 1420 1366 The
16 2 8 11 96 1428 1347 1508 1366 electric
16 2 8 12 96 1518 1347 1565 1366 field
16 2 9 1 97 859 1378 875 1397 is
16 2 9 2 96 888 1378 968 1397 smaller
16 2 9 3 96 979 1381 997 1397 at
16 2 9 4 96 1008 1378 1040 1397 the
16 2 9 5 96 1052 1378 1104 1397 front
16 2 9 6 97 1116 1378 1139 1397 of
16 2 9 7 96 1148 1378 1180 1397 the
16 2 9 8 96 1192 1378 1280 1397 electron
16 2 9 9 96 1291 1378 1350 1397 beam
16 2 9 10 96 1361 1378 1427 1397 where
16 2 9 11 96 1438 1378 1470 1397 the
16 2 9 12 96 1482 1378 1566 1397 number
16 2 10 1 96 858 1408 936 1433 density
16 2 10 2 96 945 1408 969 1427 of
16 2 10 3 96 975 1408 1073 1427 electrons
16 2 10 4 96 1082 1408 1099 1427 is
16 2 10 5 96 1108 1408 1192 1427 smaller.
16 3 1 1 91 900 1441 965 1460 When
16 3 1 2 91 974 1441 1030 1464 An/n
16 3 1 3 96 1040 1441 1056 1460 is
16 3 1 4 96 1066 1441 1169 1460 increased
16 3 1 5 96 1178 1441 1210 1460 the
16 3 1 6 96 1219 1441 1299 1460 electric
16 3 1 7 96 1309 1441 1357 1460 field
16 3 1 8 96 1366 1441 1432 1460 shows
16 3 1 9 93 1442 1441 1474 1460 the
16 3 1 10 91 1484 1441 1564 1466 clumpy
16 3 2 1 96 858 1471 968 1490 behaviour
16 3 2 2 96 982 1477 1029 1490 seen
16 3 2 3 96 1043 1471 1095 1490 from
16 3 2 4 96 1109 1471 1178 1490 in-situ
16 3 2 5 96 1192 1471 1335 1490 observations.
16 3 2 6 93 1350 1471 1377 1490 At
16 3 2 7 91 1390 1471 1446 1495 An/n
16 3 2 8 92 1466 1479 1481 1487 =
16 3 2 9 17 1504 1467 1563 1490 10-2°
16 3 3 1 96 859 1501 897 1520 and
16 3 3 2 96 908 1501 982 1526 higher,
16 3 3 3 97 995 1501 1027 1520 the
16 3 3 4 96 1038 1501 1117 1520 electric
16 3 3 5 96 1129 1501 1177 1520 field
16 3 3 6 96 1188 1501 1205 1520 is
16 3 3 7 96 1216 1501 1280 1520 above
16 3 3 8 97 1291 1501 1323 1520 the
16 3 3 9 96 1335 1501 1417 1520 thermal
16 3 3 10 96 1429 1501 1480 1520 level
16 3 3 11 96 1491 1501 1565 1520 behind
16 3 4 1 96 859 1532 891 1551 the
16 3 4 2 96 903 1532 990 1551 electron
16 3 4 3 96 1002 1532 1066 1551 beam.
16 3 4 4 96 1079 1532 1121 1551 The
16 3 4 5 96 1133 1532 1210 1557 density
16 3 4 6 96 1224 1532 1350 1551 fluctuations
16 3 4 7 96 1362 1532 1412 1551 have
16 3 4 8 94 1424 1532 1521 1551 refracted
16 3 4 9 94 1533 1532 1565 1551 the
16 3 5 1 96 858 1562 967 1587 Langmuir
16 3 5 2 96 975 1568 1041 1581 waves
16 3 5 3 96 1050 1566 1085 1581 out
16 3 5 4 96 1093 1562 1116 1581 of
16 3 5 5 96 1123 1562 1184 1587 phase
16 3 5 6 96 1194 1562 1255 1587 speed
16 3 5 7 96 1263 1568 1323 1587 range
16 3 5 8 96 1332 1562 1398 1581 where
16 3 5 9 96 1407 1562 1452 1587 they
16 3 5 10 93 1461 1568 1498 1581 can
16 3 5 11 90 1507 1562 1564 1581 inter-
16 3 6 1 96 859 1596 890 1612 act
16 3 6 2 96 898 1593 945 1612 with
16 3 6 3 96 953 1593 985 1612 the
16 3 6 4 96 993 1593 1080 1612 electron
16 3 6 5 96 1088 1593 1152 1612 beam.
16 3 6 6 96 1161 1593 1312 1618 Consequently
16 3 6 7 96 1320 1593 1375 1612 these
16 3 6 8 96 1383 1593 1491 1618 Langmuir
16 3 6 9 96 1499 1599 1565 1612 waves
16 3 7 1 96 858 1627 932 1642 cannot
16 3 7 2 93 942 1623 967 1642 be
16 3 7 3 93 978 1623 1108 1642 re-absorbed
16 3 7 4 96 1119 1629 1141 1642 as
16 3 7 5 96 1153 1623 1185 1642 the
16 3 7 6 96 1196 1623 1248 1642 back
16 3 7 7 96 1259 1623 1282 1642 of
16 3 7 8 96 1292 1623 1324 1642 the
16 3 7 9 96 1336 1623 1423 1642 electron
16 3 7 10 96 1435 1623 1494 1642 beam
16 3 7 11 96 1505 1623 1565 1642 cloud
17 1 1 1 96 858 1660 927 1679 passes
17 1 1 2 96 936 1654 990 1673 them
17 1 1 3 96 997 1654 1017 1673 in
17 1 1 4 93 1025 1660 1085 1679 space
17 1 1 5 59 1096 1653 1265 1681 (Kontar|2001a).
17 1 1 6 96 1273 1654 1328 1679 They
17 1 1 7 96 1337 1660 1369 1673 are
17 1 1 8 96 1376 1654 1412 1673 left
17 1 1 9 93 1419 1654 1500 1677 behind,
17 1 1 10 92 1508 1660 1564 1673 caus-
17 1 2 1 96 859 1684 893 1709 ing
17 1 2 2 96 901 1690 925 1703 an
17 1 2 3 96 933 1690 1007 1709 energy
17 1 2 4 91 1015 1684 1056 1703 loss
17 1 2 5 91 1065 1688 1085 1703 to
17 1 2 6 97 1093 1684 1125 1703 the
17 1 2 7 96 1133 1684 1264 1709 propagating
17 1 2 8 96 1272 1684 1360 1703 electron
17 1 2 9 93 1368 1684 1427 1703 beam
17 1 2 10 62 1435 1680 1570 1714 (see|Reid
17 1 2 11 92 1548 1676 1573 1718 &|
18 1 1 1 88 942 1715 994 1734 2013}
18 1 1 2 96 1011 1715 1042 1734 for
18 1 1 3 96 1050 1715 1137 1740 analysis
18 1 1 4 96 1146 1721 1172 1734 on
18 1 1 5 96 1180 1715 1239 1734 beam
18 1 1 6 96 1247 1721 1320 1740 energy
18 1 1 7 96 1329 1715 1386 1739 loss).
19 1 1 1 96 859 1747 900 1766 4.2.
19 1 1 2 96 913 1747 999 1767 Electric
19 1 1 3 96 1007 1747 1055 1767 field
19 1 1 4 96 1062 1747 1187 1767 distribution
19 1 1 5 97 1196 1752 1247 1767 over
19 1 1 6 96 1254 1747 1289 1767 the
19 1 1 7 96 1298 1747 1362 1767 entire
19 1 1 8 96 1370 1747 1435 1767 beam
20 1 1 1 95 1522 1699 1565 1703 " "
21 1 1 1 96 900 1798 927 1816 To
21 1 1 2 96 935 1797 1016 1822 analyse
21 1 1 3 97 1024 1797 1056 1816 the
21 1 1 4 97 1064 1797 1189 1816 distribution
21 1 1 5 96 1197 1797 1221 1816 of
21 1 1 6 96 1226 1797 1258 1816 the
21 1 1 7 96 1266 1797 1346 1816 electric
21 1 1 8 95 1354 1797 1402 1816 field
21 1 1 9 95 1409 1803 1457 1816 over
21 1 1 10 96 1464 1797 1496 1816 the
21 1 1 11 96 1503 1797 1565 1816 entire
21 1 2 1 96 858 1828 917 1847 beam
21 1 2 2 96 925 1834 955 1847 we
21 1 2 3 96 962 1828 1012 1847 have
21 1 2 4 93 1019 1828 1095 1853 plotted
21 1 2 5 89 1102 1828 1162 1853 P(log
21 1 2 6 53 1169 1828 1201 1852 £),
21 1 2 7 97 1209 1828 1241 1847 the
21 1 2 8 96 1248 1828 1368 1853 probability
21 1 2 9 93 1375 1828 1501 1847 distribution
21 1 2 10 92 1508 1828 1564 1847 func-
21 1 3 1 96 859 1858 900 1877 tion
21 1 3 2 96 908 1858 975 1882 (PDF)
21 1 3 3 96 983 1858 1007 1877 of
21 1 3 4 96 1012 1858 1044 1877 the
21 1 3 5 96 1052 1858 1100 1877 base
21 1 3 6 96 1110 1858 1134 1878 10
21 1 3 7 96 1141 1858 1247 1883 logarithm
21 1 3 8 96 1255 1858 1278 1877 of
21 1 3 9 97 1284 1858 1316 1877 the
21 1 3 10 96 1324 1858 1403 1877 electric
21 1 3 11 96 1412 1858 1459 1877 field
21 1 3 12 96 1467 1858 1487 1877 in
21 1 3 13 96 1494 1858 1565 1883 Figure
21 1 4 1 96 895 1893 913 1908 at
21 1 4 2 54 923 1893 930 1908 tf
21 1 4 3 94 941 1897 956 1905 =
21 1 4 4 96 968 1889 1007 1908 277
21 1 4 5 96 1018 1889 1109 1908 seconds.
21 1 4 6 96 1120 1890 1155 1908 We
21 1 4 7 96 1164 1889 1214 1908 have
21 1 4 8 96 1224 1889 1271 1914 only
21 1 4 9 96 1281 1889 1400 1908 considered
21 1 4 10 96 1409 1895 1464 1908 areas
21 1 4 11 97 1474 1889 1498 1908 of
21 1 4 12 96 1506 1895 1565 1914 space
21 1 5 1 96 859 1919 925 1938 where
21 1 5 2 95 935 1919 1043 1944 Langmuir
21 1 5 3 96 1053 1925 1118 1938 waves
21 1 5 4 96 1129 1925 1181 1938 were
21 1 5 5 96 1191 1919 1235 1938 half
21 1 5 6 96 1243 1925 1267 1938 an
21 1 5 7 96 1277 1919 1335 1938 order
21 1 5 8 96 1344 1919 1368 1938 of
21 1 5 9 96 1376 1919 1491 1944 magnitude
21 1 5 10 96 1501 1919 1565 1938 above
21 1 6 1 96 859 1950 891 1969 the
21 1 6 2 96 898 1950 1028 1975 background
21 1 6 3 96 1035 1950 1092 1973 level,
21 1 6 4 92 1101 1956 1123 1969 or
21 1 6 5 60 1130 1950 1273 1975 log[U,,/U,,(t
21 1 6 6 93 1282 1958 1297 1966 =
21 1 6 7 92 1307 1950 1336 1974 0)]
21 1 6 8 96 1348 1955 1362 1968 >
21 1 6 9 96 1372 1950 1411 1973 0.5,
21 1 6 10 96 1419 1953 1440 1969 to
21 1 6 11 96 1447 1950 1526 1975 neglect
21 1 6 12 96 1533 1950 1565 1969 the
21 1 7 1 96 858 1980 988 2005 background
21 1 7 2 96 998 1980 1051 1999 from
21 1 7 3 96 1061 1980 1093 1999 the
21 1 7 4 96 1103 1981 1157 2003 PDF,
21 1 7 5 96 1168 1980 1325 2005 corresponding
21 1 7 6 93 1335 1984 1355 1999 to
21 1 7 7 90 1365 1981 1383 1999 E
21 1 7 8 93 1396 1985 1410 1999 >
21 1 7 9 46 1427 1980 1512 2003 1.78£,,.
21 1 7 10 97 1523 1980 1565 1999 The
22 1 1 1 96 858 2020 908 2038 PDF
22 1 1 2 96 916 2019 961 2038 thus
22 1 1 3 96 969 2019 1032 2044 obeys
22 1 1 4 96 1041 2019 1073 2038 the
22 1 1 5 97 1081 2019 1184 2038 condition
22 1 1 6 44 1192 2008 1260 2052 Se,
22 1 1 7 67 1269 2019 1329 2044 P(og
22 1 1 8 38 1336 2019 1377 2042 E)d
22 1 1 9 38 1383 2019 1416 2044 log
22 1 1 10 90 1423 2020 1440 2038 E
22 1 1 11 91 1450 2027 1464 2035 =
22 1 1 12 91 1477 2019 1493 2038 1.
22 1 2 1 96 900 2057 941 2076 The
22 1 2 2 96 951 2061 985 2082 top
22 1 2 3 96 993 2057 1052 2082 panel
22 1 2 4 97 1062 2057 1082 2076 in
22 1 2 5 12 1091 2057 1161 2082 Figure
22 1 2 6 12 1169 2049 1200 2090 2p
22 1 2 7 93 1207 2057 1272 2076 shows
22 1 2 8 92 1282 2057 1343 2082 P(log
22 1 2 9 82 1349 2057 1375 2081 E)
22 1 2 10 93 1385 2057 1443 2076 when
22 1 2 11 91 1452 2057 1508 2080 An/n
22 1 2 12 95 1520 2065 1534 2073 =
22 1 2 13 95 1546 2057 1564 2076 0.
22 1 3 1 96 859 2088 893 2106 We
22 1 3 2 93 907 2087 957 2106 have
22 1 3 3 93 971 2087 1104 2112 over-plotted
22 1 3 4 96 1118 2087 1150 2106 the
22 1 3 5 96 1164 2087 1270 2112 analytical
22 1 3 6 96 1284 2088 1334 2106 PDF
22 1 3 7 96 1347 2087 1371 2106 of
22 1 3 8 96 1383 2093 1394 2106 a
22 1 3 9 96 1408 2087 1508 2106 Gaussian
22 1 3 10 96 1522 2088 1565 2110 (see
