block para line word confidence X1 Y1 X2 Y2 token
1 1 1 1 95 151 596 201 615 FIG.
1 1 1 2 96 214 598 229 614 1.
1 1 1 3 96 246 596 314 620 (Color
1 1 1 4 96 324 596 397 620 online)
1 1 1 5 96 410 597 474 614 Phase
1 1 1 6 96 484 597 574 619 diagram
1 1 1 7 96 583 596 605 614 of
1 1 1 8 96 613 597 647 614 the
1 1 1 9 93 657 597 745 614 classical
1 1 1 10 93 755 597 829 614 Hamil-
1 1 2 1 92 150 626 220 643 tonian
1 1 2 2 96 231 624 259 649 (4)
1 1 2 3 93 270 625 299 643 for
1 1 2 4 92 308 626 329 643 N
1 1 2 5 96 339 634 355 640 =
1 1 2 6 95 365 626 376 644 3
1 1 2 7 95 385 626 448 643 colors
1 1 2 8 96 457 626 496 643 and
1 1 2 9 97 506 626 594 643 disorder
1 1 2 10 96 603 626 733 643 distribution
1 1 2 11 96 743 625 771 649 (5)
1 1 2 12 96 782 626 830 643 with
1 1 3 1 92 152 656 175 676 Jn
1 1 3 2 9 187 664 203 670 =
1 1 3 3 9 215 656 231 678 1,
1 1 3 4 73 244 656 261 676 Ji
1 1 3 5 90 273 664 290 670 =
1 1 3 6 90 300 656 350 678 0.25,
1 1 3 7 92 362 656 401 673 and
1 1 3 8 84 412 662 422 673 c
1 1 3 9 95 431 664 448 670 =
1 1 3 10 95 458 656 495 674 0.5.
1 1 3 11 96 510 656 553 673 The
1 1 3 12 96 563 656 609 673 dots
1 1 3 13 96 620 656 659 673 and
1 1 3 14 96 669 656 763 678 triangles
1 1 3 15 96 774 656 830 673 mark
1 1 4 1 96 150 685 185 702 the
1 1 4 2 96 197 685 325 707 numerically
1 1 4 3 96 337 685 461 702 determined
1 1 4 4 96 472 685 589 702 transitions
1 1 4 5 96 601 685 690 702 between
1 1 4 6 96 702 685 736 702 the
1 1 4 7 96 749 685 829 707 Baxter,
1 1 5 1 96 151 714 243 736 product,
1 1 5 2 96 253 714 293 731 and
1 1 5 3 95 302 714 451 736 paramagnetic
1 1 5 4 96 461 714 537 736 phases.
1 1 5 5 96 552 714 594 731 The
1 1 5 6 96 603 714 653 731 solid
1 1 5 7 96 662 714 710 731 lines
1 1 5 8 96 720 720 752 731 are
1 1 5 9 96 761 714 830 736 guides
1 1 6 1 96 150 745 172 760 to
1 1 6 2 96 183 743 218 760 the
1 1 6 3 96 229 749 263 765 eye
1 1 6 4 96 275 743 325 765 only.
1 1 6 5 96 344 743 387 760 The
1 1 6 6 96 399 743 474 760 dashed
1 1 6 7 96 486 743 524 760 line
1 1 6 8 93 536 743 602 760 marks
1 1 6 9 40 614 749 632 762 €.
1 1 6 10 96 645 751 662 757 =
1 1 6 11 96 676 743 730 761 1.281
1 1 6 12 72 745 741 782 766 [see
1 1 6 13 95 793 743 828 765 Eq.
1 1 7 1 80 152 770 187 795 (3)]
1 1 7 2 96 198 772 262 789 which
1 1 7 3 96 271 774 372 794 separates
1 1 7 4 96 382 772 416 789 the
1 1 7 5 96 425 772 480 789 weak
1 1 7 6 96 489 772 529 789 and
1 1 7 7 96 538 774 607 794 strong
1 1 7 8 96 616 772 709 794 coupling
1 1 7 9 96 718 772 800 794 regimes
1 1 7 10 97 810 772 830 789 in
1 1 8 1 93 150 801 185 818 the
1 1 8 2 91 195 801 362 823 strong-disorder
1 1 8 3 95 371 801 545 818 renormalization
1 1 8 4 95 555 807 618 823 group
1 1 8 5 96 628 801 763 818 calculations.
2 1 1 1 93 178 893 248 912 where
2 1 1 2 87 259 891 307 919 (...)
2 1 1 3 96 318 893 407 912 denotes
2 1 1 4 97 416 893 454 912 the
2 1 1 5 96 462 893 650 918 thermodynamic
2 1 1 6 96 661 892 745 918 (Monte
2 1 1 7 96 755 892 828 919 Carlo)
2 1 2 1 96 151 931 239 950 average
2 1 2 2 92 251 925 294 944 and
2 1 2 3 7 308 923 379 951 [...]ais
2 1 2 4 96 392 926 409 944 is
2 1 2 5 96 420 925 457 944 the
2 1 2 6 96 469 925 564 944 disorder
2 1 2 7 96 576 931 671 950 average.
2 1 2 8 96 688 925 713 944 In
2 1 2 9 96 724 925 829 949 addition,
2 1 3 1 96 150 963 180 976 we
2 1 3 2 95 192 957 236 976 also
2 1 3 3 96 247 963 344 976 measure
2 1 3 4 96 355 957 392 976 the
3 1 1 1 82 448 1085 540 1109 24
4 1 1 1 96 178 1183 215 1202 the
4 1 1 2 96 229 1183 396 1208 corresponding
4 1 1 3 95 409 1183 501 1207 product
4 1 1 4 96 516 1183 673 1208 susceptibility
4 1 1 5 49 687 1190 721 1210 xp),
4 1 1 6 96 737 1183 780 1202 and
4 1 1 7 96 793 1183 830 1202 the
4 1 2 1 96 151 1217 243 1239 product
4 1 2 2 96 255 1215 334 1234 Binder
4 1 2 3 96 345 1215 455 1234 cumulant
4 1 2 4 93 466 1222 497 1242 gp.
4 2 1 1 96 178 1247 225 1266 The
4 2 1 2 96 234 1247 300 1271 phase
4 2 1 3 96 310 1247 407 1272 diagram
4 2 1 4 96 416 1246 439 1266 of
4 2 1 5 96 446 1247 483 1266 the
4 2 1 6 96 493 1247 589 1266 classical
4 2 1 7 96 598 1247 747 1266 Hamiltonian
4 2 1 8 93 758 1245 788 1273 (4)
4 2 1 9 93 799 1253 829 1266 re-
4 2 2 1 96 151 1279 231 1304 sulting
4 2 2 2 96 242 1279 296 1298 from
4 2 2 3 96 307 1279 367 1298 these
4 2 2 4 96 378 1279 513 1298 simulations
4 2 2 5 96 524 1280 541 1298 is
4 2 2 6 96 551 1279 625 1298 shown
4 2 2 7 96 636 1280 657 1298 in
4 2 2 8 96 668 1279 712 1304 Fig.
4 2 2 9 96 726 1280 743 1298 1.
4 2 2 10 96 758 1279 782 1298 In
4 2 2 11 96 793 1279 830 1298 the
4 2 3 1 92 150 1311 320 1336 weak-coupling
4 2 3 2 93 331 1312 416 1336 regime,
4 2 3 3 89 428 1318 437 1330 €
4 2 3 4 92 449 1315 465 1331 <
4 2 3 5 0 477 1318 504 1335 €¢,
4 2 3 6 96 516 1318 546 1330 we
4 2 3 7 96 557 1310 626 1330 find
4 2 3 8 96 606 1306 619 1341 a
4 2 3 9 96 636 1311 703 1330 direct
4 2 3 10 96 714 1312 830 1330 transition
4 2 4 1 96 151 1343 247 1362 between
4 2 4 2 96 260 1343 297 1362 the
4 2 4 3 96 311 1343 463 1368 magnetically
4 2 4 4 96 476 1343 566 1362 ordered
4 2 4 5 96 580 1343 660 1362 Baxter
4 2 4 6 95 674 1343 740 1367 phase
4 2 4 7 96 754 1345 776 1362 at
4 2 4 8 96 791 1343 830 1362 low
4 2 5 1 96 150 1377 309 1394 temperatures
4 2 5 2 95 327 1375 369 1394 and
4 2 5 3 95 387 1375 424 1394 the
4 2 5 4 96 442 1376 603 1400 paramagnetic
4 2 5 5 96 621 1375 830 1400 high-temperature
4 2 6 1 96 151 1406 223 1431 phase.
4 2 6 2 96 250 1406 289 1425 For
4 2 6 3 96 304 1408 378 1431 strong
4 2 6 4 93 393 1406 499 1431 coupling,
4 2 6 5 35 521 1402 532 1435 «€
4 2 6 6 93 543 1410 560 1426 >
4 2 6 7 39 578 1413 605 1430 €,.,
4 2 6 8 96 622 1406 682 1425 these
4 2 6 9 96 696 1408 738 1425 two
4 2 6 10 96 753 1406 830 1430 phases
4 2 7 1 96 151 1445 186 1457 are
4 2 7 2 96 199 1438 312 1463 separated
4 2 7 3 96 325 1438 353 1463 by
4 2 7 4 96 365 1445 378 1457 a
4 2 7 5 96 390 1438 482 1462 product
4 2 7 6 95 495 1438 568 1463 phase.
4 2 7 7 96 588 1438 612 1457 In
4 2 7 8 96 624 1438 661 1457 the
4 2 7 9 96 673 1437 786 1463 following,
4 2 7 10 96 800 1444 830 1457 we
4 2 8 1 96 151 1470 216 1495 study
4 2 8 2 96 231 1470 268 1489 the
4 2 8 3 96 282 1470 364 1489 critical
4 2 8 4 96 378 1470 492 1489 behaviors
4 2 8 5 96 506 1469 529 1489 of
4 2 8 6 96 542 1470 579 1489 the
4 2 8 7 93 593 1470 720 1489 transitions
4 2 8 8 93 734 1472 829 1494 separat-
4 2 9 1 96 151 1503 186 1527 ing
4 2 9 2 96 209 1502 258 1521 these
4 2 9 3 96 270 1502 363 1526 phases
4 2 9 4 96 359 1509 381 1521 in
4 2 9 5 96 392 1502 465 1526 detail,
4 2 9 6 96 478 1502 521 1521 and
4 2 9 7 96 532 1508 563 1521 we
4 2 9 8 96 575 1509 675 1527 compare
4 2 9 9 96 686 1502 747 1521 them
4 2 9 10 96 758 1504 781 1521 to
4 2 9 11 96 793 1502 830 1521 the
4 2 10 1 96 151 1534 339 1553 renormalization
4 2 10 2 96 349 1540 417 1559 group
4 2 10 3 84 427 1523 565 1558 predictions.
4 3 1 1 89 319 1565 345 1582 B.
4 3 1 2 96 377 1565 448 1582 Weak
4 3 1 3 96 459 1565 566 1587 coupling
4 3 1 4 96 577 1565 662 1587 regime
5 1 1 1 95 527 1253 547 1266 " "
6 1 1 1 95 200 1215 207 1521 " "
7 1 1 1 96 178 1635 202 1654 In
7 1 1 2 93 212 1635 249 1654 the
7 1 1 3 93 259 1635 429 1660 weak-coupling
7 1 1 4 93 438 1636 523 1660 regime,
7 1 1 5 76 535 1642 544 1654 €
7 1 1 6 92 555 1639 572 1655 <
7 1 1 7 7 583 1642 610 1659 €¢,
7 1 1 8 96 621 1641 652 1654 we
7 1 1 9 93 662 1634 756 1660 perform
7 1 1 10 92 766 1635 829 1654 simu-
7 1 2 1 97 151 1667 229 1686 lations
7 1 2 2 97 240 1666 272 1686 for
7 1 2 3 96 283 1667 383 1692 coupling
7 1 2 4 93 393 1667 503 1692 strengths
7 1 2 5 58 514 1674 523 1686 ¢
7 1 2 6 96 534 1676 552 1682 =
7 1 2 7 96 562 1667 581 1691 0,
7 1 2 8 96 593 1667 626 1687 0.3
7 1 2 9 96 638 1667 681 1686 and
7 1 2 10 93 692 1667 725 1687 0.5
7 1 2 11 91 736 1667 829 1692 employ-
7 1 3 1 96 151 1698 186 1723 ing
7 1 3 2 96 197 1698 234 1717 the
7 1 3 3 96 245 1697 310 1718 Wolff
7 1 3 4 93 320 1698 363 1717 and
7 1 3 5 92 375 1697 568 1723 Swendsen-Wang
7 1 3 6 96 579 1698 657 1717 cluster
7 1 3 7 96 669 1698 795 1723 algorithms
7 1 3 8 96 807 1705 830 1717 as
7 1 4 1 96 151 1730 260 1750 discussed
7 1 4 2 96 269 1730 342 1749 above.
7 1 4 3 96 357 1730 452 1749 Because
7 1 4 4 96 460 1730 497 1749 the
7 1 4 5 96 505 1730 600 1749 disorder
7 1 4 6 96 609 1730 685 1749 breaks
7 1 4 7 92 693 1730 730 1749 the
7 1 4 8 92 738 1736 829 1755 symme-
7 1 5 1 96 151 1764 186 1787 try
7 1 5 2 96 195 1762 291 1781 between
7 1 5 3 97 300 1762 337 1781 the
7 1 5 4 96 346 1769 410 1787 space
7 1 5 5 96 419 1762 462 1781 and
7 1 5 6 96 473 1760 610 1788 (imaginary)
7 1 5 7 96 622 1763 674 1781 time
7 1 5 8 96 684 1762 799 1781 directions
7 1 5 9 96 808 1763 830 1781 in
7 1 6 1 96 151 1794 187 1813 the
7 1 6 2 96 197 1794 345 1813 Hamiltonian
7 1 6 3 96 356 1792 394 1820 (4),
7 1 6 4 93 405 1794 441 1813 the
7 1 6 5 92 450 1793 563 1813 finite-size
7 1 6 6 96 572 1794 652 1819 scaling
7 1 6 7 96 661 1794 754 1819 analysis
7 1 6 8 97 763 1793 786 1813 of
7 1 6 9 97 793 1794 830 1813 the
7 1 7 1 96 151 1826 203 1845 data
7 1 7 2 95 212 1828 236 1845 to
7 1 7 3 96 245 1825 290 1845 find
7 1 7 4 97 299 1826 336 1845 the
7 1 7 5 96 346 1826 427 1845 critical
7 1 7 6 96 436 1828 556 1850 exponents
7 1 7 7 96 565 1826 664 1845 becomes
7 1 7 8 93 674 1832 733 1845 more
7 1 7 9 91 742 1826 829 1850 compli-
7 1 8 1 96 151 1858 220 1877 cated.
7 1 8 2 96 235 1858 287 1877 This
7 1 8 3 96 298 1859 315 1877 is
7 1 8 4 96 325 1858 403 1877 caused
7 1 8 5 96 413 1858 441 1883 by
7 1 8 6 97 451 1858 488 1877 the
7 1 8 7 96 498 1857 541 1878 fact
7 1 8 8 96 552 1858 601 1877 that
7 1 8 9 97 611 1858 648 1877 the
7 1 8 10 96 659 1860 740 1883 system
7 1 8 11 93 750 1858 802 1877 sizes
7 1 8 12 92 813 1858 829 1877 L
7 1 9 1 93 151 1889 194 1908 and
7 1 9 2 49 205 1889 230 1913 L,
7 1 9 3 96 244 1890 265 1908 in
7 1 9 4 96 276 1889 313 1908 the
7 1 9 5 96 324 1896 388 1913 space
7 1 9 6 96 400 1889 442 1908 and
7 1 9 7 96 453 1890 506 1908 time
7 1 9 8 96 517 1889 632 1908 directions
7 1 9 9 96 644 1896 680 1908 are
7 1 9 10 96 691 1889 795 1913 expected
7 1 9 11 96 807 1891 830 1908 to
7 1 10 1 96 151 1921 204 1940 have
7 1 10 2 96 214 1920 312 1940 different
7 1 10 3 96 323 1921 404 1946 scaling
7 1 10 4 96 414 1921 522 1940 behavior.
7 1 10 5 96 538 1921 604 1945 Thus,
7 1 10 6 96 615 1921 652 1940 the
7 1 10 7 96 663 1923 744 1940 correct
7 1 10 8 96 756 1923 829 1945 aspect
7 1 11 1 91 151 1953 217 1972 ratios
7 1 11 2 83 228 1951 287 1979 L,/L
7 1 11 3 96 298 1952 321 1972 of
7 1 11 4 96 329 1953 366 1972 the
7 1 11 5 96 377 1953 470 1977 samples
7 1 11 6 97 480 1955 504 1972 to
7 1 11 7 97 514 1953 541 1972 be
7 1 11 8 97 552 1953 604 1972 used
7 1 11 9 96 615 1954 637 1972 in
7 1 11 10 96 647 1953 684 1972 the
7 1 11 11 96 695 1953 830 1972 simulations
7 1 12 1 96 151 1992 186 2004 are
7 1 12 2 94 197 1987 235 2004 not
7 1 12 3 94 246 1985 323 2004 known
7 1 12 4 95 325 1981 337 2013 a
7 1 12 5 96 357 1986 428 2009 priori.
8 1 1 1 96 909 153 939 172 To
8 1 1 2 96 958 160 1068 172 overcome
8 1 1 3 95 1088 153 1131 172 this
8 1 1 4 96 1151 153 1248 177 problem
8 1 1 5 95 1267 160 1297 172 we
8 1 1 6 95 1317 152 1386 172 follow
8 1 1 7 95 1405 153 1442 172 the
8 1 1 8 96 1462 154 1561 172 iterative
8 1 2 1 96 881 185 971 204 method
8 1 2 2 96 984 185 1095 210 employed
8 1 2 3 96 1108 186 1130 204 in
8 1 2 4 95 1142 184 1199 205 Refs.
8 1 2 5 86 1213 185 1280 205 45-48
8 1 2 6 96 1293 185 1362 204 which
8 1 2 7 97 1375 186 1392 204 is
8 1 2 8 96 1404 185 1471 204 based
8 1 2 9 96 1483 192 1511 204 on
8 1 2 10 96 1523 185 1561 204 the
8 1 3 1 96 881 216 961 235 Binder
8 1 3 2 95 974 216 1091 236 cumulant.
8 1 3 3 96 1115 215 1145 235 As
8 1 3 4 96 1158 216 1195 235 the
8 1 3 5 96 1209 216 1397 235 renormalization
8 1 3 6 93 1410 222 1478 241 group
8 1 3 7 92 1491 216 1560 235 calcu-
8 1 4 1 96 881 248 960 267 lations
8 1 4 2 93 973 248 1055 272 predict
8 1 4 3 91 1069 247 1303 267 infinite-randomness
8 1 4 4 96 1316 248 1430 273 criticality
8 1 4 5 93 1443 248 1495 267 with
8 1 4 6 93 1509 248 1560 267 acti-
8 1 5 1 96 881 280 945 299 vated
8 1 5 2 96 957 280 1079 305 dynamical
8 1 5 3 96 1091 280 1178 305 scaling,
8 1 5 4 96 1191 280 1228 299 the
8 1 5 5 95 1240 280 1321 305 scaling
8 1 5 6 95 1333 280 1387 299 form
8 1 5 7 96 1399 279 1422 299 of
8 1 5 8 96 1432 280 1469 299 the
8 1 5 9 96 1481 280 1561 299 Binder
8 1 6 1 96 881 312 991 331 cumulant
8 1 6 2 96 1005 310 1082 338 (which
8 1 6 3 96 1093 312 1131 331 has
8 1 6 4 96 1142 312 1198 331 scale
8 1 6 5 96 1208 312 1329 331 dimension
8 1 6 6 96 1339 311 1360 338 0)
8 1 6 7 97 1373 312 1435 331 reads
9 1 1 1 93 909 489 963 508 Here
9 1 1 2 93 974 496 986 508 r
9 1 1 3 91 996 498 1014 504 =
9 1 1 4 79 1026 488 1054 514 (T
9 1 1 5 85 1063 500 1080 502 —
9 1 1 6 55 1089 488 1171 515 Tc)/T.
9 1 1 7 96 1183 489 1272 508 denotes
9 1 1 8 96 1282 489 1320 508 the
9 1 1 9 96 1330 489 1427 508 distance
9 1 1 10 90 1438 488 1493 508 from
9 1 1 11 90 1504 489 1560 508 criti-
9 1 2 1 93 881 521 950 546 cality,
9 1 2 2 52 962 521 995 548 X,
9 1 2 3 95 1007 522 1024 540 is
9 1 2 4 94 1035 528 1048 540 a
9 1 2 5 94 1058 521 1138 546 scaling
9 1 2 6 96 1149 520 1253 545 function,
9 1 2 7 96 1265 521 1308 540 and
9 1 2 8 2 1319 521 1336 545 7
9 1 2 9 93 1348 521 1390 540 and
9 1 2 10 92 1393 516 1405 552 v
9 1 2 11 96 1426 520 1479 540 refer
9 1 2 12 96 1490 523 1513 540 to
9 1 2 13 96 1523 521 1561 540 the
9 1 3 1 96 881 553 994 578 tunneling
9 1 3 2 96 1003 553 1045 572 and
9 1 3 3 96 1055 553 1182 572 correlation
9 1 3 4 96 1191 553 1265 578 length
9 1 3 5 95 1274 553 1356 572 critical
9 1 3 6 92 1364 555 1490 577 exponents.
9 1 3 7 79 1505 549 1533 579 L?
9 1 3 8 96 1544 553 1560 572 is
9 1 4 1 96 882 592 894 604 a
9 1 4 2 96 906 585 1045 609 microscopic
9 1 4 3 96 1057 584 1162 604 reference
9 1 4 4 96 1175 585 1237 604 scale.
9 1 4 5 96 1259 584 1307 611 (For
9 1 4 6 93 1320 585 1469 604 conventional
9 1 4 7 93 1481 591 1560 609 power-
9 1 5 1 96 881 616 921 635 law
9 1 5 2 96 931 616 1018 641 scaling,
9 1 5 3 96 1030 616 1067 635 the
9 1 5 4 96 1078 616 1157 635 second
9 1 5 5 96 1168 618 1280 641 argument
9 1 5 6 96 1292 615 1315 635 of
9 1 5 7 96 1324 616 1361 635 the
9 1 5 8 96 1372 616 1452 641 scaling
9 1 5 9 96 1463 615 1561 635 function
9 1 6 1 96 881 648 951 667 would
9 1 6 2 93 960 648 1011 667 read
9 1 6 3 78 1020 646 1090 674 L;/L*
9 1 6 4 93 1101 648 1154 667 with
9 1 6 5 92 1163 655 1175 667 z
9 1 6 6 96 1184 648 1248 673 being
9 1 6 7 96 1257 648 1294 667 the
9 1 6 8 96 1303 648 1425 673 dynamical
9 1 6 9 96 1434 647 1559 674 exponent.)
9 1 7 1 96 881 680 920 699 For
9 1 7 2 93 929 679 985 699 fixed
9 1 7 3 85 994 680 1018 704 L,
9 1 7 4 96 1028 687 1062 705 gay
9 1 7 5 96 1072 680 1111 699 has
9 1 7 6 96 1126 687 1132 699 a
9 1 7 7 96 1141 680 1260 699 maximum
9 1 7 8 96 1269 687 1291 699 as
9 1 7 9 96 1300 679 1398 699 function
9 1 7 10 93 1407 679 1430 699 of
9 1 7 11 76 1437 680 1462 703 L;
9 1 7 12 93 1473 682 1494 699 at
9 1 7 13 93 1504 680 1560 704 posi-
9 1 8 1 96 881 712 928 731 tion
9 1 8 2 49 937 712 995 738 LP
9 1 8 3 96 1006 712 1049 731 and
9 1 8 4 93 1058 712 1119 731 value
9 1 8 5 0 1129 712 1190 738 gi**.
9 1 8 6 96 1205 712 1251 731 The
9 1 8 7 96 1261 712 1356 736 position
9 1 8 8 96 1365 712 1388 731 of
9 1 8 9 96 1395 712 1433 731 the
9 1 8 10 96 1442 712 1561 731 maximum
9 1 9 1 96 881 744 948 769 yields
9 1 9 2 96 963 744 1000 763 the
9 1 9 3 96 1017 744 1106 768 optimal
9 1 9 4 96 1119 744 1200 768 sample
9 1 9 5 96 1215 744 1282 768 shape
9 1 9 6 96 1298 744 1329 763 for
9 1 9 7 96 1344 744 1413 763 which
9 1 9 8 96 1427 744 1465 763 the
9 1 9 9 96 1480 746 1561 769 system
9 1 10 1 93 881 776 934 794 sizes
9 1 10 2 93 944 775 960 794 L
9 1 10 3 92 970 775 1013 794 and
9 1 10 4 57 1022 775 1047 799 L;
9 1 10 5 96 1058 775 1140 794 behave
9 1 10 6 96 1150 781 1172 794 as
9 1 10 7 96 1182 775 1218 794 the
9 1 10 8 96 1228 775 1356 794 correlation
9 1 10 9 93 1365 775 1449 800 lengths
9 1 10 10 92 1459 775 1471 800 €
9 1 10 11 93 1480 775 1523 794 and
9 1 10 12 90 1532 775 1559 800 &.
9 1 11 1 96 881 806 910 826 At
9 1 11 2 93 920 807 1034 832 criticality
9 1 11 3 55 1044 807 1069 830 L;
9 1 11 4 96 1080 809 1137 826 must
9 1 11 5 96 1147 807 1197 826 thus
9 1 11 6 96 1207 807 1289 826 behave
9 1 11 7 91 1299 813 1321 826 as
9 1 11 8 0 1331 803 1478 833 In(L™**/L°)
9 1 11 9 92 1490 816 1509 822 ~
9 1 11 10 47 1519 803 1559 831 LY,
9 1 12 1 96 881 839 947 864 fixing
9 1 12 2 96 960 839 997 858 the
9 1 12 3 96 1010 839 1089 858 second
9 1 12 4 96 1103 841 1215 864 argument
9 1 12 5 96 1229 845 1241 858 of
9 1 12 6 96 1263 839 1300 858 the
9 1 12 7 96 1314 839 1394 864 scaling
9 1 12 8 92 1408 838 1505 858 function
9 1 12 9 35 1519 839 1559 866 X,.
9 1 13 1 96 882 870 1046 896 Consequently,
9 1 13 2 96 1061 871 1098 890 the
9 1 13 3 96 1111 871 1166 895 peak
9 1 13 4 89 1179 871 1240 890 value
9 1 13 5 0 1252 871 1306 897 git**
9 1 13 6 96 1321 872 1337 890 is
9 1 13 7 96 1351 871 1496 895 independent
9 1 13 8 93 1509 870 1532 890 of
9 1 13 9 86 1544 871 1560 890 L
9 1 14 1 96 882 905 903 922 at
9 1 14 2 96 913 903 1031 928 criticality,
9 1 14 3 96 1042 903 1085 922 and
9 1 14 4 96 1093 903 1130 922 the
9 1 14 5 93 1139 910 1172 928 gay
9 1 14 6 90 1183 910 1213 922 vs.
9 1 14 7 90 1224 910 1235 922 r
9 1 14 8 96 1244 909 1318 922 curves
9 1 14 9 96 1327 902 1350 922 of
9 1 14 10 96 1356 903 1470 928 optimally
9 1 14 11 96 1478 903 1560 927 shaped
9 1 15 1 96 881 935 974 954 samples
9 1 15 2 96 982 941 1039 954 cross
9 1 15 3 93 1047 937 1069 954 at
9 1 15 4 91 1078 935 1097 954 T
9 1 15 5 93 1107 944 1125 950 =
9 1 15 6 19 1135 935 1167 958 T,..
9 1 15 7 96 1182 935 1241 955 Once
9 1 15 8 96 1249 935 1286 954 the
9 1 15 9 96 1294 936 1378 959 optimal
9 1 15 10 96 1393 935 1474 954 sample
9 1 15 11 96 1482 935 1560 959 shapes
9 1 16 1 96 882 973 917 985 are
9 1 16 2 93 934 965 1001 990 found,
9 1 16 3 93 1017 966 1125 985 finite-size
9 1 16 4 95 1136 966 1216 991 scaling
9 1 16 5 96 1227 966 1329 991 proceeds
9 1 16 6 93 1340 972 1363 985 as
9 1 16 7 34 1374 962 1494 985 usual.495°
9 2 1 1 96 909 998 939 1017 To
9 2 1 2 96 954 1000 996 1017 test
9 2 1 3 96 1012 1005 1051 1017 our
9 2 1 4 96 1066 998 1190 1017 simulation
9 2 1 5 96 1205 1005 1233 1017 and
9 2 1 6 95 1263 998 1316 1017 data
9 2 1 7 95 1331 998 1424 1023 analysis
9 2 1 8 95 1450 998 1559 1022 technique,
9 2 2 1 95 881 1036 911 1049 we
9 2 2 2 95 928 1032 969 1049 first
9 2 2 3 96 983 1030 1080 1049 consider
9 2 2 4 96 1092 1030 1129 1049 the
9 2 2 5 93 1141 1036 1189 1049 case
9 2 2 6 56 1208 1037 1211 1049 «
9 2 2 7 96 1224 1039 1242 1045 =
9 2 2 8 95 1256 1030 1267 1050 0
9 2 2 9 95 1280 1029 1312 1049 for
9 2 2 10 96 1324 1030 1393 1049 which
9 2 2 11 96 1405 1030 1442 1049 the
9 2 2 12 96 1455 1037 1561 1054 quantum
9 2 3 1 90 881 1061 1042 1081 Ashkin-Teller
9 2 3 2 96 1053 1062 1125 1081 model
9 2 3 3 95 1136 1062 1224 1081 reduces
9 2 3 4 96 1235 1064 1258 1081 to
9 2 3 5 96 1269 1062 1329 1081 three
9 2 3 6 96 1340 1062 1459 1086 decoupled
9 2 3 7 96 1470 1062 1561 1081 random
9 2 4 1 92 881 1094 1062 1113 transverse-field
9 2 4 2 96 1073 1094 1129 1119 Ising
9 2 4 3 96 1141 1094 1213 1113 chains
9 2 4 4 96 1224 1101 1296 1113 whose
9 2 4 5 96 1307 1096 1413 1118 quantum
9 2 4 6 93 1424 1100 1491 1118 phase
9 2 4 7 91 1513 1101 1560 1113 tran-
9 2 5 1 96 881 1127 946 1145 sition
9 2 5 2 96 960 1127 977 1145 is
9 2 5 3 93 992 1126 1037 1145 well
9 2 5 4 84 1052 1122 1204 1145 understood.*
9 2 5 5 96 1220 1126 1257 1146 We
9 2 5 6 96 1271 1125 1366 1151 perform
9 2 5 7 96 1380 1126 1514 1145 simulations
9 2 5 8 96 1529 1125 1561 1145 for
9 2 6 1 93 881 1157 960 1176 sizes
9 2 6 2 92 950 1152 962 1186 L
9 2 6 3 96 971 1171 989 1172 =
9 2 6 4 96 1000 1157 1025 1177 10
9 2 6 5 96 1034 1159 1057 1176 to
9 2 6 6 96 1067 1157 1093 1177 50
9 2 6 7 93 1103 1157 1145 1176 and
9 2 6 8 79 1155 1157 1210 1181 L;
9 2 6 9 96 1194 1152 1206 1186 =
9 2 6 10 96 1221 1158 1232 1176 2
9 2 6 11 95 1252 1164 1265 1176 to
9 2 6 12 96 1275 1157 1342 1177 20000
9 2 6 13 96 1351 1157 1394 1176 and
9 2 6 14 96 1403 1156 1444 1176 find
9 2 6 15 96 1458 1164 1461 1168 a
9 2 6 16 95 1479 1157 1561 1176 critical
9 2 7 1 93 881 1191 1028 1208 temperature
9 2 7 2 80 1039 1189 1063 1212 T,
9 2 7 3 70 1074 1194 1093 1207 ~
9 2 7 4 96 1105 1189 1157 1208 1.24.
9 2 7 5 96 1172 1188 1200 1208 At
9 2 7 6 96 1212 1189 1255 1208 this
9 2 7 7 96 1265 1191 1419 1214 temperature,
9 2 7 8 96 1430 1196 1461 1208 we
9 2 7 9 96 1471 1189 1561 1208 confirm
9 2 8 1 95 881 1221 918 1240 the
9 2 8 2 96 928 1221 1036 1240 activated
9 2 8 3 96 1045 1221 1125 1246 scaling
9 2 8 4 96 1136 1220 1166 1247 (9)
9 2 8 5 96 1177 1220 1200 1240 of
9 2 8 6 96 1207 1221 1244 1240 the
9 2 8 7 96 1253 1221 1333 1240 Binder
9 2 8 8 96 1342 1221 1443 1240 cumulant
9 2 8 9 96 1462 1221 1498 1240 with
9 2 8 10 96 1523 1221 1560 1240 the
9 2 9 1 96 881 1253 986 1277 expected
9 2 9 2 92 997 1253 1058 1272 value
9 2 9 3 5 1074 1253 1087 1274 y
9 2 9 4 96 1099 1267 1117 1268 =
9 2 9 5 96 1131 1251 1175 1279 1/2.
9 2 9 6 96 1193 1253 1230 1273 We
9 2 9 7 96 1242 1253 1287 1272 also
9 2 9 8 96 1298 1252 1388 1272 confirm
9 2 9 9 96 1399 1253 1436 1272 the
9 2 9 10 96 1448 1253 1528 1278 scaling
9 2 9 11 97 1540 1252 1563 1272 of
9 2 10 1 96 881 1285 918 1304 the
9 2 10 2 96 930 1285 1099 1310 magnetization
9 2 10 3 93 1111 1287 1133 1304 at
9 2 10 4 7 1146 1285 1170 1308 T,,
9 2 10 5 96 1185 1284 1226 1310 (for
9 2 10 6 96 1237 1285 1274 1304 the
9 2 10 7 96 1286 1285 1399 1310 optimally
9 2 10 8 92 1411 1285 1493 1310 shaped
9 2 10 9 91 1505 1292 1560 1304 sam-
9 2 11 1 90 881 1316 943 1342 ples),
9 2 11 2 78 988 1326 1007 1332 m~
9 2 11 3 19 1017 1311 1088 1336 "L~9/"""
9 2 11 4 96 1100 1317 1153 1336 with
9 2 11 5 51 1164 1317 1179 1341 6
9 2 11 6 89 1189 1326 1207 1332 =
9 2 11 7 89 1218 1317 1278 1337 0.382
9 2 11 8 90 1290 1317 1333 1336 and
9 2 11 9 55 1344 1324 1357 1336 v
9 2 11 10 71 1367 1326 1386 1332 =
9 2 11 11 71 1396 1318 1414 1336 2.
9 3 1 1 96 909 1347 971 1367 After
9 3 1 2 96 982 1348 1025 1367 this
9 3 1 3 96 1036 1347 1151 1367 successful
9 3 1 4 96 1162 1350 1212 1372 test,
9 3 1 5 96 1224 1355 1255 1367 we
9 3 1 6 96 1266 1355 1313 1367 now
9 3 1 7 96 1324 1350 1375 1367 turn
9 3 1 8 95 1386 1350 1409 1367 to
9 3 1 9 93 1420 1348 1457 1367 the
9 3 1 10 91 1468 1347 1560 1367 Ashkin-
9 3 2 1 96 881 1380 948 1399 Teller
9 3 2 2 95 957 1380 1029 1399 model
9 3 2 3 96 1038 1387 1122 1405 proper.
9 3 2 4 96 1136 1380 1173 1399 We
9 3 2 5 96 1182 1380 1277 1405 perform
9 3 2 6 96 1285 1382 1327 1399 two
9 3 2 7 96 1336 1382 1379 1399 sets
9 3 2 8 96 1388 1379 1411 1399 of
9 3 2 9 96 1418 1380 1559 1399 simulations:
9 3 3 1 93 883 1411 907 1438 (i)
9 3 3 2 29 928 1419 931 1431 €
9 3 3 3 95 945 1421 963 1427 =
9 3 3 4 96 976 1412 1010 1432 0.5
9 3 3 5 96 1023 1413 1085 1437 using
9 3 3 6 96 1097 1414 1179 1437 system
9 3 3 7 93 1191 1412 1243 1431 sizes
9 3 3 8 93 1266 1412 1273 1431 L
9 3 3 9 96 1287 1421 1305 1427 =
9 3 3 10 96 1320 1413 1345 1432 10
9 3 3 11 96 1357 1414 1381 1431 to
9 3 3 12 96 1394 1412 1426 1436 60,
9 3 3 13 48 1441 1412 1466 1435 Ly,
9 3 3 14 94 1481 1421 1499 1427 =
9 3 3 15 94 1513 1413 1524 1431 2
9 3 3 16 96 1537 1414 1561 1431 to
9 3 4 1 96 882 1444 949 1464 60000
9 3 4 2 96 962 1444 1005 1463 and
9 3 4 3 93 1019 1443 1051 1469 (ii)
9 3 4 4 39 1073 1451 1075 1463 «
9 3 4 5 96 1088 1453 1106 1459 =
9 3 4 6 96 1120 1445 1153 1464 0.3
9 3 4 7 96 1166 1444 1219 1463 with
9 3 4 8 96 1231 1446 1312 1469 system
9 3 4 9 93 1325 1444 1377 1463 sizes
9 3 4 10 91 1400 1444 1407 1463 L
9 3 4 11 96 1421 1453 1439 1459 =
9 3 4 12 96 1454 1444 1478 1464 10
9 3 4 13 96 1491 1446 1514 1463 to
9 3 4 14 96 1527 1445 1559 1468 50,
9 3 5 1 28 882 1476 906 1499 L;,
9 3 5 2 88 919 1485 937 1491 =
9 3 5 3 88 948 1476 959 1495 2
9 3 5 4 95 971 1478 994 1495 to
9 3 5 5 96 1005 1476 1079 1496 40000.
9 3 5 6 96 1095 1476 1119 1495 In
9 3 5 7 95 1130 1476 1182 1495 each
9 3 5 8 96 1193 1483 1247 1500 case,
9 3 5 9 96 1259 1483 1289 1495 we
9 3 5 10 95 1300 1478 1355 1495 start
9 3 5 11 95 1367 1475 1422 1495 from
9 3 5 12 96 1433 1483 1446 1495 a
9 3 5 13 96 1456 1482 1518 1501 guess
9 3 5 14 96 1529 1475 1561 1495 for
9 3 6 1 95 881 1507 918 1526 the
9 3 6 2 95 929 1507 1020 1531 optimal
9 3 6 3 96 1032 1507 1109 1531 shapes
9 3 6 4 96 1121 1507 1164 1526 and
9 3 6 5 96 1175 1506 1220 1526 find
9 3 6 6 96 1231 1514 1259 1526 an
9 3 6 7 96 1270 1508 1419 1532 approximate
9 3 6 8 96 1430 1507 1491 1526 value
9 3 6 9 93 1502 1506 1525 1526 of
9 3 6 10 73 1535 1507 1559 1531 T,
9 3 7 1 96 881 1538 936 1558 from
9 3 7 2 96 947 1539 984 1558 the
9 3 7 3 96 995 1540 1089 1564 crossing
9 3 7 4 96 1100 1538 1123 1558 of
9 3 7 5 96 1132 1539 1169 1558 the
9 3 7 6 96 1179 1546 1213 1564 gay
9 3 7 7 92 1226 1546 1256 1558 vs.
9 3 7 8 35 1269 1539 1287 1558 T'
9 3 7 9 96 1298 1546 1372 1558 curves
9 3 7 10 96 1383 1538 1415 1558 for
9 3 7 11 93 1426 1538 1524 1558 different
9 3 7 12 82 1536 1539 1559 1558 L.
9 3 8 1 95 881 1571 918 1591 We
9 3 8 2 96 928 1571 981 1590 then
9 3 8 3 96 991 1570 1035 1590 find
9 3 8 4 96 1045 1571 1082 1590 the
9 3 8 5 96 1093 1572 1188 1590 maxima
9 3 8 6 96 1197 1570 1220 1590 of
9 3 8 7 96 1228 1571 1265 1590 the
9 3 8 8 96 1275 1578 1309 1596 gay
9 3 8 9 96 1321 1578 1351 1590 vs.
9 3 8 10 64 1363 1571 1388 1594 Ly
9 3 8 11 96 1400 1578 1474 1590 curves
9 3 8 12 96 1484 1573 1506 1590 at
9 3 8 13 96 1517 1571 1560 1590 this
9 3 9 1 96 881 1605 1028 1627 temperature
9 3 9 2 96 1037 1603 1106 1622 which
9 3 9 3 96 1115 1603 1171 1628 yield
9 3 9 4 96 1181 1603 1291 1628 improved
9 3 9 5 96 1300 1603 1391 1628 optimal
9 3 9 6 96 1400 1603 1484 1627 shapes.
9 3 9 7 96 1499 1602 1561 1622 After
9 3 10 1 96 881 1636 983 1660 iterating
9 3 10 2 96 993 1635 1036 1654 this
9 3 10 3 96 1046 1635 1164 1660 procedure
9 3 10 4 96 1174 1637 1215 1654 two
9 3 10 5 96 1225 1642 1248 1654 or
9 3 10 6 96 1258 1635 1318 1654 three
9 3 10 7 96 1339 1635 1398 1659 times,
9 3 10 8 96 1409 1641 1439 1654 we
9 3 10 9 93 1449 1635 1525 1654 obtain
9 3 10 10 32 1535 1635 1559 1658 T.
9 3 11 1 96 882 1674 909 1686 and
9 3 11 2 96 935 1667 972 1686 the
9 3 11 3 96 983 1667 1074 1691 optimal
9 3 11 4 96 1084 1667 1162 1691 shapes
9 3 11 5 96 1172 1667 1225 1686 with
9 3 11 6 96 1236 1667 1361 1686 reasonable
9 3 11 7 95 1371 1667 1482 1692 precision.
9 3 12 1 95 909 1698 985 1723 Figure
9 3 12 2 96 998 1699 1009 1717 2
9 3 12 3 96 1022 1698 1091 1717 shows
9 3 12 4 96 1103 1698 1140 1717 the
9 3 12 5 96 1152 1698 1255 1723 resulting
9 3 12 6 96 1267 1698 1347 1717 Binder
9 3 12 7 92 1359 1698 1469 1717 cumulant
9 3 12 8 75 1481 1705 1515 1723 g,,
9 3 12 9 97 1529 1697 1560 1717 for
9 3 13 1 38 882 1737 891 1749 e€
9 3 13 2 94 903 1739 921 1745 =
9 3 13 3 94 933 1730 967 1750 0.5
9 3 13 4 96 979 1737 1002 1749 as
9 3 13 5 96 1014 1729 1112 1749 function
9 3 13 6 93 1123 1729 1147 1749 of
9 3 13 7 71 1157 1730 1181 1753 L;
9 3 13 8 96 1195 1729 1227 1749 for
9 3 13 9 93 1239 1729 1327 1749 different
9 3 13 10 90 1349 1730 1366 1749 L
9 3 13 11 96 1379 1732 1400 1749 at
9 3 13 12 93 1413 1730 1450 1749 the
9 3 13 13 91 1462 1730 1560 1754 approxi-
9 3 14 1 96 881 1769 917 1781 mate
9 3 14 2 96 952 1762 1033 1781 critical
9 3 14 3 96 1045 1764 1192 1786 temperature
9 3 14 4 93 1204 1761 1227 1781 of
9 3 14 5 39 1237 1762 1262 1785 T,
9 3 14 6 92 1275 1771 1293 1777 =
9 3 14 7 92 1306 1760 1395 1788 2.08(5).
9 3 14 8 96 1414 1761 1444 1781 As
9 3 14 9 96 1456 1762 1560 1786 expected
9 3 15 1 90 882 1796 904 1813 at
9 3 15 2 63 915 1794 948 1817 T,,
9 3 15 3 96 960 1794 997 1813 the
9 3 15 4 91 1008 1795 1103 1813 maxima
9 3 15 5 24 1113 1794 1167 1820 "g'""**"
9 3 15 6 96 1180 1793 1203 1813 of
9 3 15 7 96 1211 1794 1272 1813 these
9 3 15 8 96 1283 1801 1357 1813 curves
9 3 15 9 96 1368 1800 1403 1813 are
9 3 15 10 94 1415 1794 1560 1818 independent
9 3 16 1 93 881 1825 904 1845 of
9 3 16 2 86 911 1826 928 1845 L
9 3 16 3 96 938 1815 984 1851 (the
9 3 16 4 96 993 1826 1079 1851 slightly
9 3 16 5 96 1087 1826 1149 1845 lower
9 3 16 6 96 1157 1826 1229 1845 values
9 3 16 7 95 1238 1829 1260 1845 at
9 3 16 8 95 1269 1826 1306 1845 the
9 3 16 9 93 1314 1826 1409 1845 smallest
9 3 16 10 61 1419 1826 1435 1845 L
9 3 16 11 96 1444 1832 1485 1845 can
9 3 16 12 92 1493 1826 1520 1845 be
9 3 16 13 92 1529 1828 1560 1845 at-
9 3 17 1 96 881 1858 978 1877 tributed
9 3 17 2 96 990 1860 1013 1877 to
9 3 17 3 96 1025 1858 1154 1878 corrections
9 3 17 4 96 1165 1860 1189 1877 to
9 3 17 5 96 1200 1856 1297 1884 scaling).
9 3 17 6 96 1316 1858 1433 1882 Moreover,
9 3 17 7 97 1446 1858 1483 1877 the
9 3 17 8 97 1494 1858 1560 1883 figure
9 3 18 1 96 881 1889 950 1908 shows
9 3 18 2 96 960 1889 1009 1908 that
9 3 18 3 96 1020 1889 1057 1908 the
9 3 18 4 37 1067 1896 1101 1914 ga,
9 3 18 5 93 1113 1896 1143 1908 vs.
9 3 18 6 44 1155 1889 1180 1913 L;,
9 3 18 7 96 1192 1889 1266 1908 domes
9 3 18 8 96 1276 1889 1361 1914 rapidly
9 3 18 9 96 1371 1889 1459 1908 become
9 3 18 10 96 1469 1889 1561 1908 broader
9 3 19 1 96 881 1922 934 1940 with
9 3 19 2 96 945 1922 1064 1946 increasing
9 3 19 3 96 1076 1921 1154 1945 spatial
9 3 19 4 93 1166 1921 1208 1940 size
9 3 19 5 92 1220 1921 1243 1944 L,
9 3 19 6 93 1256 1921 1375 1946 indicating
9 3 19 7 91 1387 1921 1561 1945 non-power-law
9 3 20 1 96 881 1954 967 1978 scaling.
9 3 20 2 96 982 1953 1012 1972 To
9 3 20 3 96 1022 1953 1110 1978 analyze
9 3 20 4 96 1119 1953 1162 1972 this
9 3 20 5 96 1171 1953 1342 1978 quantitatively,
9 3 20 6 96 1352 1960 1383 1972 we
9 3 20 7 96 1392 1955 1477 1977 present
9 3 20 8 93 1487 1960 1500 1972 a
9 3 20 9 93 1508 1953 1560 1972 scal-
9 3 21 1 96 881 1986 917 2010 ing
9 3 21 2 96 927 1985 973 2009 plot
9 3 21 3 96 984 1984 1007 2004 of
9 3 21 4 97 1015 1985 1076 2004 these
9 3 21 5 96 1086 1985 1139 2004 data
9 3 21 6 96 1149 1986 1171 2004 in
9 3 21 7 96 1182 1985 1226 2010 Fig.
9 3 21 8 96 1238 1986 1256 2005 3.
9 3 21 9 96 1272 1985 1311 2004 For
9 3 21 10 93 1322 1985 1471 2004 conventional
9 3 21 11 92 1481 1991 1560 2009 power-
10 1 1 1 95 1382 713 1385 1049 " "
11 1 1 1 95 1014 809 1017 1113 " "
12 1 1 1 95 1246 840 1249 1176 " "
13 1 1 1 95 1445 903 1449 1240 " "
14 1 1 1 95 932 942 937 1367 " "
15 1 1 1 95 926 1031 934 1367 " "
16 1 1 1 95 1516 1032 1519 1367 " "
17 1 1 1 95 1500 1096 1508 1399 " "
18 1 1 1 95 1334 1605 1336 1940 " "
19 1 1 1 95 920 1667 924 1972 
