block line confidence X1 Y1 X2 Y2 token
0 0 0.9999667406082153 1542 77 1565 109 8
1 0 0.9989326596260071 144 146 182 182 in
1 0 0.9998880624771118 180 148 237 186 Fig.
1 0 0.8652171492576599 237 146 322 186 10(a).
1 0 0.9985697269439697 330 148 398 180 Even
1 0 0.9999450445175171 400 148 428 180 if
1 0 0.9999756813049316 428 146 476 180 the
1 0 0.9979355335235596 476 148 554 180 entire
1 0 0.7333008050918579 559 150 632 176 Fermi
1 0 0.9976098537445068 637 148 728 180 surface
1 0 0.9998282194137573 730 148 760 180 is
1 0 0.9995489716529846 762 148 835 180 taken
2 0 0.994364857673645 904 154 942 180 on
2 0 0.9999560117721558 949 146 997 180 the
2 0 0.9016664624214172 1006 150 1080 176 Fermi
2 0 0.9934653639793396 1090 148 1182 180 surface
2 0 0.9971849322319031 1187 146 1225 182 of
2 0 0.9998267292976379 1228 150 1276 180 the
2 0 0.9994852542877197 1281 148 1341 180 hole
2 0 0.9997749924659729 1346 148 1401 180 and
2 0 0.974336564540863 1407 146 1457 180 the
2 0 0.9976267218589783 1462 148 1565 180 electron
2 1 0.9999547004699707 878 242 956 275 bands
2 1 0.9987797141075134 966 242 1027 275 with
2 1 0.9611749053001404 1040 249 1127 275 masses
2 1 0.9438139200210571 1135 247 1185 281 mh
2 1 0.5123571753501892 1196 247 1228 272 &
2 1 0.5069072246551514 1241 247 1308 279 -me
2 1 0.9998613595962524 1318 244 1429 277 although
2 1 0.8804488182067871 1442 242 1512 275 there
2 1 0.9967321157455444 1519 249 1565 275 are
2 2 0.9982883334159851 876 307 936 339 that
2 2 0.6792688369750977 941 309 1120 341 cos(km)cos(kw)
2 2 0.9997267127037048 1127 307 1155 339 is
2 2 0.9999600648880005 1157 305 1205 339 the
2 2 0.999562680721283 1208 309 1301 341 leading
2 2 0.7584690451622009 1304 307 1382 339 order.
2 2 0.997614860534668 1394 309 1442 339 We
2 2 0.9973742961883545 1442 307 1505 339 note
2 2 0.9992861151695251 1505 305 1565 339 that
2 3 0.6577340960502625 876 335 1064 380 cos(ka)cos(Ky)
2 3 0.9992077946662903 1064 341 1165 373 predicts
2 3 0.9997414946556091 1163 343 1188 371 a
2 3 0.9998897314071655 1188 345 1289 371 stronger
2 3 0.9983904361724854 1293 341 1382 373 mixing
2 3 0.9999985694885254 1382 339 1416 369 of
2 3 0.9997435212135315 1414 341 1457 369 the
2 3 0.9863914251327515 1457 337 1563 375 particle-
2 4 0.9991958737373352 876 371 936 403 hole
2 4 0.9678184390068054 941 378 1049 403 response
2 4 0.8560482859611511 1057 371 1123 403 from
2 4 0.9997356534004211 1127 369 1178 403 the
2 4 0.999808132648468 1183 373 1284 399 electron
2 4 0.9997228980064392 1291 371 1346 403 and
2 4 0.9988419413566589 1351 371 1411 403 hole
2 4 0.9235480427742004 1419 373 1494 399 bands
2 4 0.9998571872711182 1504 373 1565 399 than
2 5 0.24609918892383575 876 399 971 440 cos(K.)
2 5 0.9491866827011108 974 403 1002 436 +
2 5 0.9335071444511414 1004 401 1097 440 cos(ky)
2 5 0.9973292350769043 1104 408 1138 433 as
2 5 0.9987911581993103 1142 401 1241 440 already
2 5 0.5150536894798279 1246 401 1351 433 outlined
2 5 0.9993359446525574 1358 401 1397 440 by
2 5 0.6910291910171509 1402 401 1485 433 Mazin
2 5 0.9991604089736938 1492 403 1524 433 et
2 5 0.994056224822998 1527 399 1567 433 al.
2 6 0.9989463686943054 941 468 1072 500 Appendix
2 6 0.999468982219696 1077 468 1110 498 E:
2 6 0.9957354068756104 1113 466 1271 496 Subtraction
2 6 0.9999719858169556 1271 464 1311 498 of
2 6 0.999921441078186 1308 466 1359 498 the
2 6 0.9186935424804688 1361 470 1500 494 continuum
2 7 0.9999603033065796 903 534 961 569 The
2 7 0.9790134429931641 962 537 1097 567 fluctuation
2 7 0.9995121955871582 1100 541 1208 573 response
2 7 0.9998619556427002 1208 537 1235 569 is
2 7 0.9980620741844177 1235 539 1374 571 superposed
2 7 0.9996428489685059 1374 541 1412 569 on
2 7 0.999030351638794 1412 534 1459 569 the
2 7 0.997164785861969 1457 534 1562 573 particle-
2 8 0.9970646500587463 876 569 934 601 hole
2 8 0.6980294585227966 934 569 1067 599 continuum
2 8 0.9995890259742737 1067 569 1125 601 that
2 8 0.9942692518234253 1125 571 1253 603 essentially
2 8 0.9992415904998779 1253 569 1344 601 reflects
2 8 0.5757376551628113 1343 567 1557 605 symmetry-resolve
2 9 0.9996606111526489 878 603 997 635 transport
2 9 0.635341465473175 997 599 1153 638 properties31.
2 9 0.9998160004615784 1160 601 1233 633 Since
2 9 0.9999792575836182 1230 599 1278 633 the
2 9 0.9968419075012207 1276 601 1432 631 contribution
2 9 0.9998927116394043 1431 601 1464 631 of
2 9 0.9953190684318542 1460 603 1509 633 the
2 9 0.7813403010368347 1504 601 1562 633 fluc-
2 10 0.9998237490653992 878 668 941 693 little
2 10 0.8367177844047546 944 668 1090 698 uncertainty.
2 10 0.9999934434890747 1097 663 1155 698 The
2 10 0.8634994626045227 1155 668 1260 700 simplest
2 10 0.9998284578323364 1261 670 1318 702 way
2 10 0.9998980760574341 1318 666 1346 696 is
2 10 0.9999408721923828 1344 668 1379 696 to
2 10 0.996647298336029 1379 670 1426 696 use
2 10 0.9999395608901978 1426 663 1475 698 the
2 10 0.9987717270851135 1474 666 1563 698 contin-
2 11 0.978846549987793 878 702 939 728 uum
2 11 0.9965901374816895 941 700 976 728 at
2 11 0.999977707862854 977 702 1014 728 or
2 11 0.996892511844635 1016 698 1110 730 slightly
2 11 0.831060528755188 1115 696 1193 728 above
2 11 0.9999580383300781 1195 693 1245 728 the
2 11 0.9976145029067993 1248 702 1362 726 crossover
2 11 0.7607948780059814 1367 700 1522 730 temperature
2 11 0.3170035779476166 1525 696 1565 734 T,
3 0 0.9983512163162231 146 180 202 212 into
3 0 0.9994165897369385 200 180 302 212 account
3 0 0.9999793767929077 300 178 350 212 the
3 0 0.5320500731468201 350 182 458 208 selection
3 0 0.999976634979248 459 180 526 212 rules
3 0 0.999822199344635 524 180 579 212 still
3 0 0.9996565580368042 577 180 645 212 work
3 0 0.999893069267273 644 180 675 210 in
3 0 0.998958945274353 675 178 723 212 the
3 0 0.9331203103065491 723 182 833 208 Fe-based
3 0 0.9999572038650513 878 180 956 212 bands
3 0 0.8415375351905823 964 178 1002 219 ()
3 0 0.9756851196289062 1011 186 1057 212 are
3 0 0.8980846405029297 1067 182 1270 214 predomininantly
3 0 0.9992617964744568 1279 182 1387 214 negative
3 0 0.99970942735672 1394 178 1449 212 and
3 0 0.9914823770523071 1457 182 1563 214 positive,
3 1 0.9949305653572083 149 214 268 240 materials.
3 1 0.9999874830245972 278 212 327 242 For
3 1 0.9956454038619995 328 212 439 244 instance,
3 1 0.999874472618103 441 212 473 242 in
3 1 0.9999332427978516 474 214 549 240 either
3 1 0.9916273355484009 551 216 609 242 case
3 1 0.9950311183929443 609 208 657 244 full
3 1 0.9769980907440186 657 212 806 242 cancellation
3 1 0.9653891324996948 808 212 836 242 is
3 1 0.8692097663879395 879 214 1030 247 respectively,
3 1 0.9974427223205566 1040 216 1074 242 as
3 1 0.999789297580719 1080 212 1193 244 expected
3 1 0.9983522891998291 1201 210 1298 249 already
3 1 0.9999991655349731 1304 210 1349 244 for
3 1 0.771412193775177 1354 212 1439 244 simple
3 1 0.9984889030456543 1447 212 1565 244 parabolic
3 2 0.9941890239715576 174 275 298 313 Explicitly
3 2 0.9996080994606018 308 275 403 307 written
3 2 0.9903627038002014 410 272 469 313 out,
3 2 0.999914288520813 478 272 527 309 the
3 2 0.9078072309494019 536 277 650 302 fermionic
3 2 0.9969717264175415 659 272 723 313 loop
3 2 0.999871015548706 728 275 757 307 is
3 2 0.9803363680839539 762 272 835 313 given
3 2 0.9800280332565308 879 279 969 305 various
3 2 0.9992063641548157 976 281 1037 307 near
3 2 0.9955588579177856 1040 275 1118 307 nodes
3 2 0.9853549003601074 1122 281 1162 307 on
3 2 0.9998747110366821 1165 275 1230 307 both
3 2 0.9933011531829834 1236 275 1321 307 bands.
3 2 0.9999818801879883 1339 275 1401 307 This
3 2 0.9998828172683716 1407 275 1480 307 result
3 2 0.9976200461387634 1487 275 1565 307 shows
4 0 0.9995908141136169 147 242 222 275 found
4 0 0.9999163150787354 224 240 267 277 for
4 0 0.9303865432739258 267 240 320 283 B2g
4 0 0.6039825677871704 320 240 478 281 symmetry24.
4 1 0.8475552201271057 142 296 270 345 by22-24,41
5 0 0.24456600844860077 172 393 356 438 Di(Ge,wm)
5 0 0.985031247138977 355 401 385 429 =
5 0 0.3865242600440979 381 388 610 442 042,um)+0
5 0 0.4209875762462616 589 391 771 438 07(q,,Wm),
5 1 0.14460021257400513 170 444 813 511 CM-XA-MAnd
5 2 0.16600768268108368 174 571 798 625 .-ReA-sA
6 0 0.9987881779670715 876 431 934 466 Ref.
6 0 0.9992355108261108 936 436 977 464 28.
7 0 0.560785174369812 386 526 501 558 XGi(k-
7 0 0.40761083364486694 496 528 574 560 qc,Em
7 0 0.5560187697410583 574 532 597 552 =
7 0 0.9494873881340027 595 522 665 562 Wm),
8 0 0.8749387860298157 388 644 508 683 xGr(k-
8 0 0.43101614713668823 503 648 586 683 gc,En
8 0 0.6463356614112854 577 648 720 681 -S2+wm),
8 0 0.6490723490715027 771 644 836 685 (D1)
8 0 0.9938031435012817 879 635 982 661 tuations
8 0 0.9988987445831299 981 633 1009 666 is
8 0 0.9996659755706787 1007 633 1125 666 relatively
8 0 0.9985186457633972 1125 635 1208 668 strong
8 0 0.9993520379066467 1206 633 1265 666 here
8 0 0.9746044874191284 1263 631 1326 672 they
8 0 0.997697651386261 1323 638 1371 663 can
8 0 0.99894779920578 1369 631 1409 666 be
8 0 0.9995808005332947 1407 635 1504 661 isolated
8 0 0.999805748462677 1504 633 1565 666 with
9 0 0.7037093639373779 175 736 254 769 where
9 0 0.3273921012878418 252 732 295 779 k
9 0 0.9996286630630493 293 734 325 773 is
9 0 0.9999794960021973 325 734 373 769 the
9 0 0.9999384880065918 375 736 438 769 form
9 0 0.9997262358665466 441 736 519 769 factor
9 0 0.8970721960067749 521 734 559 773 (u
9 0 0.9967545866966248 554 741 591 773 =
9 0 0.8813831210136414 589 734 650 777 Bigs
9 0 0.7070145606994629 655 734 710 777 A1g
9 0 0.9982169270515442 710 734 780 775 etc.),
9 0 0.999884843826294 781 734 835 769 and
9 0 0.999778687953949 876 728 929 760 and
9 0 0.9888050556182861 931 730 1035 756 subtract
9 0 0.9987039566040039 1035 728 1064 760 it
9 0 0.9970616698265076 1062 728 1125 760 from
9 0 0.9983230233192444 1123 726 1163 760 all
9 0 0.9996529817581177 1162 730 1256 762 spectra
9 0 0.9970104694366455 1256 728 1377 760 measured
9 0 0.8925390839576721 1377 728 1455 760 below
9 0 0.37447333335876465 1454 728 1500 764 Tg.
9 0 0.9998308420181274 1504 728 1567 760 This
9 1 0.6779647469520569 144 764 195 807 Gii
9 1 0.9993188381195068 184 766 219 803 is
9 1 0.975767970085144 215 771 263 801 the
9 1 0.9969698786735535 265 771 366 797 electron
9 1 0.9995399713516235 371 771 509 803 propagator
9 1 0.9999009370803833 511 773 549 799 on
9 1 0.9999279975891113 552 766 619 801 band
9 1 0.5635988712310791 619 769 642 801 à
9 1 0.548959493637085 629 764 705 805 =T,
9 1 0.9888773560523987 708 766 750 803 X,
9 1 0.9839025139808655 753 769 796 803 Y.
9 1 0.9966208934783936 798 773 835 805 En
9 1 0.9993683695793152 876 762 931 794 was
9 1 0.6331081390380859 934 762 1045 788 sufficient
9 1 0.9999997615814209 1050 758 1095 792 for
9 1 0.4966956377029419 1095 749 1203 799 ErTes42
9 1 0.9993849992752075 1203 758 1255 792 but
9 1 0.9982060194015503 1260 762 1351 788 created
9 1 0.9996838569641113 1358 762 1464 794 negative
9 1 0.9976696372032166 1470 762 1563 788 intensi-
9 2 0.9995083808898926 146 801 179 831 is
9 2 0.9999536275863647 175 799 225 833 the
9 2 0.9858038425445557 230 803 351 829 electronic
9 2 0.9997126460075378 358 807 443 833 energy
9 2 0.650647759437561 446 801 503 833 and
9 2 0.5954931378364563 506 799 534 831 2
9 2 0.999765932559967 537 801 567 831 is
9 2 0.9999330043792725 569 799 617 833 the
9 2 0.9975366592407227 620 805 707 837 energy
9 2 0.9980661273002625 715 803 833 829 difference
9 2 0.6311396956443787 876 792 928 825 ties
9 2 0.9984638690948486 928 790 964 827 in
9 2 0.9999803304672241 964 790 1014 825 the
9 2 0.9931992888450623 1016 794 1075 827 case
9 2 0.999976634979248 1079 792 1110 822 of
9 2 0.3641279637813568 1113 790 1326 829 La2-xSrCu0.4.
9 2 0.9988671541213989 1346 792 1417 827 Here,
9 2 0.8112697005271912 1422 797 1464 822 we
9 2 0.9999616146087646 1467 794 1527 820 wish
9 2 0.9998997449874878 1532 794 1565 822 to
9 3 0.9977905750274658 149 835 250 861 between
9 3 0.9993404746055603 257 831 305 865 the
9 3 0.9844614863395691 308 831 428 870 incoming
9 3 0.9997697472572327 429 831 484 865 and
9 3 0.9919427633285522 489 835 602 861 scattered
9 3 0.9966148734092712 610 831 722 870 photons.
9 3 0.9940164089202881 738 831 835 870 Experi-
9 3 0.9846687912940979 879 831 984 857 compare
9 3 0.9999591112136841 986 822 1035 857 the
9 3 0.9967517852783203 1035 827 1188 859 temperature
9 3 0.9959595799446106 1193 827 1336 859 dependence
9 3 0.9999997615814209 1339 825 1371 855 of
9 3 0.9998902082443237 1369 822 1417 857 the
9 3 0.9832645058631897 1417 825 1565 855 fluctuations
9 4 0.9771815538406372 149 865 262 898 mentally,
9 4 0.9996154308319092 270 872 330 898 pure
9 4 0.6404028534889221 333 867 478 900 symmetries
9 4 0.9849366545677185 481 870 531 895 can
9 4 0.9999876022338867 532 861 574 898 be
9 4 0.969851016998291 576 863 687 895 obtained
9 4 0.9371756911277771 692 863 755 895 from
9 4 0.9987339377403259 758 863 836 895 linear
9 4 0.9996848106384277 874 855 914 889 to
9 4 0.9590621590614319 911 859 941 887 a
9 4 0.9342567324638367 939 855 1074 887 theoretical
9 4 0.9815548062324524 1080 857 1206 889 prediction
9 4 0.9991636276245117 1210 855 1265 887 and
9 4 0.999906063079834 1266 855 1331 887 have
9 4 0.999876856803894 1334 857 1367 887 to
9 4 0.9968050718307495 1372 857 1474 889 improve
9 4 0.9998944997787476 1477 859 1515 887 on
9 4 0.9999604225158691 1517 852 1567 887 the
9 5 0.9838437438011169 147 898 312 928 combinations
9 5 0.9994600415229797 315 895 355 930 of
9 5 0.9999417066574097 353 895 403 930 the
9 5 0.9908385872840881 408 904 516 930 response
9 5 0.8755013942718506 524 900 640 925 measured
9 5 0.9959670305252075 647 900 682 928 at
9 5 0.9967586398124695 688 900 833 930 appropriate
9 5 0.9954892992973328 878 887 1020 917 subtraction
9 5 0.9022058248519897 1022 887 1059 919 of
9 5 0.9994826316833496 1057 889 1102 917 the
9 5 0.6863417625427246 1105 887 1246 917 continuum.
9 5 0.9998784065246582 1253 885 1296 919 To
9 5 0.999982476234436 1296 887 1351 919 this
9 5 0.9996108412742615 1351 887 1402 919 end
9 5 0.9945873022079468 1404 893 1445 919 we
9 5 0.8844063878059387 1445 887 1517 919 make
9 5 0.9999765157699585 1519 885 1567 919 the
9 6 0.9954110980033875 147 930 308 960 polarizations
9 6 0.9999970197677612 313 928 346 958 of
9 6 0.9999563694000244 346 925 396 960 the
9 6 0.9800758361816406 398 930 514 962 incoming
9 6 0.9993732571601868 517 928 574 960 and
9 6 0.8604418635368347 577 930 692 956 scattered
9 6 0.9931815266609192 698 930 801 962 photons
9 6 0.539886474609375 803 925 836 964 ei
9 6 0.9732578992843628 878 921 1002 953 analytical
9 6 0.9742206931114197 1001 921 1191 953 phenomenology
9 6 0.9994316697120667 1193 917 1236 951 for
9 6 0.9992916584014893 1235 921 1278 949 the
9 6 0.9907898902893066 1278 917 1331 960 Big
9 6 0.8666307926177979 1329 919 1464 949 continuum
9 6 0.9990246295928955 1464 921 1563 953 temper-
9 7 0.9998847246170044 174 990 225 1022 For
9 7 0.5282791256904602 227 992 366 1022 illustration
9 7 0.5770292282104492 373 999 484 1024 purposes
9 7 0.994193971157074 491 990 539 1024 the
9 7 0.9868885278701782 544 990 660 1022 fermionic
9 7 0.9922021627426147 667 992 725 1026 loop
9 7 0.7760328650474548 730 990 753 1024 0
9 7 0.9998779296875 755 988 788 1026 is
9 7 0.9874767661094666 788 999 833 1026 ap-
9 7 0.9922071099281311 876 983 939 1016 This
9 7 0.9989339709281921 944 990 1020 1014 seems
9 7 0.6543593406677246 1027 986 1125 1011 sensible
9 7 0.9986773133277893 1132 986 1196 1011 since
9 7 0.9998284578323364 1201 981 1251 1016 the
9 7 0.904735803604126 1256 986 1442 1018 proportionality
9 7 0.9986810088157654 1449 986 1519 1011 holds
9 7 0.9995255470275879 1522 981 1567 1016 for
9 8 0.9773474335670471 149 1024 288 1057 proximated
9 8 0.99985671043396 293 1020 330 1057 in
9 8 0.9999254941940308 335 1024 380 1052 the
9 8 0.996099591255188 385 1022 496 1061 hot-spot
9 8 0.9661166071891785 503 1026 688 1057 approximation.
9 8 0.9976708292961121 712 1024 833 1057 Hot-spots
9 8 0.9999758005142212 876 1014 926 1048 the
9 8 0.8676975965499878 928 1014 982 1057 Aig
9 8 0.9592679142951965 989 1018 1072 1044 results
9 8 0.9995446801185608 1077 1016 1110 1046 in
9 8 0.9999631643295288 1113 1014 1162 1048 the
9 8 0.9987446069717407 1167 1018 1241 1044 entire
9 8 0.9969456791877747 1250 1018 1402 1050 temperature
9 8 0.9994262456893921 1407 1020 1484 1052 range
9 8 0.9965412020683289 1490 1018 1563 1044 above
9 9 0.9313851594924927 146 1061 192 1087 are
9 9 0.9998019337654114 190 1054 283 1093 regions
9 9 0.9995699524879456 282 1052 317 1089 in
9 9 0.8191231489181519 317 1057 458 1087 momentum
9 9 0.9850786924362183 458 1059 532 1091 space
9 9 0.9975171089172363 532 1054 612 1087 where
9 9 0.9963675737380981 610 1054 675 1087 both
9 9 0.9994356036186218 674 1054 700 1087 k
9 9 0.9995942711830139 698 1054 752 1087 and
9 9 0.6915287375450134 747 1048 836 1095 ktqe
9 9 0.6691925525665283 878 1048 952 1082 TSDW
9 9 0.9997745156288147 956 1046 1009 1078 and
9 9 0.9999545812606812 1012 1048 1052 1076 for
9 9 0.9994725584983826 1055 1048 1100 1076 the
9 9 0.511495053768158 1104 1044 1157 1087 Big
9 9 0.9976748824119568 1162 1052 1253 1078 spectra
9 9 0.661259651184082 1258 1046 1336 1078 above
9 9 0.7569655179977417 1336 1046 1382 1087 Ty.
9 9 0.99866783618927 1392 1046 1449 1084 Fig.
9 9 0.9999771118164062 1449 1044 1485 1080 11
9 9 0.9993001222610474 1487 1046 1565 1078 shows
9 10 0.9896458983421326 144 1084 185 1121 lie
9 10 0.9997186064720154 185 1093 224 1119 on
9 10 0.9999555349349976 227 1084 275 1119 the
9 10 0.7621129751205444 280 1089 353 1115 Fermi
9 10 0.9987236857414246 360 1087 453 1119 surface
9 10 0.946817934513092 458 1087 514 1125 Fig
9 10 0.47792890667915344 517 1084 609 1125 10(b).
9 10 0.8900739550590515 624 1087 695 1119 Since
9 10 0.9991095662117004 700 1089 745 1117 the
9 10 0.9999709129333496 748 1089 810 1123 loop
9 10 0.5760908722877502 811 1084 836 1119 0
9 10 0.999935507774353 878 1080 926 1110 the
9 10 0.9994176626205444 926 1080 996 1115 steps
9 10 0.9997928738594055 997 1078 1052 1110 and
9 10 0.9958115816116333 1057 1080 1138 1106 checks
9 10 0.997138500213623 1143 1082 1265 1115 necessary
9 10 0.9999996423721313 1268 1076 1311 1110 for
9 10 0.9970393180847168 1314 1080 1359 1108 the
9 10 0.7329458594322205 1366 1080 1495 1112 procedure.
9 10 0.9993245601654053 1509 1076 1563 1110 The
10 0 0.9998714923858643 146 960 199 992 and
10 0 0.5968864560127258 197 960 239 994 ês.
11 0 0.9998438358306885 878 956 947 981 ature
11 0 0.9982680082321167 951 953 1080 986 dependent
11 0 0.9998608827590942 1084 953 1115 981 in
11 0 0.9998570680618286 1117 956 1142 983 a
11 0 0.9983747005462646 1140 956 1196 988 way
11 0 0.9920923113822937 1196 951 1256 983 that
11 0 0.999512791633606 1260 951 1334 986 yields
11 0 0.5597628355026245 1338 949 1462 990 To,B1g(T)
11 0 0.4099387228488922 1464 956 1495 983 a
11 0 0.8478456139564514 1494 949 1565 990 p(T).
12 0 0.9995710253715515 147 1121 252 1147 contains
12 0 0.9999662637710571 258 1117 308 1151 the
12 0 0.7277948260307312 313 1121 439 1153 symmetry
12 0 0.9986646175384521 448 1119 526 1151 factor
12 0 0.7005270719528198 531 1115 594 1155 (k)
12 0 0.999230146408081 600 1117 698 1155 linearly
12 0 0.5905712842941284 707 1121 781 1147 inside
12 0 0.9999221563339233 788 1117 836 1151 the
12 0 0.9915212392807007 879 1112 1001 1145 analytical
12 0 0.9979149699211121 1006 1112 1108 1138 function
12 0 0.9937331080436707 1113 1112 1173 1138 used
12 0 0.987586259841919 1175 1110 1248 1142 reads
13 0 0.6743882298469543 147 1151 288 1181 momentum
13 0 0.9888181090354919 295 1151 391 1183 integral
13 0 0.9999797344207764 396 1149 446 1183 the
13 0 0.9981998205184937 446 1151 503 1185 sign
13 0 0.9998873472213745 506 1151 539 1181 of
13 0 0.8607841730117798 539 1151 600 1185 7(k)
13 0 0.999800980091095 605 1149 634 1181 is
13 0 0.9937232136726379 637 1153 728 1179 crucial.
13 0 0.9996615648269653 743 1149 773 1181 If
13 0 0.48760271072387695 771 1149 836 1190 7(k)
13 1 0.996067225933075 146 1181 247 1220 changes
13 1 0.8972612023353577 252 1179 313 1220 sign
13 1 0.9998058676719666 318 1181 363 1216 for
13 1 0.9998219609260559 368 1181 474 1213 different
13 1 0.9996562004089355 484 1183 529 1211 hot
13 1 0.9158744812011719 537 1183 609 1218 spots
13 1 0.9985793828964233 619 1185 742 1211 connected
13 1 0.8838585615158081 750 1181 791 1220 by
13 1 0.5050237774848938 796 1185 836 1220 qc
13 2 0.862602710723877 147 1211 212 1252 (Fig.
13 2 0.957368791103363 214 1213 292 1248 10(c),
13 2 0.9594456553459167 295 1213 346 1250 (d),
13 2 0.9995433688163757 346 1213 400 1248 and
13 2 0.9972570538520813 400 1213 441 1250 (e)
13 2 0.9999992847442627 441 1213 486 1248 for
13 2 0.7603799104690552 484 1211 544 1254 Aigi
13 2 0.9027822017669678 549 1211 609 1254 Bigi
13 2 0.7433072924613953 615 1211 675 1254 B2gi
13 2 0.8337339758872986 677 1216 833 1248 respectively)
13 3 0.9940663576126099 147 1246 217 1278 there
13 3 0.9910778999328613 219 1243 273 1278 will
13 3 0.9984734654426575 273 1243 315 1280 be
13 3 0.9982064962387085 317 1243 366 1278 full
13 3 0.9998468160629272 368 1252 403 1278 or
13 3 0.7621593475341797 406 1248 493 1280 partial
13 3 0.9743839502334595 499 1246 642 1278 cancelation
13 3 0.9990559220314026 647 1248 730 1274 within
13 3 0.28235113620758057 735 1246 766 1276 0.
13 3 0.9992156028747559 780 1243 835 1278 Full
13 4 0.993557870388031 146 1278 288 1308 cancelation
13 4 0.9999172687530518 288 1278 317 1310 is
13 4 0.9996883869171143 317 1278 428 1310 observed
13 4 0.9999985694885254 428 1276 471 1310 for
13 4 0.9999334812164307 469 1276 517 1310 the
13 4 0.9995404481887817 516 1278 572 1310 first
13 4 0.9998794794082642 571 1278 624 1312 two
13 4 0.9979845285415649 625 1278 685 1312 (and
13 4 0.9997181296348572 687 1278 742 1310 also
13 4 0.9996848106384277 740 1278 833 1316 higher)
13 5 0.9993118047714233 147 1312 227 1338 orders
13 5 0.9985353946685791 230 1310 267 1342 of
13 5 0.7319639325141907 265 1308 318 1351 B2g
13 5 0.5083662867546082 322 1312 448 1344 symmetry
13 5 0.6111867427825928 454 1308 516 1349 Fig.
13 5 0.999922513961792 519 1308 556 1344 10
13 5 0.3909751772880554 552 1310 609 1349 (e)).
13 5 0.9999797344207764 617 1308 654 1344 In
13 5 0.9887962341308594 659 1314 766 1340 contrast,
13 5 0.48263391852378845 773 1310 835 1344 7(k)
13 6 0.9715211391448975 146 1370 202 1413 Big
13 6 0.9988135099411011 202 1372 305 1405 channel.
13 6 0.9933613538742065 315 1372 486 1411 Consequently,
13 6 0.9997771382331848 491 1372 521 1405 in
13 6 0.9946702122688293 524 1370 577 1413 Big
13 6 0.999591052532196 577 1372 630 1407 and
13 6 0.8104149103164673 634 1370 685 1413 B2g
13 6 0.9999544620513916 688 1375 733 1402 the
13 6 0.6581997871398926 737 1372 835 1405 fluctua-
13 7 0.9999651908874512 147 1409 212 1435 tions
13 7 0.9817973375320435 214 1411 258 1437 are
13 7 0.5619938373565674 260 1405 353 1437 Raman
13 7 0.999559223651886 355 1405 434 1437 active
13 7 0.9998071789741516 434 1405 488 1437 and
13 7 0.7544548511505127 491 1407 597 1439 inactive,
13 7 0.8655633330345154 602 1407 753 1439 respectively.
14 0 0.4835061728954315 951 1218 1090 1256 Xcont(,T)
14 0 0.9959312081336975 1090 1222 1120 1252 =
14 0 0.5602809190750122 1120 1218 1163 1256 [a1
14 0 0.9955726861953735 1163 1222 1193 1252 +
14 0 0.4310421943664551 1190 1222 1230 1256 d2
14 0 0.3720744848251343 1236 1213 1339 1261 Ttanh
15 0 0.13660626113414764 1343 1185 1454 1284 e)
15 1 0.6018637418746948 1266 1267 1401 1368 ()
16 0 0.7051387429237366 1118 1295 1167 1340 [Bi
16 0 0.9903516173362732 1157 1299 1193 1336 +
16 0 0.5491405725479126 1185 1293 1276 1342 B2-T]
17 0 0.9975233674049377 1504 1297 1567 1338 (E1)
18 0 0.990516722202301 146 1340 209 1372 does
18 0 0.9997454285621643 212 1340 262 1375 not
19 0 0.999098539352417 358 1342 416 1377 sign
19 0 0.9996562004089355 420 1342 501 1375 across
19 0 0.9993122816085815 506 1340 612 1372 different
20 0 0.9931180477142334 263 1340 356 1379 change
21 0 0.999144434928894 619 1342 737 1375 hot-spots
21 0 0.8221929669380188 742 1340 786 1375 for
21 0 0.999981164932251 788 1340 836 1375 the
22 0 0.9987834095954895 906 1400 981 1426 which
22 0 0.736278235912323 984 1400 1060 1435 obeys
22 0 0.2892076373100281 1064 1396 1226 1437 Xcont(-32,T)
22 0 0.9500012397766113 1228 1405 1258 1430 =
22 0 0.47613218426704407 1266 1398 1421 1437 Xcont(2,T)
22 0 0.9881966710090637 1422 1402 1457 1430 as
22 0 0.9917002320289612 1457 1396 1557 1435 required
23 0 0.999982476234436 172 1435 232 1469 The
23 0 0.3708101511001587 234 1435 288 1478 Aig
23 0 0.9655957221984863 292 1437 421 1475 symmetry
23 0 0.9998892545700073 425 1437 453 1469 is
23 0 0.9835049510002136 458 1443 526 1469 more
23 0 0.970975399017334 532 1439 682 1471 complicated
23 0 0.9984173774719238 685 1435 720 1471 in
23 0 0.9059928059577942 723 1437 785 1469 that
23 0 0.9996649026870728 790 1439 835 1467 the
23 0 0.9896748661994934 876 1428 916 1467 by
23 0 0.9981679916381836 918 1433 1034 1465 causality.
23 0 0.771834135055542 1044 1433 1092 1469 a1,
23 0 0.8115379214286804 1094 1433 1142 1469 a2,
23 0 0.9145612120628357 1142 1428 1180 1467 Bi
23 0 0.9997157454490662 1182 1428 1236 1463 and
23 0 0.990854024887085 1236 1428 1275 1467 B2
23 0 0.9996480941772461 1278 1433 1371 1465 depend
23 0 0.99790358543396 1372 1428 1436 1469 only
23 0 0.9996620416641235 1436 1437 1475 1463 on
23 0 0.9999412298202515 1475 1430 1555 1465 doping
23 1 0.9904050827026367 146 1469 202 1501 first
23 1 0.9983646273612976 202 1469 273 1501 order
23 1 0.9994791150093079 275 1471 434 1501 contribution,
23 1 0.8167535066604614 439 1471 592 1503 proportional
23 1 0.9998503923416138 594 1471 627 1501 to
23 1 0.34876903891563416 629 1471 750 1503 cos(kr)-t
23 1 0.8669385313987732 740 1469 833 1508 cos(ky)
23 1 0.20749403536319733 876 1467 909 1495 I.
23 1 0.9999209642410278 913 1460 964 1495 For
23 1 0.20087356865406036 962 1465 989 1495 I
23 1 0.9873493313789368 987 1467 1017 1493 =
23 1 0.9996753931045532 1017 1463 1089 1495 0.025
23 1 0.8758299946784973 1089 1467 1130 1493 we
23 1 0.9876766204833984 1130 1463 1193 1495 used
23 1 0.8024017214775085 1191 1465 1231 1499 ai
23 1 0.9943238496780396 1231 1467 1261 1493 =
23 1 0.977360725402832 1261 1463 1367 1495 0.82379,
23 1 0.4324871897697449 1369 1469 1407 1497 a2
23 1 0.9896994233131409 1441 1465 1467 1493 -
23 1 0.9969052672386169 1455 1463 1555 1495 0.00138
23 2 0.6965285539627075 149 1501 232 1536 upper
23 2 0.9825583696365356 239 1506 290 1531 row
23 2 0.9978880286216736 293 1497 332 1533 of
23 2 0.9979100823402405 333 1499 390 1538 Fig.
23 2 0.6804510951042175 395 1497 484 1538 10(c)),
23 2 0.9992111921310425 494 1503 569 1529 would
23 2 0.9268617630004883 576 1499 617 1533 be
23 2 0.9998915195465088 619 1506 654 1531 as
23 2 0.9991850256919861 659 1503 745 1536 strong
23 2 0.9949336647987366 748 1506 785 1531 as
23 2 0.9999741315841675 788 1499 836 1533 the
23 2 0.9841708540916443 876 1493 913 1531 Bi
23 2 0.9711787700653076 918 1499 949 1525 -
23 2 0.9898558855056763 942 1495 1069 1527 -0.00923,
23 2 0.9997342228889465 1070 1493 1125 1527 and
23 2 0.98610919713974 1125 1493 1163 1531 B2
23 2 0.9932087063789368 1165 1501 1191 1525 =
23 2 0.7322698831558228 1193 1497 1294 1523 0.00028.
23 2 0.8926320672035217 1306 1495 1382 1529 To(T)
23 2 0.9965633749961853 1384 1495 1412 1527 is
23 2 0.9996662139892578 1411 1499 1436 1527 a
23 2 0.8046963810920715 1436 1493 1520 1533 fitting
23 2 0.9904181361198425 1520 1499 1553 1529 pa
23 3 0.953942596912384 146 1529 200 1572 Big
23 3 0.5710287094116211 204 1533 356 1564 contribution
23 3 0.5107465386390686 363 1529 425 1570 Fig.
23 3 0.6660884618759155 428 1529 512 1570 10(d)]
23 3 0.9998868703842163 519 1536 619 1561 whereas
23 3 0.9999079704284668 624 1533 669 1561 the
23 3 0.9586995840072632 674 1536 758 1561 second
23 3 0.9985374212265015 763 1531 836 1564 order
23 3 0.942172646522522 879 1529 977 1555 rameter
23 3 0.9689110517501831 981 1525 1040 1557 that
23 3 0.9998268485069275 1042 1525 1070 1557 is
23 3 0.998332679271698 1072 1525 1173 1557 selected
23 3 0.9993746876716614 1177 1525 1208 1555 in
23 3 0.9896764159202576 1208 1529 1235 1557 a
23 3 0.9968094229698181 1235 1529 1293 1564 way
23 3 0.9438180923461914 1293 1525 1353 1557 that
23 3 0.96663898229599 1356 1527 1401 1555 the
23 3 0.9974175691604614 1404 1525 1494 1557 inverse
23 3 0.9990529417991638 1495 1523 1567 1564 slope
23 4 0.6689265370368958 146 1564 302 1596 contribution
23 4 0.4410468637943268 308 1566 508 1598 (Cos(k)cos(ky))
23 4 0.9871652126312256 517 1566 607 1598 second
23 4 0.9998207688331604 612 1570 662 1596 row
23 4 0.9999881982803345 664 1564 697 1594 of
23 4 0.983238935470581 697 1564 750 1600 Fig.
23 4 0.9376094341278076 753 1561 835 1602 10(c)]
23 4 0.5847238302230835 879 1559 979 1591 Tc(0,T)
23 4 0.9997352957725525 982 1557 1016 1587 of
23 4 0.5983272790908813 1012 1546 1158 1602 Kon(2,T)
23 4 0.9989964365959167 1158 1557 1248 1589 follows
23 4 0.9996378421783447 1248 1555 1298 1589 the
23 4 0.9991368651390076 1298 1559 1422 1591 resistivity
23 4 0.9572368264198303 1427 1559 1522 1591 (orange
23 4 0.9998082518577576 1525 1557 1562 1589 di-
23 5 0.9996187686920166 146 1596 224 1628 shows
23 5 0.9755080342292786 227 1596 375 1628 cancelation.
23 5 0.9999920129776001 380 1596 431 1628 For
23 5 0.9982661604881287 433 1598 551 1630 clarifying
23 5 0.9998559951782227 552 1594 600 1630 the
23 5 0.995757520198822 604 1598 697 1624 relative
23 5 0.9831284284591675 702 1598 833 1630 magnitude
23 5 0.9973637461662292 878 1589 977 1622 amonds
23 5 0.9997798800468445 979 1587 1014 1624 in
23 5 0.9680719971656799 1017 1589 1070 1626 Fig.
23 5 0.8907056450843811 1077 1585 1150 1626 11d).
23 5 0.9998070597648621 1162 1589 1191 1622 If
23 5 0.9930863976478577 1191 1594 1218 1622 a
23 5 0.9439907073974609 1220 1594 1328 1617 constant
23 5 0.9990069270133972 1334 1589 1469 1622 continuum
23 5 0.9997630715370178 1472 1589 1500 1622 is
23 5 0.908836305141449 1502 1587 1567 1619 used
23 6 0.9968329071998596 146 1628 182 1660 of
23 6 0.9999644756317139 179 1626 227 1660 the
23 6 0.9986751675605774 227 1628 280 1660 two
23 6 0.9930992126464844 283 1630 363 1656 orders
23 6 0.9389906525611877 368 1637 406 1656 we
23 6 0.9905479550361633 410 1630 506 1662 analyze
23 6 0.9999078512191772 509 1630 557 1660 the
23 6 0.9975600242614746 559 1630 662 1656 effective
23 6 0.9989582300186157 667 1634 733 1658 mass
23 6 0.9282150268554688 738 1632 833 1658 vertices
23 6 0.9999732971191406 876 1619 924 1654 the
23 6 0.9526296257972717 924 1622 1072 1652 fluctuations
23 6 0.9990079998970032 1075 1626 1123 1652 can
23 6 0.8665405511856079 1125 1624 1162 1652 be
23 6 0.9967101812362671 1163 1624 1260 1650 isolated
23 6 0.9999107122421265 1261 1622 1293 1652 in
23 6 0.9998832941055298 1293 1626 1318 1654 a
23 6 0.8171852231025696 1319 1624 1474 1656 qualitatively
23 6 0.7542340159416199 1477 1624 1563 1650 similar
23 7 0.9936491847038269 144 1665 185 1690 on
23 7 0.9997650980949402 187 1660 232 1688 the
23 7 0.9792013168334961 234 1658 310 1690 Fermi
23 7 0.9992873072624207 315 1662 415 1688 surfaces
23 7 0.9973198771476746 420 1660 514 1692 (second
23 7 0.8549662232398987 517 1658 644 1690 derivative
23 7 0.9951190948486328 645 1665 680 1690 or
23 7 0.9974156618118286 682 1662 801 1688 curvature
23 7 0.9999946355819702 803 1656 840 1692 of
23 7 0.9996371269226074 879 1656 974 1682 fashion.
23 7 0.991789698600769 989 1654 1104 1686 However,
23 7 0.9995068311691284 1108 1652 1157 1686 the
23 7 0.6609672904014587 1158 1656 1319 1686 experimental
23 7 0.9974508881568909 1323 1654 1387 1686 data
23 7 0.9991222023963928 1389 1654 1419 1684 in
23 7 0.9652429819107056 1424 1654 1477 1690 Fig.
23 7 0.9999097585678101 1479 1654 1504 1686 2
23 7 0.5312687158584595 1505 1658 1567 1690 vary
23 8 0.9988527297973633 146 1755 215 1787 what
23 8 0.9998273849487305 212 1757 268 1789 was
23 8 0.9986629486083984 268 1757 380 1789 proposed
23 8 0.9973986148834229 380 1753 415 1789 in
23 8 0.9959070682525635 413 1755 469 1787 Ref.
23 8 0.9880455136299133 471 1757 512 1785 28.
23 8 0.6434852480888367 516 1755 574 1787 The
23 8 0.9997492432594299 572 1755 624 1787 last
23 8 0.8035668730735779 624 1761 675 1785 row
23 8 0.9993652701377869 675 1755 708 1785 of
23 8 0.9968839287757874 707 1755 760 1791 Fig.
23 8 0.870300829410553 760 1753 836 1793 10(c)
23 8 0.9947211742401123 878 1750 1020 1783 accumulate
23 8 0.9994710087776184 1025 1753 1117 1785 rapidly
23 8 0.9998390674591064 1123 1750 1155 1781 in
23 8 0.9937419295310974 1160 1753 1208 1783 the
23 8 0.8684663772583008 1211 1755 1321 1787 presence
23 8 0.997584342956543 1323 1746 1359 1783 of
23 8 0.999962568283081 1361 1753 1419 1778 twin
23 8 0.9992658495903015 1427 1750 1563 1781 boundaries
23 9 0.9209795594215393 147 1789 224 1815 shows
23 9 0.9999173879623413 225 1789 282 1815 that
23 9 0.9999734163284302 282 1785 330 1819 the
23 9 0.9986045956611633 330 1789 395 1815 band
23 9 0.5894414186477661 395 1789 529 1819 curvatures
23 9 0.9950873255729675 531 1789 703 1821 corresponding
23 9 0.9994801878929138 705 1789 738 1819 to
23 9 0.9999722242355347 735 1785 785 1819 the
23 9 0.6666076183319092 783 1785 836 1828 A1g
23 9 0.999798595905304 878 1781 956 1813 where
23 9 0.9999074935913086 959 1783 1004 1811 the
23 9 0.9660354256629944 1007 1785 1097 1811 surface
23 9 0.9691715240478516 1099 1787 1203 1811 assumes
23 9 0.9998536109924316 1203 1785 1231 1815 a
23 9 0.9876421689987183 1230 1787 1298 1813 more
23 9 0.9999772310256958 1299 1783 1369 1817 polar
23 9 0.9971810579299927 1372 1781 1497 1813 character.
23 9 0.9997606873512268 1502 1781 1562 1813 This
24 0 0.978173553943634 147 1692 195 1723 the
24 0 0.999823272228241 190 1690 258 1723 band
24 0 0.9992565512657166 260 1695 393 1725 structure),
24 0 0.9999539852142334 395 1690 454 1723 that
24 0 0.9960522651672363 453 1695 501 1725 are
24 0 0.999947190284729 498 1690 544 1725 the
24 0 0.9995445609092712 542 1690 600 1723 best
24 0 0.939482569694519 602 1695 793 1725 approximations
24 0 0.9999953508377075 793 1690 838 1725 for
24 0 0.8033955693244934 878 1690 946 1716 more
24 0 0.9996121525764465 946 1686 1027 1718 slowly
24 0 0.9482176899909973 1032 1688 1094 1714 close
24 0 0.5423966646194458 1095 1686 1128 1716 to
24 0 0.5324371457099915 1127 1684 1173 1720 Ts.
25 0 0.99024498462677 147 1725 195 1755 the
25 0 0.9944878220558167 194 1725 322 1757 sensitivity
25 0 0.9994955062866211 323 1727 393 1759 away
25 0 0.9992190599441528 393 1723 458 1755 from
25 0 0.9712969660758972 458 1727 600 1757 resonances,
25 0 0.9998793601989746 602 1725 634 1755 in
25 0 0.992519736289978 632 1727 659 1757 a
25 0 0.9998098015785217 657 1727 712 1759 way
25 0 0.9618847966194153 712 1723 801 1755 similar
25 0 0.9996585845947266 801 1725 838 1757 to
26 0 0.9910221695899963 906 1720 984 1746 Below
26 0 0.9470945000648499 984 1716 1020 1755 Ts
26 0 0.9999616146087646 1022 1720 1067 1748 the
26 0 0.9524229764938354 1067 1718 1228 1748 uncertainties
26 0 0.9987542629241943 1230 1720 1331 1746 increase
26 0 0.9741241931915283 1331 1718 1399 1750 since
26 0 0.9758327603340149 1399 1720 1489 1746 surface
26 0 0.9996077418327332 1490 1718 1565 1753 layers
27 0 0.9998987913131714 147 1824 229 1849 vertex
28 0 0.9966999888420105 876 1819 928 1845 can
28 0 0.9999911785125732 928 1815 964 1843 be
28 0 0.9908661246299744 964 1819 1024 1843 seen
28 0 0.9993360638618469 1027 1815 1123 1847 directly
28 0 0.9992287158966064 1123 1811 1158 1847 in
28 0 0.9988991022109985 1158 1813 1215 1851 Fig.
28 0 0.8016248345375061 1211 1808 1283 1851 6(c).
29 0 0.9963061809539795 1057 1847 1187 1879 Appendix
29 0 0.9999150037765503 1191 1845 1225 1875 F:
29 0 0.990215539932251 1230 1847 1311 1873 Initial
29 0 0.9999567270278931 1314 1847 1387 1879 slope
30 0 0.31123387813568115 303 1920 418 1961 7,A1g(k)
30 0 0.9831303358078003 416 1927 448 1952 =
30 0 0.44988301396369934 458 1899 539 1942 8Eik
30 0 0.3971877694129944 587 1899 670 1942 a26ik
31 0 0.9227080941200256 771 1918 835 1959 (D2)
32 0 0.9993535876274109 903 1914 954 1948 For
32 0 0.9985731840133667 954 1918 1027 1952 being
32 0 0.9989539384841919 1025 1920 1050 1950 a
32 0 0.9973536729812622 1049 1916 1132 1948 causal
32 0 0.9995763897895813 1135 1918 1236 1944 function
32 0 0.9982545971870422 1240 1918 1288 1948 the
32 0 0.9976108074188232 1288 1920 1377 1946 Raman
32 0 0.7789648771286011 1382 1925 1489 1950 response
32 0 0.999920129776001 1492 1916 1519 1948 is
32 0 0.8411862850189209 1520 1925 1538 1944 a
32 1 0.721920907497406 879 1950 1029 1983 tisymmetric
32 1 0.9992592930793762 1029 1948 1087 1983 and,
32 1 0.99831223487854 1087 1952 1122 1980 as
32 1 0.9991769194602966 1120 1950 1178 1985 long
32 1 0.9996384382247925 1178 1952 1211 1980 as
32 1 0.9990934133529663 1211 1950 1278 1976 there
32 1 0.9998466968536377 1278 1948 1304 1980 is
32 1 0.999795138835907 1303 1955 1341 1980 no
32 1 0.948663055896759 1339 1952 1397 1985 gap,
32 1 0.999052107334137 1397 1948 1474 1980 linear
32 1 0.9405997395515442 1472 1948 1548 1980 around
32 2 0.9999673366546631 876 1978 926 2013 the
32 2 0.9991924166679382 924 1980 1007 2015 origin.
32 2 0.9999614953994751 1014 1983 1084 2008 Then
32 2 0.9822905659675598 1087 1980 1133 2017 Eq.
32 2 0.9773210883140564 1135 1978 1200 2019 (C1)
32 2 0.9937005043029785 1201 1987 1251 2013 can
32 2 0.9934661984443665 1251 1978 1291 2013 be
32 2 0.956199049949646 1291 1983 1462 2015 approximated
32 2 0.9998114705085754 1464 1985 1499 2013 as
33 0 0.19218197464942932 449 1935 546 1976 akpOks
33 0 0.27380692958831787 577 1935 677 1983 OkyOky
