block line confidence X1 Y1 X2 Y2 token
0 0 0.4242544174194336 212 184 282 225 JE
0 0 0.4658021330833435 273 182 406 229 ext(Lha)
0 0 0.9983848333358765 406 182 469 225 and
0 0 0.9991282820701599 473 191 552 225 every
0 0 0.5785180926322937 554 191 594 225 m,
0 0 0.9998917579650879 595 182 677 223 there
0 0 0.9994567036628723 677 184 710 223 is
0 0 0.9022697806358337 710 191 738 223 a
0 0 0.9454300403594971 738 186 815 219 word
0 0 0.21544261276721954 816 191 846 221 C
0 0 0.9999021291732788 846 186 916 221 such
0 0 0.9998212456703186 919 182 989 223 that
0 0 0.533600926399231 991 182 1037 229 al
0 0 0.9910983443260193 1034 186 1069 225 >
0 0 0.28787603974342346 1070 180 1133 232 un!
0 0 0.9999179840087891 1132 182 1195 223 and
0 0 0.3701387643814087 1196 193 1240 221 IU
0 0 0.6899825930595398 1241 189 1271 221 €
0 0 0.30151838064193726 1273 184 1412 225 ext(Lia);
0 0 0.9995421171188354 1416 186 1494 221 since
0 0 0.9930712580680847 1495 191 1524 221 u
0 1 0.9997941851615906 217 227 340 259 contains
0 1 0.9999946355819702 341 225 396 259 the
0 1 0.9994202852249146 398 227 488 259 factor
0 1 0.34101295471191406 488 232 541 266 CU,
0 1 0.999849796295166 544 227 622 259 there
0 1 0.9992772936820984 624 223 657 262 is
0 1 0.9998268485069275 657 234 700 259 an
0 1 0.9600761532783508 702 234 859 257 occurrence
0 1 0.9999943971633911 861 223 901 262 of
0 1 0.1433994174003601 898 229 924 262 D
0 1 0.9997246861457825 923 225 961 262 in
0 1 0.9952720999717712 961 232 991 262 u
0 1 0.8289485573768616 992 227 1100 259 outside
0 1 0.999993085861206 1102 225 1157 259 the
0 1 0.9998840093612671 1158 225 1246 266 prefix
0 1 0.2693532407283783 1246 232 1296 266 lin-
0 1 0.99977046251297 1304 223 1401 262 Hence
0 1 0.326301634311676 1399 229 1427 262 2
0 1 0.9894337058067322 1427 234 1524 259 occurs
0 2 0.9838970899581909 214 264 260 305 in
0 2 0.993952214717865 254 270 283 300 u
0 2 0.9914730787277222 287 266 418 305 infinitely
0 2 0.9943503737449646 423 272 506 305 many
0 2 0.8114694356918335 511 264 602 302 times.
0 2 0.8867368102073669 610 266 688 300 Thus
0 2 0.9931817650794983 692 270 722 300 u
0 2 0.9996776580810547 723 264 757 302 is
0 2 0.998624324798584 758 268 893 300 recurrent
0 2 0.9993900060653687 898 266 956 300 and
0 2 0.9993515610694885 961 272 1006 300 we
0 2 0.9276226758956909 1009 266 1108 305 proved
0 2 0.9902903437614441 1113 266 1173 300 this
0 2 0.9902217388153076 1180 266 1349 305 implication.
0 3 0.9993302822113037 265 305 337 339 Now
0 3 0.999818742275238 337 307 406 339 turn
0 3 0.9999626874923706 408 307 446 343 to
0 3 0.9997163414955139 448 305 499 341 the
0 3 0.9999074935913086 503 307 640 339 backward
0 3 0.842157781124115 649 309 816 341 implication.
0 3 0.9997358918190002 828 305 884 343 For
0 3 0.9998781681060791 886 307 1017 345 arbitrary
0 3 0.999767005443573 1019 302 1112 341 words
0 3 0.19768759608268738 1113 313 1147 343 u,
0 3 0.15828487277030945 1145 311 1175 341 3
0 3 0.6133743524551392 1172 309 1201 341 E
0 3 0.3772416412830353 1203 302 1334 350 ext(Lha)
0 3 0.9945051074028015 1336 302 1407 343 each
0 3 0.9999942779541016 1407 302 1447 341 of
0 3 0.999946117401123 1445 305 1524 339 them
0 4 0.9880749583244324 217 354 312 380 occurs
0 4 0.9999579191207886 312 345 350 382 in
0 4 0.978404700756073 350 350 378 382 u
0 4 0.9972079396247864 380 345 511 384 infinitely
0 4 0.9997056126594543 514 348 600 384 often,
0 4 0.8963271975517273 602 352 640 380 SO
0 4 0.9976699948310852 640 352 685 380 we
0 4 0.9870540499687195 683 350 743 382 can
0 4 0.9999716281890869 743 345 805 380 find
0 4 0.9997362494468689 805 350 831 382 a
0 4 0.9965141415596008 830 343 921 382 factor
0 4 0.6421201825141907 919 343 959 382 of
0 4 0.9999401569366455 956 345 1009 380 the
0 4 0.9792073369026184 1011 345 1082 380 form
0 4 0.23339563608169556 1085 354 1158 380 uwA.
0 4 0.999981164932251 1167 345 1236 380 This
0 4 0.9996070265769958 1238 343 1329 382 factor
0 4 0.9998835325241089 1329 345 1391 380 also
0 4 0.9750322699546814 1392 352 1487 378 occurs
0 4 0.9995606541633606 1487 343 1525 382 in
0 5 0.9770398139953613 214 388 254 423 ui
0 5 0.9968331456184387 249 386 378 425 infinitely
0 5 0.9999032020568848 383 384 471 425 often,
0 5 0.9967215657234192 476 386 599 425 allowing
0 5 0.9983434677124023 602 393 640 421 us
0 5 0.9999502897262573 640 386 682 423 to
0 5 0.993584930896759 680 382 745 423 find
0 5 0.999947190284729 750 386 898 425 arbitrarily
0 5 0.9987963438034058 903 386 972 427 long
0 5 0.9980168342590332 974 384 1064 423 words
0 5 0.2920209765434265 1064 391 1102 427 ,
0 5 0.857012152671814 1097 393 1123 425 y
0 5 0.99989914894104 1127 386 1195 421 such
0 5 0.9997532963752747 1201 386 1266 421 that
0 5 0.24209605157375336 1270 393 1372 425 ruwy
0 5 0.9993653893470764 1374 384 1407 423 is
0 5 0.9337287545204163 1406 391 1434 421 a
0 5 0.9990022778511047 1436 386 1524 418 factor
0 6 0.9478456974029541 215 425 257 461 of
0 6 0.9923032522201538 254 431 290 464 u.
0 6 0.9999486207962036 298 425 380 459 Then
0 6 0.1681792140007019 383 433 449 459 uwN
0 6 0.6797772645950317 453 429 481 461 E
0 6 0.3818177878856659 484 425 622 466 ext(LK,a)-
0 6 0.999657154083252 630 423 725 461 Hence
0 6 0.9998304843902588 727 431 771 459 we
0 6 0.9999245405197144 775 427 876 466 proved
0 6 0.761710524559021 879 425 936 464 the
0 6 0.5617567896842957 939 427 1152 457 Restivo-Salemi
0 6 0.9994914531707764 1160 431 1284 464 property
0 6 0.6497557759284973 1289 425 1338 461 for
0 6 0.5180943012237549 1341 425 1414 468 L,a-
0 7 0.9736044406890869 220 489 337 528 Remark
0 7 0.9996497631072998 340 491 390 526 39.
0 7 0.9998939037322998 393 489 428 528 It
0 7 0.9998607635498047 428 489 463 528 is
0 7 0.9995267391204834 461 489 552 528 worth
0 7 0.9692737460136414 557 496 718 528 mentioning
0 7 0.9999722242355347 723 491 788 526 that
0 7 0.999472439289093 791 489 840 526 for
0 7 0.8828344941139221 841 491 923 526 small
0 7 0.7089861631393433 926 491 1024 532 binary
0 7 0.9943391680717468 1027 494 1170 532 languages
0 7 0.9972475171089172 1177 494 1306 526 Theorem
0 7 0.999995231628418 1309 489 1351 526 37
0 7 0.9996009469032288 1353 489 1444 528 works
0 7 0.9996284246444702 1442 491 1482 528 in
0 7 0.9998804330825806 1482 498 1524 526 an
0 8 0.8381955027580261 219 532 345 565 extremal
0 8 0.9966418743133545 353 532 433 565 form.
0 8 0.996845006942749 446 532 527 565 Since
0 8 0.9950237274169922 531 528 567 567 2+
0 8 0.43712732195854187 579 530 614 569 5
0 8 0.9960629343986511 615 537 649 567 a
0 8 0.3853396773338318 649 530 685 571 5
0 8 0.9998753070831299 687 528 745 573 7/3
0 8 0.528087854385376 748 532 854 571 implies
0 8 0.5462424159049988 859 528 989 575 ext(L2a)
0 8 0.9872123599052429 994 539 1027 565 =
0 8 0.9943628311157227 1034 532 1133 571 Fac(t),
0 8 0.9999732971191406 1142 530 1195 567 the
0 8 0.9998279809951782 1200 532 1331 571 language
0 8 0.6410199403762817 1338 530 1399 575 L2,a
0 8 0.9973368048667908 1406 532 1524 571 trivially
0 9 0.9999231100082397 214 569 273 610 has
0 9 0.9999217987060547 278 571 332 605 the
0 9 0.5142663717269897 341 573 554 603 Restivo-Salemi
0 9 0.997930645942688 567 577 700 610 property;
0 9 0.9886935353279114 712 575 752 610 as
0 9 0.9878407120704651 758 580 803 605 we
0 9 0.9979470372200012 810 571 893 605 know
0 9 0.9958590865135193 899 571 972 605 from
0 9 0.8066229820251465 982 573 1120 612 Corollary
0 9 0.9989836812019348 1127 571 1162 612 3,
0 9 0.9842347502708435 1170 567 1220 610 all
0 9 0.8446612358093262 1228 575 1407 608 a-power-free
0 9 0.999295711517334 1417 573 1524 605 infinite
1 0 0.9418460130691528 217 612 315 653 binary
1 0 0.9995130300521851 320 612 408 644 words
1 0 0.986462414264679 415 616 521 642 contain
1 0 0.9778831005096436 524 612 569 646 all
1 0 0.6298000812530518 574 612 662 644 words
1 0 0.9999986886978149 664 608 702 648 of
1 0 0.9706029891967773 702 612 830 653 ext(L2,a)
1 0 0.9989247918128967 835 618 873 646 as
1 0 0.9837509989738464 878 612 984 644 factors.
2 0 0.9999911785125732 265 666 328 700 The
2 0 0.9999715089797974 335 666 466 704 following
2 0 0.9935811758041382 473 670 620 702 conjecture
2 0 0.9997324347496033 624 663 657 702 is
2 0 0.999614953994751 660 666 747 702 based
2 0 0.998953104019165 748 672 791 700 on
2 0 0.9785908460617065 795 668 931 698 extensive
2 0 0.588536262512207 934 668 1079 700 numerical
2 0 0.9983018636703491 1084 668 1195 700 studies.
3 0 0.6112189292907715 220 734 401 773 Conjecture
3 0 0.9997782111167908 413 734 468 769 40.
3 0 0.9523379802703857 494 732 551 777 [30,
3 0 0.9995070695877075 561 734 718 773 Conjecture
3 0 0.6564746499061584 728 730 762 777 1]
3 0 0.9859287142753601 770 732 820 769 All
3 0 0.9975964426994324 828 734 979 773 power-free
3 0 0.9997166991233826 989 734 1132 773 languages
3 0 0.998399555683136 1140 734 1238 773 satisfy
3 0 0.9999669790267944 1246 732 1299 769 the
3 0 0.6523247361183167 1309 734 1520 766 Restivo-Salemi
4 0 0.9307252168655396 219 779 348 812 property.
5 0 0.9999212026596069 263 837 313 880 As
5 0 0.9999679327011108 313 848 355 876 an
5 0 0.9996486902236938 360 846 491 878 approach
5 0 0.9997946619987488 498 842 537 878 to
5 0 0.9960334897041321 541 846 697 878 Conjecture
5 0 0.999293327331543 702 840 753 883 40,
5 0 0.974634051322937 757 848 801 876 we
5 0 0.9993595480918884 803 844 914 883 suggest
5 0 0.999962568283081 918 842 972 876 the
5 0 0.809598982334137 976 842 1113 880 following.
5 1 0.999962568283081 219 908 312 949 Open
5 1 0.9957927465438843 318 908 468 947 Question
5 1 0.9998729228973389 474 908 531 947 41.
5 1 0.8914742469787598 537 906 627 945 Prove
5 1 0.9990072846412659 629 908 680 945 the
5 1 0.5966641902923584 685 917 810 943 comverse
5 1 0.9999936819076538 815 908 856 951 of
5 1 0.6417192816734314 856 908 992 947 Corollary
5 1 0.9709750413894653 997 908 1045 945 38.
6 0 0.8322277069091797 222 1044 469 1076 References
7 0 0.5834692716598511 229 1115 282 1168 [4
7 0 0.9980217218399048 283 1121 353 1155 J.-P.
7 0 0.6676721572875977 365 1121 493 1153 Allouche
7 0 0.999872088432312 499 1121 559 1155 and
7 0 0.9880765676498413 566 1119 602 1158 J.
7 0 0.912900984287262 607 1119 650 1155 O.
7 0 0.9982738494873047 659 1121 763 1153 Shallit.
7 0 0.9999866485595703 783 1121 848 1155 The
7 0 0.8747403621673584 856 1121 1011 1160 ubiquitous
7 0 0.6241064667701721 1022 1123 1319 1153 Promhet-Thue-Morse
7 0 0.9981039762496948 1328 1127 1465 1160 sequence.
7 0 0.5495684742927551 1485 1119 1525 1155 In
7 1 0.49904635548591614 285 1160 337 1196 C.J
7 1 0.9990149736404419 327 1160 411 1200 Ding,
7 1 0.9972301125526428 416 1160 456 1196 T.
7 1 0.999729335308075 461 1160 604 1198 Helleseth,
7 1 0.9995452761650085 610 1160 670 1194 and
7 1 0.9997556805610657 674 1158 715 1196 H.
7 1 0.9994626641273499 723 1164 901 1196 Niederreiter,
7 1 0.9998763799667358 909 1160 1020 1198 editors,
7 1 0.795482337474823 1029 1162 1175 1200 Sequences
7 1 0.9987078905105591 1180 1160 1241 1194 and
7 1 0.9945719838142395 1246 1162 1331 1194 Their
7 1 0.9550560712814331 1336 1162 1522 1200 Applications,
7 2 0.695388913154602 234 1265 277 1312 [2]
7 2 0.9050115346908569 282 1265 356 1306 J.-P.
7 2 0.997785210609436 363 1269 489 1301 Allouche
7 2 0.9995471835136414 494 1269 552 1304 and
7 2 0.9987038373947144 556 1265 592 1306 J.
7 2 0.9462432265281677 597 1269 702 1301 Shallit.
7 2 0.9992233514785767 717 1271 868 1301 Automatic
7 2 0.8561837673187256 874 1269 1027 1308 Sequences:
7 2 0.9567710757255554 1042 1269 1152 1308 Theory,
7 2 0.9788848757743835 1162 1269 1348 1308 Applications,
7 2 0.8353247046470642 1361 1269 1524 1301 Generaliza-
7 3 0.5235323905944824 232 1372 280 1420 3]
7 3 0.958947479724884 282 1375 318 1413 S.
7 3 0.9985889792442322 322 1375 361 1413 E.
7 3 0.7626231908798218 365 1375 483 1413 Arshon.
7 3 0.9999376535415649 493 1375 582 1413 Proof
7 3 0.999992847442627 581 1375 620 1413 of
7 3 0.9999719858169556 620 1377 674 1411 the
7 3 0.9901122450828552 677 1379 811 1409 existence
7 3 0.9999896287918091 815 1375 854 1413 of
7 3 0.5567935109138489 858 1381 1022 1413 asymmetric
7 3 0.9483370184898376 1030 1379 1135 1411 infinite
7 3 0.9724233150482178 1142 1383 1289 1415 sequences.
7 3 0.9963325262069702 1304 1377 1376 1411 Mat.
7 3 0.852448582649231 1384 1377 1495 1409 Sbormik
7 3 0.999916672706604 1497 1377 1524 1411 2
7 4 0.5562343001365662 232 1480 277 1529 [41
7 4 0.922834575176239 282 1482 318 1523 S.
7 4 0.9985994696617126 322 1484 365 1521 V.
7 4 0.7019748091697693 373 1488 582 1521 Avgustinovich.
7 4 0.9999966621398926 599 1484 662 1518 The
7 4 0.9971241354942322 667 1486 781 1518 number
7 4 0.9999990463256836 785 1482 825 1521 of
7 4 0.9112210273742676 826 1486 947 1518 different
7 4 0.9997321963310242 954 1486 1092 1518 subwords
7 4 0.999874472618103 1095 1484 1135 1521 of
7 4 0.9999004602432251 1137 1488 1216 1523 given
7 4 0.996986448764801 1221 1484 1318 1525 length
7 4 0.9981022477149963 1321 1484 1359 1521 in
7 4 0.9995802044868469 1362 1484 1416 1518 the
7 4 0.9990955591201782 1421 1486 1522 1518 Morse-
7 5 0.9994452595710754 287 1525 410 1557 Hedlund
7 5 0.9958547949790955 418 1531 554 1564 sequence.
7 5 0.9707946181297302 576 1525 683 1557 Sibirsk.
7 5 0.9811543822288513 695 1523 747 1559 Zh.
7 5 0.7496437430381775 758 1525 846 1557 Issled.
7 5 0.9990941286087036 859 1525 941 1566 Oper.
7 5 0.999977707862854 949 1523 974 1559 1
7 5 0.99970942735672 984 1525 1085 1566 (1994),
7 5 0.9655587077140808 1094 1525 1216 1564 3-7,103.
7 5 0.9999203681945801 1233 1523 1273 1561 In
7 5 0.9763408303260803 1281 1529 1399 1555 Russian.
7 5 0.9988859295845032 1414 1525 1522 1564 English
7 6 0.7468644976615906 285 1566 443 1598 translation
7 6 0.9998310804367065 443 1564 481 1600 in
7 6 0.9996107220649719 479 1564 521 1600 A.
7 6 0.9996060729026794 519 1564 562 1600 D.
7 6 0.9996269941329956 566 1568 728 1600 Korshunov,
7 6 0.9996707439422607 733 1566 790 1604 ed.,
7 6 0.9995028972625732 796 1566 916 1598 Discrete
7 6 0.854492723941803 921 1568 1040 1600 Analysis
7 6 0.9989398121833801 1045 1561 1108 1602 and
7 6 0.5662949681282043 1112 1568 1263 1600 Operations
7 6 0.9992842078208923 1270 1564 1404 1602 Research,
7 6 0.9999264478683472 1407 1564 1522 1602 Kluwer,
7 7 0.6599531769752502 232 1669 277 1716 5]
7 7 0.9628323912620544 282 1669 318 1710 S.
7 7 0.9999443292617798 322 1673 410 1705 Brlek.
7 7 0.9953194260597229 420 1673 605 1705 Enumeration
7 7 0.9999396800994873 607 1671 649 1708 of
7 7 0.9927269220352173 649 1673 747 1705 factors
7 7 0.9998043179512024 748 1671 785 1708 in
7 7 0.9997895359992981 786 1671 840 1708 the
7 7 0.9602765440940857 843 1673 1016 1705 Thue-Morse
7 7 0.9943293929100037 1020 1673 1104 1705 word.
7 7 0.9848462343215942 1113 1673 1188 1708 Disc.
7 7 0.96368807554245 1195 1671 1275 1714 Appl.
7 7 0.9784696102142334 1283 1673 1367 1705 Math.
7 7 0.999491810798645 1371 1673 1417 1708 24
7 7 0.9995160102844238 1419 1669 1522 1716 (1989),
7 8 0.6310822367668152 232 1776 278 1824 [6]
7 8 0.9998654127120972 282 1778 325 1817 A.
7 8 0.9998927116394043 328 1781 415 1821 Carpi
7 8 0.9998384714126587 420 1781 478 1815 and
7 8 0.9998151659965515 483 1778 522 1817 A.
7 8 0.9841468334197998 527 1781 571 1817 de
7 8 0.9944051504135132 574 1781 655 1815 Luca.
7 8 0.9906598925590515 669 1781 775 1821 Special
7 8 0.9964912533760071 780 1781 891 1819 factors,
7 8 0.8036786317825317 896 1783 1059 1821 periodicity,
7 8 0.9998170733451843 1065 1781 1125 1815 and
7 8 0.9998749494552612 1128 1787 1172 1815 an
7 8 0.9710400104522705 1178 1785 1336 1817 application
7 8 0.9999874830245972 1343 1781 1382 1817 to
7 8 0.9672128558158875 1386 1783 1522 1813 Sturmian
8 0 0.9977193474769592 288 1203 453 1241 Proceedings
8 0 0.9999957084655762 458 1200 499 1243 of
8 0 0.9996674060821533 496 1198 587 1237 SETA
8 0 0.990329384803772 597 1198 654 1241 '98,
8 0 0.9999113082885742 655 1207 742 1243 pages
8 0 0.890902042388916 745 1203 823 1235 1-16.
8 0 0.8601041436195374 833 1205 1060 1237 Springer-Verlag,
8 0 0.9999074935913086 1070 1200 1148 1235 1999.
9 0 0.7615853548049927 285 1310 368 1342 tions.
9 0 0.9990631937980652 380 1312 536 1344 Cambridge
9 0 0.999559223651886 544 1310 693 1349 University
9 0 0.9998866319656372 698 1308 788 1349 Press,
9 0 0.98911452293396 793 1310 873 1342 2003.
10 0 0.999636173248291 287 1417 388 1458 (1937),
10 0 0.9785242080688477 393 1415 522 1454 769-779.
10 0 0.9999860525131226 529 1415 569 1452 In
10 0 0.9956602454185486 576 1420 695 1452 Russian,
10 0 0.9997527003288269 702 1417 771 1450 with
10 0 0.9998846054077148 778 1417 878 1450 French
10 0 0.9967465400695801 884 1417 1011 1450 abstract.
11 0 0.9954042434692383 285 1604 365 1645 1996,
11 0 0.9979581832885742 368 1611 420 1645 pp.
11 0 0.9995993971824646 423 1602 484 1643 1-5.
11 1 0.6953481435775757 282 1710 381 1750 83-96.
12 0 0.9962816834449768 285 1821 380 1854 words.
12 0 0.9994656443595886 391 1821 463 1854 Acta
12 0 0.9875196218490601 466 1819 524 1862 Inf.
12 0 0.9968069791793823 527 1819 629 1860 36(12)
12 0 0.9107441902160645 634 1817 738 1864 (2000),
12 0 0.6531458497047424 742 1821 803 1856 983
12 0 0.7625922560691833 793 1830 815 1849 -
12 0 0.9992105960845947 811 1821 888 1856 1006.
13 0 0.999931812286377 850 1916 891 1952 27
