block line confidence X1 Y1 X2 Y2 token
0 0 0.931216835975647 114 150 180 175 SetPoint
1 0 0.9826608300209045 710 153 765 180 Output
2 0 0.9987586736679077 575 178 631 203 System
3 0 0.9979280233383179 933 175 1022 201 Rewards
3 0 0.7617500424385071 1019 175 1051 205 Vs
3 0 0.9959598183631897 1049 175 1138 203 Episodes
3 0 0.999382734298706 1138 173 1172 203 for
3 0 0.7314175367355347 1172 175 1263 201 Different
3 0 0.9880560636520386 1261 173 1351 207 Learning
3 0 0.9998725652694702 1351 175 1411 203 Rates
4 0 0.759375810623169 856 205 901 232 2000
4 1 0.7560132145881653 854 255 899 280 1800
4 2 0.9998592138290405 857 306 899 328 1600
4 3 0.9798921942710876 854 351 901 376 1400
4 4 0.9999865293502808 854 399 899 424 1200
4 5 0.9999752044677734 854 445 899 472 1000
4 6 0.9999734163284302 864 495 901 523 800
5 0 0.9944068193435669 479 372 513 392 and
5 0 0.9947774410247803 508 370 558 395 Filters
6 0 0.9830543398857117 248 422 300 459 Fig.
6 0 0.9998136162757874 303 422 332 454 3:
6 0 0.9978652596473694 335 424 455 452 Controller
6 0 0.9999648332595825 460 424 531 452 Block
6 0 0.9944164752960205 534 424 638 459 Diagram
6 1 0.9988619089126587 159 520 206 557 IV.
6 1 0.9976179003715515 216 527 424 552 REINFORCEMENT
6 1 0.9996694326400757 428 527 558 552 LEARNING
6 1 0.9994692206382751 563 527 686 555 METHODS
6 1 0.9990314245223999 688 527 726 557 AS
6 2 0.9682913422584534 125 600 169 637 In
6 2 0.873170018196106 164 603 214 639 [1),
6 2 0.9998018145561218 218 607 260 635 we
6 2 0.9995962977409363 268 605 355 632 worked
6 2 0.9998083710670471 361 607 398 635 on
6 2 0.9934982061386108 407 605 524 632 traditional
6 2 0.9974307417869568 534 603 665 635 Controllers
6 2 0.9060425162315369 671 600 723 637 like
6 2 0.8397224545478821 728 603 788 637 PID,
6 3 0.9996798038482666 101 637 176 671 Fuzzy
6 3 0.993347704410553 182 639 287 666 PD,PD+I
6 3 0.9998941421508789 292 637 321 666 &
6 3 0.9923742413520813 326 637 390 671 LQR
6 3 0.9995099306106567 408 635 463 669 The
6 3 0.9994329810142517 465 635 555 676 biggest
6 3 0.9836986064910889 558 637 655 671 problem
6 3 0.9995195865631104 660 635 718 669 with
6 3 0.9999160766601562 722 639 786 666 those
6 4 0.9186289310455322 101 671 200 698 methods
6 4 0.999906063079834 200 669 227 701 is
6 4 0.9994723200798035 224 669 277 703 that
6 4 0.9999595880508423 285 669 342 705 they
6 4 0.9967139959335327 340 671 398 698 need
6 4 0.9992365837097168 398 671 429 701 to
6 4 0.9992289543151855 428 671 460 701 be
6 4 0.9987242817878723 460 671 528 698 tuned
6 4 0.9566742777824402 531 673 639 701 manually.
6 4 0.9951874017715454 642 669 686 705 So,
6 4 0.9981762170791626 686 671 786 705 reaching
7 0 0.8268563151359558 1240 463 1297 491 Ir0.7,
7 0 0.9671396017074585 1295 463 1366 491 Gamma
7 0 0.997272789478302 1363 463 1416 491 0.999
7 1 0.9812425374984741 1240 488 1306 513 Ir0.65,
7 1 0.9756932854652405 1306 488 1374 513 Gamma
7 1 0.9997691512107849 1371 486 1426 513 0.999
7 2 0.9831386804580688 1242 511 1298 539 Ir0.8,
7 2 0.7429142594337463 1295 511 1364 536 Gamma
7 2 0.9988986253738403 1363 511 1416 536 0.999
8 0 0.9895715713500977 355 561 533 587 CONTROLLERS
9 0 0.9996544122695923 977 543 1017 580 200
9 0 0.99951171875 1041 548 1077 577 400
9 0 0.9500494599342346 1106 548 1143 577 600
9 0 0.9999477863311768 1171 548 1208 577 800
9 0 0.9998997449874878 1227 545 1277 580 1000
9 0 0.9998737573623657 1293 548 1340 580 1200
9 0 0.9997490048408508 1355 545 1405 580 1400
9 1 0.9765373468399048 982 619 1035 655 Fig.
9 1 0.9996731281280518 1035 619 1064 650 4:
9 1 0.9991717338562012 1069 621 1169 648 Rewards
9 1 0.9999762773513794 1172 616 1216 653 for
9 1 0.9999045133590698 1217 621 1318 648 different
9 1 0.9003870487213135 1318 623 1347 653 a
10 0 0.9991852641105652 1133 575 1209 603 Episodes
11 0 0.8217968344688416 101 703 190 737 optimal
11 0 0.9523040056228638 197 701 276 735 values
11 0 0.9997859597206116 279 703 314 733 of
11 0 0.9972858428955078 318 705 447 730 Controllers
11 0 0.9996954202651978 453 703 550 737 depends
11 0 0.9996461868286133 557 708 594 735 on
11 0 0.9959850311279297 597 705 667 740 many
11 0 0.9991499185562134 670 701 734 735 trials
11 0 0.9998680353164673 738 701 788 735 and
11 0 0.9985912442207336 820 721 870 749 was
11 0 0.9998204112052917 873 719 962 744 iterated
11 0 0.7619710564613342 965 719 1027 746 2000
11 0 0.9442102313041687 1030 719 1099 746 times
11 0 0.6599795818328857 1104 728 1117 746 -
11 0 0.9999966621398926 1114 717 1151 746 At
11 0 0.9999505281448364 1153 717 1193 746 the
11 0 0.998665452003479 1196 717 1313 751 beginning
11 0 0.9999662637710571 1314 717 1348 746 of
11 0 0.9995231628417969 1347 714 1408 749 each
11 1 0.9938126802444458 182 737 253 772 Many
11 1 0.9995348453521729 255 740 279 769 a
11 1 0.9676448702812195 279 735 348 769 times
11 1 0.9990662932395935 352 737 458 772 optimum
11 1 0.9161409735679626 463 737 537 765 values
11 1 0.5858149528503418 542 735 615 769 aren't
11 1 0.9996077418327332 618 737 709 765 reached
11 1 0.990624725818634 713 740 744 769 at
11 1 0.9997411370277405 746 737 786 767 all.
11 1 0.9987817406654358 820 751 862 781 the
11 1 0.6348577737808228 870 751 991 778 simulation
11 1 0.9880349040031433 999 756 1051 783 was
11 1 0.565219521522522 1059 753 1172 778 refreshed.
11 1 0.6636090874671936 1183 753 1301 778 Whenever
11 1 0.9983702301979065 1309 751 1350 781 the
11 1 0.815277099609375 1356 749 1442 783 robot's
11 1 0.9998741149902344 1448 753 1505 781 state
11 2 0.9999943971633911 98 767 151 801 The
11 2 0.9998762607574463 156 767 247 808 biggest
11 2 0.999786913394928 251 772 334 799 benefit
11 2 0.9998910427093506 340 769 374 799 of
11 2 0.9913057684898376 381 772 549 797 Reinforcement
11 2 0.999090313911438 557 769 654 804 learning
11 2 0.9183075428009033 665 774 785 801 algorithms
11 2 0.9898641705513 822 785 928 813 exceeded
11 2 0.999178946018219 933 783 975 813 the
11 2 0.9972800016403198 977 781 1038 815 limit
11 2 0.999451220035553 1040 783 1066 815 it
11 2 0.9982460737228394 1067 788 1117 815 was
11 2 0.903804361820221 1124 788 1232 815 penalized
11 2 0.9949008226394653 1237 783 1276 822 by
11 2 0.9970771074295044 1277 785 1389 820 assigning
11 2 0.9999167919158936 1393 785 1474 813 reward
11 2 0.9999725818634033 1477 785 1505 815 to
11 3 0.9993828535079956 100 806 132 836 as
11 3 0.9912010431289673 135 801 266 833 Controllers
11 3 0.999728262424469 269 801 298 833 is
11 3 0.9992596507072449 302 801 355 836 that
11 3 0.8619791865348816 361 815 374 833 -
11 3 0.9999693632125854 376 804 416 833 the
11 3 0.994719386100769 423 804 495 831 model
11 3 0.995724081993103 502 806 568 833 tunes
11 3 0.9997697472572327 575 804 638 831 itself
11 3 0.9999094009399414 639 804 671 836 to
11 3 0.9998691082000732 675 804 741 831 reach
11 3 0.9999969005584717 746 804 788 833 the
11 3 0.9102992415428162 820 815 893 849 -100
11 3 0.9999947547912598 912 815 965 849 The
11 3 0.9999058246612549 970 815 999 849 Q
11 3 0.999284565448761 1003 817 1070 845 Table
11 3 0.9993560910224915 1075 817 1103 849 is
11 3 0.9957754015922546 1108 817 1200 851 updated
11 3 0.9694445133209229 1204 820 1235 849 at
11 3 0.9963996410369873 1237 815 1297 849 each
11 3 0.9999024868011475 1300 817 1353 854 step
11 3 0.9943617582321167 1358 817 1473 851 according
11 3 0.999948263168335 1477 817 1505 847 to
12 0 0.997617781162262 100 742 177 767 errors.
13 0 0.999452531337738 1408 714 1507 756 episode,
14 0 0.9600813388824463 101 838 213 872 Optimum
14 0 0.9962634444236755 224 838 305 865 values.
14 0 0.9999790191650391 314 833 368 867 The
14 0 0.8454473614692688 377 836 489 870 following
14 0 0.9998089671134949 499 836 550 870 two
14 0 0.9954427480697632 558 838 652 865 sections
14 0 0.9775530099868774 665 838 749 865 discuss
14 0 0.9998643398284912 760 836 788 870 Q
15 0 0.9380056262016296 822 854 920 881 equation
15 0 0.9970199465751648 928 849 954 881 1.
15 0 0.9999905824661255 954 847 1007 881 The
15 0 0.5368623733520508 1012 854 1129 881 Algorithm
15 0 0.9998911619186401 1137 849 1153 881 1
15 0 0.9999241828918457 1158 851 1232 879 shows
15 0 0.9982032775878906 1234 847 1277 883 the
15 0 0.9979666471481323 1279 849 1326 881 full
15 0 0.5501099824905396 1327 849 1447 883 algorithm.
15 1 0.9999935626983643 846 881 899 915 The
15 1 0.685051441192627 910 883 1032 911 simulation
15 1 0.9998074173927307 1041 883 1096 918 was
15 1 0.9991390705108643 1103 886 1148 913 run
15 1 0.9974768757820129 1159 883 1200 913 for
15 1 0.999881386756897 1208 881 1272 915 three
15 1 0.9998514652252197 1284 883 1382 911 different
15 1 0.9966244697570801 1393 886 1421 915 a
15 1 0.999259889125824 1431 883 1505 911 values
15 2 0.97586989402771 823 915 993 950 (0.7,0.65,0.8)
15 2 0.9994460940361023 1012 913 1070 947 with
15 2 0.8559699058532715 1070 920 1098 952 7
15 2 0.9981118440628052 1099 918 1164 945 value
15 2 0.999967098236084 1166 915 1201 945 of
15 2 0.5681003928184509 1203 915 1295 950 (0.999).
15 2 0.9991424083709717 1300 913 1353 947 The
15 2 0.998556911945343 1353 915 1405 952 Fig.
15 2 0.9999089241027832 1406 915 1431 947 4
15 2 0.9997527003288269 1432 918 1507 945 shows
16 0 0.9990264177322388 101 870 206 904 Learning
16 0 0.9996904134750366 208 867 258 902 and
16 0 0.9999494552612305 260 870 326 904 Deep
16 0 0.9999051094055176 327 867 355 902 Q
16 0 0.9995203018188477 360 870 465 897 Network.
16 1 0.9835666418075562 98 904 132 934 A.
16 1 0.7952780723571777 137 902 176 938 Q
16 1 0.9976143836975098 169 906 272 934 Learning
17 0 0.9999978542327881 150 952 164 975 -
17 0 0.6961961388587952 158 952 172 975 -
17 0 0.9989802241325378 169 947 266 982 learning
17 0 0.9990861415863037 269 952 321 977 was
17 0 0.9999605417251587 326 947 442 982 developed
17 0 0.99918133020401 447 945 484 984 by
17 0 0.9986839890480042 489 947 625 982 Christopher
17 0 0.9990087151527405 628 945 689 979 John
17 0 0.9994580149650574 694 947 785 975 Cornish
17 0 0.999990701675415 820 950 862 979 the
17 0 0.9997512698173523 865 952 964 977 Rewards
17 0 0.9249733090400696 967 952 1001 982 VS
17 0 0.9998935461044312 1004 950 1108 984 Episodes
17 0 0.9999996423721313 1111 950 1151 979 for
17 0 0.9986730813980103 1153 952 1217 979 those
17 0 0.9936233162879944 1221 954 1263 982 as.
17 0 0.9998300075531006 1264 950 1292 982 It
17 0 0.9996347427368164 1290 950 1318 982 is
17 0 0.999925971031189 1319 952 1405 977 evident
17 0 0.9996670484542847 1408 950 1465 984 that,
17 0 0.9964396357536316 1466 950 1507 979 the
17 1 0.9987220168113708 101 979 193 1014 Hellaby
17 1 0.9821604490280151 205 982 298 1009 Watkins
17 1 0.6286183595657349 308 977 355 1016 [7).
17 1 0.9712811708450317 363 979 486 1014 According
17 1 0.9999513626098633 492 982 524 1011 to
17 1 0.8988417983055115 533 982 633 1009 Watkins,
17 1 0.9801746606826782 641 977 681 1014 """it"
17 1 0.9989180564880371 688 984 785 1011 provides
17 1 0.9998356103897095 820 984 886 1011 robot
17 1 0.8264361023902893 891 984 988 1011 couldn't
17 1 0.9989864230155945 994 984 1061 1011 reach
17 1 0.999992847442627 1066 984 1108 1014 the
17 1 0.974338710308075 1112 984 1183 1018 target
17 1 0.9998588562011719 1187 984 1279 1011 rewards
17 1 0.9998170733451843 1287 984 1361 1011 within
17 1 0.999796450138092 1368 984 1410 1014 the
17 1 0.9888600707054138 1416 984 1508 1018 training
17 2 0.9043352007865906 101 1018 176 1046 agents
17 2 0.9995586276054382 184 1011 242 1046 with
17 2 0.9999345541000366 247 1014 289 1043 the
17 2 0.9996013045310974 295 1014 410 1048 capability
17 2 0.9996241331100464 416 1011 452 1046 of
17 2 0.9995361566543579 455 1014 552 1048 learning
17 2 0.9999698400497437 557 1014 587 1046 to
17 2 0.997713565826416 592 1016 634 1043 act
17 2 0.9826384782791138 639 1014 751 1048 optimally
17 2 0.9997984766960144 757 1011 788 1043 in
17 2 0.9969395399093628 822 1016 898 1050 period
17 2 0.9999492168426514 907 1016 948 1046 for
17 2 0.999891996383667 957 1018 1020 1046 those
17 2 0.9984570741653442 1032 1016 1129 1050 learning
17 2 0.997768759727478 1138 1018 1204 1046 rates.
17 2 0.999818742275238 1213 1011 1259 1048 We
17 2 0.9966253042221069 1267 1023 1309 1046 see
17 2 0.9999459981918335 1318 1016 1374 1050 that,
17 2 0.9999992847442627 1382 1016 1424 1046 for
17 2 0.9998970031738281 1432 1016 1473 1046 the
17 2 0.9956898093223572 1481 1018 1508 1048 a
17 3 0.8621395826339722 103 1048 226 1073 Markovian
17 3 0.9990034699440002 237 1048 334 1075 domains
17 3 0.9884651899337769 342 1043 379 1084 by
17 3 0.9647828340530396 386 1048 534 1080 experiencing
17 3 0.9994462132453918 542 1046 584 1075 the
17 3 0.9843115210533142 591 1048 751 1082 consequences
17 3 0.9995003938674927 754 1043 793 1080 of
17 3 0.9581813216209412 822 1050 896 1078 values
17 3 0.9990994930267334 904 1050 948 1080 0.7
17 3 0.569775402545929 952 1046 1003 1080 and
17 3 0.9984316229820251 1006 1048 1057 1082 0.8,
17 3 0.9999880790710449 1066 1050 1106 1080 the
17 3 0.9999977350234985 1114 1050 1179 1078 robot
17 3 0.9989908337593079 1187 1050 1276 1078 reaches
17 3 0.7582002282142639 1284 1050 1402 1078 maximum
17 3 0.9970888495445251 1410 1048 1507 1082 possible
17 4 0.9991886019706726 103 1082 190 1110 actions,
17 4 0.9987058639526367 200 1082 290 1110 without
17 4 0.9999167919158936 298 1080 405 1114 requiring
17 4 0.9993152618408203 411 1078 476 1112 them
17 4 0.9994087219238281 481 1080 512 1112 to
17 4 0.9999548196792603 516 1078 581 1112 build
17 4 0.9997205138206482 587 1082 654 1116 maps
17 4 0.999956488609314 657 1080 692 1110 of
17 4 0.9996606111526489 696 1080 736 1110 the
17 4 0.9994327425956726 743 1080 786 1110 do-
17 4 0.9992173910140991 820 1080 967 1112 accumulated
17 4 0.9997387528419495 973 1084 1069 1112 rewards,
17 4 0.9994737505912781 1075 1080 1132 1116 200,
17 4 0.5621128678321838 1138 1082 1213 1110 within
17 4 0.9990944862365723 1217 1080 1269 1114 400
17 4 0.998964786529541 1271 1082 1379 1116 episodes.
17 4 0.999993085861206 1382 1080 1437 1114 The
17 4 0.9919806718826294 1439 1084 1505 1112 curve
17 5 0.7789384126663208 101 1114 188 1142 "mains."""
17 5 0.8347781300544739 193 1112 239 1148 [8].
17 5 0.9998202919960022 242 1112 272 1144 In
17 5 0.9995883107185364 272 1116 297 1146 a
17 5 0.9977138042449951 298 1114 421 1142 Markovian
17 5 0.9943395256996155 426 1112 523 1146 domain,
17 5 0.9998835325241089 526 1112 555 1146 Q
17 5 0.557211697101593 558 1114 663 1142 function-
17 5 0.999981164932251 667 1110 710 1146 the
17 5 0.9985451698303223 712 1114 786 1142 model
17 5 0.9990515112876892 820 1114 878 1148 with
17 5 0.9595740437507629 877 1119 906 1148 a
17 5 0.9960873126983643 907 1116 972 1144 value
17 5 0.9997430443763733 975 1116 1019 1146 0.7
17 5 0.9997937083244324 1020 1114 1046 1148 is
17 5 0.9997014403343201 1048 1114 1099 1148 less
17 5 0.9999839067459106 1099 1114 1172 1148 stable
17 5 0.9935412406921387 1174 1116 1290 1151 compared
17 5 0.9999111890792847 1292 1116 1322 1148 to
17 5 0.9998007416725159 1322 1114 1374 1148 that
17 5 0.9999997615814209 1376 1114 1408 1146 of
17 5 0.9989320635795593 1406 1114 1460 1148 0.8.
17 5 0.9999856948852539 1460 1114 1510 1148 But
17 6 0.9989922642707825 98 1146 134 1180 to
17 6 0.9999923706054688 130 1144 166 1178 be
17 6 0.9981337189674377 166 1146 281 1180 generated
17 6 0.996246874332428 284 1146 350 1180 using
17 6 0.999171257019043 352 1146 394 1176 the
17 6 0.7340404987335205 395 1146 516 1180 algorithm-
17 6 0.9969882369041443 521 1146 634 1174 calculates
17 6 0.9995735287666321 639 1146 681 1176 the
17 6 0.8122426867485046 683 1146 786 1180 expected
17 6 0.9984827637672424 818 1146 872 1180 The
17 6 0.9859691858291626 875 1153 944 1178 curve
17 6 0.9992051720619202 948 1146 1007 1180 with
17 6 0.9910827875137329 1009 1153 1038 1180 a
17 6 0.9832022786140442 1043 1151 1106 1178 value
17 6 0.9988306164741516 1112 1151 1167 1178 0.65
17 6 0.999951958656311 1174 1153 1243 1178 never
17 6 0.9995229244232178 1248 1151 1335 1178 reaches
17 6 0.999968409538269 1342 1148 1382 1178 the
17 6 0.9804090261459351 1390 1151 1505 1178 maximum
18 0 0.7925285696983337 100 1178 174 1212 utility
18 0 0.99998939037323 179 1176 222 1212 for
18 0 0.9983080625534058 224 1180 250 1212 a
18 0 0.9972625970840454 253 1180 319 1215 given
18 0 0.90116947889328 329 1180 390 1208 finite
18 0 0.9971612691879272 395 1178 458 1212 state
18 0 0.7390435338020325 461 1180 486 1212 S
18 0 0.9999058246612549 487 1176 539 1212 and
18 0 0.9998884201049805 542 1180 612 1215 every
18 0 0.9988310933113098 618 1180 715 1215 possible
18 0 0.9999685287475586 725 1180 786 1208 finite
18 0 0.9973146319389343 820 1180 967 1212 accumulated
18 0 0.9392932057380676 972 1183 1057 1210 reward.
18 1 0.9999109506607056 100 1247 142 1276 the
18 1 0.9991067051887512 145 1247 251 1281 optimum
18 1 0.9975288510322571 255 1247 329 1274 action
18 1 0.9914660453796387 331 1249 355 1279 a
18 1 0.9964638352394104 358 1247 439 1281 having
18 1 0.9998596906661987 440 1242 486 1279 the
18 1 0.8908767700195312 487 1247 573 1281 highest
18 1 0.9916989803314209 578 1247 642 1274 value
18 1 0.9999990463256836 646 1244 681 1279 of
18 1 0.9558062553405762 681 1247 783 1281 Q(s,a),
18 1 0.9953421354293823 820 1233 851 1265 B.
18 1 0.9896121621131897 857 1233 923 1270 Deep
18 1 0.972892701625824 927 1233 954 1267 Q
18 1 0.9998114705085754 956 1235 1054 1263 Network
18 1 0.923748254776001 1059 1233 1143 1267 (DON)
19 0 0.998845100402832 101 1215 174 1242 action
19 0 0.9532508254051208 174 1217 206 1244 a.
19 0 0.9999953508377075 206 1210 260 1244 The
19 0 0.9998002648353577 260 1215 327 1249 agent
19 0 0.999369204044342 327 1219 347 1242 -
19 0 0.9918407201766968 348 1215 421 1242 which
19 0 0.9998620748519897 423 1212 450 1244 is
19 0 0.9999798536300659 450 1212 492 1242 the
19 0 0.9901589751243591 495 1215 558 1242 robot
19 0 0.9999387264251709 560 1212 589 1244 in
19 0 0.9999926090240479 589 1210 641 1244 this
19 0 0.990983247756958 641 1217 705 1244 case-
19 0 0.9849219918251038 707 1215 786 1242 selects
19 1 0.9999964237213135 98 1276 148 1311 this
19 1 0.9974326491355896 148 1276 224 1311 action
19 1 0.9995536208152771 227 1279 332 1313 choosing
19 1 0.9865813255310059 334 1276 387 1311 rule
19 1 0.9995474219322205 387 1279 415 1311 is
19 1 0.9998250603675842 415 1276 470 1311 also
19 1 0.9979925155639648 470 1279 542 1306 called
19 1 0.9966049194335938 545 1279 626 1315 Policy.
19 1 0.9958094358444214 629 1276 670 1315 [8]
19 1 0.8005334734916687 689 1279 785 1313 Initially,
20 0 0.9903682470321655 847 1274 877 1306 V
20 0 0.9601442813873291 881 1276 946 1304 Mnih
20 0 0.9999561309814453 951 1276 982 1306 et
20 0 0.9998362064361572 983 1274 1012 1306 al
20 0 0.9946987628936768 1017 1272 1057 1311 [9]
20 0 0.9985775947570801 1061 1272 1114 1308 first
20 0 0.999815046787262 1119 1276 1175 1304 used
20 0 0.99980229139328 1182 1274 1246 1311 Deep
20 0 0.9922724962234497 1251 1276 1358 1311 Learning
20 0 0.9998966455459595 1363 1279 1395 1306 as
20 0 0.9994730353355408 1397 1276 1421 1308 a
20 0 0.8296415209770203 1426 1276 1507 1304 variant
21 0 0.990326464176178 98 1308 145 1345 the
21 0 0.9915382862091064 148 1313 235 1347 Q(s,a)
21 0 0.9335672855377197 243 1313 340 1340 function
21 0 0.9551191329956055 348 1313 424 1340 values
21 0 0.9995537400245667 429 1320 468 1340 are
21 0 0.511253297328949 476 1313 576 1340 assumed
21 0 0.9999748468399048 581 1313 613 1343 to
21 0 0.999923825263977 617 1311 652 1345 be
21 0 0.9981581568717957 654 1315 715 1343 zero.
21 0 0.9999985694885254 723 1313 788 1340 After
21 0 0.9999990463256836 820 1308 852 1338 of
21 0 0.999834418296814 854 1308 881 1340 Q
21 0 0.9920456409454346 885 1308 991 1343 Learning
21 0 0.9573026895523071 996 1308 1109 1343 algorithm
21 0 0.9999812841415405 1111 1308 1141 1340 to
21 0 0.9997014403343201 1145 1308 1200 1345 play
21 0 0.9991503953933716 1203 1308 1242 1338 six
21 0 0.9884935021400452 1245 1311 1324 1345 games
21 0 0.9999945163726807 1326 1306 1361 1340 of
21 0 0.9999507665634155 1358 1306 1426 1340 Atari
21 0 0.9982707500457764 1426 1306 1500 1340 2600,
21 1 0.9996423721313477 100 1347 167 1384 every
21 1 0.9983649849891663 171 1345 263 1379 training
21 1 0.9997333884239197 264 1347 318 1381 step
21 1 0.34057191014289856 321 1359 334 1377 ?
21 1 0.9999507665634155 334 1345 376 1375 the
21 1 0.9960212111473083 379 1347 453 1375 values
21 1 0.999701201915741 458 1352 497 1372 are
21 1 0.9867309331893921 502 1345 594 1379 updated
21 1 0.9986403584480286 599 1345 712 1379 according
21 1 0.9987892508506775 715 1347 746 1377 to
21 1 0.9999959468841553 746 1345 788 1375 the
21 1 0.9998143315315247 822 1343 893 1370 which
21 1 0.6218053102493286 898 1340 1054 1375 outperformed
21 1 0.9997430443763733 1057 1340 1093 1370 all
21 1 0.9997501969337463 1095 1343 1159 1370 other
21 1 0.9998873472213745 1161 1343 1263 1377 previous
21 1 0.7268799543380737 1266 1343 1397 1375 algorithms.
21 1 0.9998596906661987 1418 1340 1447 1372 In
21 1 0.9956289529800415 1450 1343 1507 1370 their
22 0 0.9041879177093506 101 1379 213 1413 following
22 0 0.7773074507713318 218 1379 318 1413 equation
23 0 0.9996397495269775 820 1377 894 1411 paper,
23 0 0.9994819760322571 898 1377 946 1404 two
23 0 0.9964974522590637 949 1375 1030 1409 unique
23 0 0.9921016097068787 1033 1375 1162 1409 approaches
23 0 0.9997548460960388 1167 1379 1229 1404 were
23 0 0.9978464841842651 1232 1375 1293 1402 used.
23 1 0.997867226600647 878 1407 1006 1441 Experience
23 1 0.9981991648674011 1012 1407 1096 1445 Replay
23 2 0.9610283374786377 877 1443 998 1468 Derivation
23 2 0.9999836683273315 1003 1441 1036 1471 of
23 2 0.9999089241027832 1035 1441 1062 1473 Q
23 2 0.998146653175354 1067 1443 1145 1471 Values
23 2 0.9999222755432129 1148 1441 1177 1471 in
23 2 0.9996504783630371 1179 1445 1227 1471 one
23 2 0.997955322265625 1230 1443 1322 1468 forward
23 2 0.9997169375419617 1326 1445 1382 1480 pass
23 3 0.9998670816421509 846 1509 902 1544 The
23 3 0.9994514584541321 906 1516 1015 1544 technique
23 3 0.9850805401802063 1024 1512 1059 1546 of
23 3 0.9695042967796326 1062 1512 1192 1546 Experience
23 3 0.9991903901100159 1198 1509 1290 1550 Replay,
23 3 0.9033292531967163 1295 1514 1432 1546 experiences
23 3 0.9999828338623047 1437 1512 1473 1546 of
23 3 0.9997442364692688 1473 1514 1508 1544 an
24 0 0.44472989439964294 171 1464 318 1505 Q(s,ai)t-
24 0 0.30183207988739014 303 1464 407 1505 Q(s,a)
24 0 0.547193706035614 403 1466 482 1502 +a(r
24 0 0.9965031147003174 479 1464 513 1505 +
24 0 0.3717997968196869 512 1468 715 1500 mazQ(S1,0)
24 0 0.6830970644950867 746 1464 789 1502 (1)
25 0 0.9999485015869141 125 1550 180 1587 The
25 0 0.993597149848938 187 1557 290 1585 objective
25 0 0.9995518326759338 298 1550 344 1587 for
25 0 0.999994158744812 344 1550 389 1587 the
25 0 0.7837089896202087 397 1555 473 1582 Model
25 0 0.9999439716339111 479 1553 510 1585 in
25 0 0.8036717176437378 516 1557 563 1585 our
25 0 0.9992710947990417 568 1555 652 1589 project
25 0 0.9999712705612183 659 1553 686 1585 is
25 0 0.9999046325683594 691 1555 723 1585 to
25 0 0.9996019005775452 728 1553 788 1589 keep
25 0 0.9880347847938538 822 1546 941 1580 agent,i.e.
25 0 0.7050370573997498 944 1546 1028 1580 (state,
25 0 0.8842101693153381 1025 1548 1125 1576 reward,
25 0 0.9994422793388367 1127 1546 1217 1580 action,
25 0 0.8304229378700256 1216 1546 1335 1580 statenew)
25 0 0.8215072154998779 1337 1553 1379 1576 are
25 0 0.9996932744979858 1377 1544 1452 1578 stored
25 0 0.9999651908874512 1452 1548 1508 1576 over
25 1 0.9997842907905579 98 1587 130 1619 it
25 1 0.9998706579208374 130 1589 206 1617 within
25 1 0.5789186954498291 216 1589 284 1617 limits
25 1 0.8687132000923157 290 1585 334 1621 i.e.
25 1 0.6886866688728333 342 1582 398 1619 50
25 1 0.9999799728393555 424 1585 463 1621 At
25 1 0.9994895458221436 468 1589 520 1617 first
25 1 0.9125998616218567 528 1601 541 1619 >
25 1 0.9999922513961792 544 1585 589 1621 the
25 1 0.9999130964279175 596 1589 660 1617 robot
25 1 0.5445277690887451 668 1587 751 1621 model,
25 1 0.9995300769805908 759 1587 788 1621 Q
25 1 0.5801625847816467 820 1580 889 1614 many
25 1 0.9988614320755005 893 1578 996 1612 episodes
25 1 0.41502878069877625 1001 1585 1015 1610 :
25 1 0.9999591112136841 1019 1578 1049 1610 In
25 1 0.9999732971191406 1054 1578 1095 1608 the
25 1 0.9985126852989197 1099 1578 1196 1612 learning
25 1 0.9153825640678406 1203 1578 1285 1612 period,
25 1 0.9999047517776489 1292 1580 1350 1608 after
25 1 0.9996203184127808 1351 1576 1413 1610 each
25 1 0.9998750686645508 1416 1578 1507 1612 episode
25 2 0.9987221360206604 101 1624 184 1651 matrix,
25 2 0.968214213848114 195 1621 272 1656 Policy
25 2 0.8390435576438904 281 1624 308 1653 T
25 2 0.998681366443634 316 1628 355 1649 are
25 2 0.9966945648193359 366 1621 482 1649 initialized
25 2 0.9754839539527893 492 1621 515 1656 -
25 2 0.9997331500053406 515 1621 586 1649 There
25 2 0.9994877576828003 597 1628 636 1649 are
25 2 0.9939445853233337 646 1626 712 1651 some
25 2 0.9264269471168518 722 1621 785 1649 inter-
25 2 0.9909570217132568 822 1612 910 1640 random
25 2 0.9989142417907715 915 1612 1003 1640 batches
25 2 0.9999998807907104 1007 1610 1040 1642 of
25 2 0.9999513626098633 1041 1612 1095 1640 data
25 2 0.9373919367790222 1098 1612 1158 1640 from
25 2 0.9972832202911377 1161 1614 1287 1644 experience
25 2 0.9969248175621033 1290 1614 1332 1642 are
25 2 0.999745786190033 1334 1612 1392 1640 used
25 2 0.9999265670776367 1393 1612 1426 1642 to
25 2 0.999887228012085 1427 1610 1507 1646 update
25 3 0.9959373474121094 100 1656 174 1690 esting
25 3 0.9998884201049805 182 1653 256 1690 points
25 3 0.9998762607574463 264 1656 295 1685 to
25 3 0.9909254312515259 305 1656 376 1683 make.
25 3 0.9999912977218628 384 1651 439 1685 The
25 3 0.998365581035614 445 1656 515 1683 states
25 3 0.9995028972625732 523 1658 565 1685 are
25 3 0.9999897480010986 573 1656 617 1685 not
25 3 0.9471713900566101 626 1656 694 1683 finite.
25 3 0.9999369382858276 705 1656 785 1683 Within
25 3 0.9999786615371704 820 1644 860 1674 the
25 3 0.9991121888160706 864 1642 946 1676 model.
25 3 0.5313990712165833 949 1642 996 1681 [9].
25 3 0.9999806880950928 998 1644 1069 1672 There
25 3 0.982429027557373 1074 1651 1112 1672 are
25 3 0.9993724226951599 1117 1644 1200 1672 several
25 3 0.999082088470459 1204 1644 1295 1672 benefits
25 3 0.9987714886665344 1298 1644 1332 1674 of
25 3 0.9996066689491272 1330 1642 1390 1676 such
25 3 0.9844678044319153 1392 1644 1505 1678 approach.
26 0 0.9766321778297424 100 1685 161 1719 limit
26 0 0.9997867941856384 166 1690 235 1724 range
26 0 0.36061275005340576 242 1694 258 1719 >
26 0 0.6803386807441711 264 1688 369 1715 hundreds
26 0 0.9990965127944946 376 1685 426 1719 and
26 0 0.999213695526123 432 1688 547 1715 thousands
26 0 0.9999853372573853 555 1688 589 1717 of
26 0 0.5375912189483643 592 1688 655 1722 pitch
26 0 0.9991503953933716 662 1688 739 1722 angles
26 0 0.9997250437736511 746 1690 786 1717 are
26 0 0.9956014156341553 820 1678 943 1713 According
26 0 0.9989407658576965 946 1678 977 1710 to
26 0 0.9999936819076538 978 1678 1019 1708 the
26 0 0.9998989105224609 1022 1685 1095 1713 paper,
27 0 0.9999098777770996 101 1722 203 1756 possible.
27 0 0.9928191304206848 216 1722 303 1756 Having
27 0 0.9994015693664551 316 1722 431 1749 thousands
27 0 0.9999982118606567 440 1719 476 1754 of
27 0 0.6676815748214722 484 1722 583 1749 columns
27 0 0.9053525328636169 592 1722 620 1751 is
27 0 0.9999779462814331 629 1722 673 1751 not
27 0 0.990233302116394 683 1722 785 1756 possible.
27 1 0.9912303686141968 98 1751 146 1788 So,
27 1 0.9993977546691895 150 1751 193 1788 the
27 1 0.9988164901733398 200 1756 258 1783 state
27 1 0.6864895820617676 266 1756 342 1783 values
27 1 0.9995390176773071 350 1758 411 1783 were
27 1 0.9338555932044983 419 1756 550 1781 discretized.
27 1 0.9999632835388184 562 1754 604 1783 We
27 1 0.5457366108894348 613 1754 739 1783 discretized
27 1 0.9999946355819702 746 1754 788 1783 the
27 2 0.8521324396133423 101 1788 177 1815 values
27 2 0.9996143579483032 188 1788 219 1818 to
27 2 0.9990947246551514 227 1783 266 1820 20
27 2 0.9998606443405151 277 1788 368 1815 discrete
27 2 0.9980408549308777 381 1790 439 1818 state
27 2 0.9301846623420715 450 1788 528 1822 angles
27 2 0.8723686337471008 541 1788 600 1815 from
27 2 0.8789318203926086 613 1783 680 1818 -100
27 2 0.9999580383300781 691 1788 723 1818 to
27 2 0.7521576285362244 734 1783 786 1818 100.
27 3 0.9999860525131226 100 1818 150 1852 For
27 3 0.9965548515319824 155 1822 227 1850 action
27 3 0.997895359992981 235 1820 310 1854 value,
27 3 0.9999384880065918 318 1827 356 1847 we
27 3 0.9969092011451721 366 1822 434 1850 chose
27 3 0.9994822144508362 445 1820 479 1850 10
27 3 0.9999755620956421 487 1820 587 1847 different
27 3 0.8996132016181946 597 1822 713 1850 velocities.
27 3 0.9995883107185364 723 1820 788 1854 They
27 4 0.9980376362800598 100 1857 143 1884 are
27 4 0.6583194732666016 143 1852 224 1886 [-200,
27 4 0.8715292811393738 227 1857 298 1884 -100,
27 4 0.9439659118652344 298 1852 363 1886 -50,
27 4 0.8800936937332153 360 1852 486 1886 -25,-10,
27 4 0.9993516802787781 486 1852 526 1889 10,
27 4 0.9998316764831543 524 1857 604 1884 25,50,
27 4 0.5250222682952881 605 1852 770 1886 100,200ms
27 5 0.997774064540863 98 1884 153 1918 The
27 5 0.9996882677078247 155 1886 184 1920 Q
27 5 0.9999397993087769 188 1884 266 1918 matrix
27 5 0.5797344446182251 269 1884 321 1918 had
27 5 0.9999629259109497 324 1886 358 1916 20
27 5 0.6696369647979736 365 1889 463 1916 columns
27 5 0.40371134877204895 470 1898 486 1920 :
27 5 0.9997617602348328 486 1889 544 1916 each
27 5 0.8081315755844116 549 1889 638 1916 column
27 5 0.997914731502533 644 1889 786 1923 representing
28 0 0.996110737323761 873 1713 912 1749 Ita
28 0 0.9997270703315735 902 1717 980 1745 allows
28 0 0.9993020296096802 985 1722 1067 1749 greater
28 0 0.9998751878738403 1069 1717 1122 1745 data
28 0 0.8486475944519043 1127 1719 1238 1747 efficiency
28 0 0.9997965693473816 1242 1719 1274 1747 as
28 0 0.9994871616363525 1276 1717 1332 1745 each
28 0 0.9997878670692444 1335 1717 1389 1754 step
28 0 0.9999943971633911 1389 1715 1424 1749 of
28 0 0.989981472492218 1423 1717 1505 1751 experi-
28 1 0.9914576411247253 877 1754 935 1779 ence
28 1 0.9890956282615662 936 1754 982 1779 can
28 1 0.9999681711196899 983 1749 1019 1779 be
28 1 0.9996563196182251 1019 1747 1078 1781 used
28 1 0.7599013447761536 1080 1747 1109 1779 in
28 1 0.911895215511322 1111 1751 1182 1786 many
28 1 0.6424916386604309 1183 1749 1266 1783 weight
28 1 0.9986371397972107 1267 1749 1358 1783 updates
28 2 0.9865208864212036 878 1783 1032 1815 Randomizing
28 2 0.9994753003120422 1035 1783 1122 1811 batches
28 2 0.9976098537445068 1125 1783 1204 1811 breaks
28 2 0.9173075556755066 1208 1783 1342 1809 correlations
28 2 0.9964491128921509 1347 1783 1444 1811 between
28 2 0.9169805645942688 1447 1786 1505 1811 sam-
28 3 0.997665286064148 878 1850 998 1877 Behaviour
28 3 0.997899055480957 1006 1847 1140 1879 distribution
28 3 0.9991875290870667 1146 1847 1175 1879 is
28 3 0.9998908042907715 1182 1850 1287 1884 averaged
28 3 0.9111766219139099 1295 1854 1353 1879 over
28 3 0.8830395340919495 1360 1854 1427 1882 many
28 3 0.9999998807907104 1435 1847 1468 1879 of
28 3 0.999948263168335 1471 1845 1510 1882 its
29 0 0.9998001456260681 875 1815 928 1852 ples
29 1 0.9867786169052124 877 1882 977 1916 previous
29 1 0.9937133193016052 980 1884 1048 1911 states
30 0 0.8499415516853333 98 1923 129 1952 a
30 0 0.9998756647109985 121 1923 179 1950 state
30 0 0.957312285900116 180 1918 230 1952 and
30 0 0.999845027923584 234 1918 266 1950 10
30 0 0.9952164888381958 269 1925 329 1950 rows
30 0 0.9974107146263123 331 1918 390 1952 each
30 0 0.9981014132499695 392 1920 536 1955 representing
30 0 0.9997075200080872 539 1925 605 1952 every
30 0 0.9643598794937134 607 1918 689 1952 action.
30 0 0.8855369091033936 694 1920 785 1955 Initially
30 0 0.9999268054962158 820 1918 852 1950 In
30 0 0.9002600908279419 854 1920 896 1950 the
30 0 0.9774876236915588 901 1920 999 1948 classical
30 0 0.9998794794082642 1004 1918 1033 1952 Q
30 0 0.9987829327583313 1038 1920 1135 1955 learning
30 0 0.9994179010391235 1140 1920 1253 1955 approach,
30 0 0.6688539981842041 1258 1925 1306 1950 one
30 0 0.999555766582489 1309 1920 1356 1952 has
30 0 0.9994214773178101 1358 1920 1389 1952 to
30 0 0.9976569414138794 1390 1918 1445 1955 give
30 0 0.999840259552002 1450 1923 1505 1950 state
30 1 0.6612316370010376 100 1952 150 1987 ,the
30 1 0.999930739402771 155 1952 180 1987 Q
30 1 0.9978054165840149 187 1955 271 1982 -values
30 1 0.9995810389518738 277 1957 339 1982 were
30 1 0.6082227826118469 345 1955 445 1982 assumed
30 1 0.9999219179153442 452 1955 482 1984 to
30 1 0.9994508624076843 486 1952 521 1987 be
30 1 0.9854706525802612 524 1950 549 1987 0
30 1 0.9403764009475708 550 1950 602 1984 and
30 1 0.9997283816337585 605 1955 696 1982 random
30 1 0.6992648839950562 704 1955 786 1982 actions
30 1 0.7675114870071411 818 1950 868 1984 and
30 1 0.9917716383934021 873 1955 948 1982 action
30 1 0.9996854066848755 952 1957 985 1984 as
30 1 0.9996470212936401 988 1957 1024 1984 an
30 1 0.9995244741439819 1028 1955 1093 1989 input
30 1 0.9997755885124207 1098 1952 1201 1987 resulting
30 1 0.9998338222503662 1208 1952 1237 1984 in
30 1 0.9989476799964905 1243 1952 1272 1987 Q
30 1 0.9751697182655334 1279 1955 1343 1982 value
30 1 0.9999957084655762 1350 1952 1390 1982 for
30 1 0.9999459981918335 1393 1950 1447 1984 that
30 1 0.9997733235359192 1448 1955 1502 1982 state
30 2 0.9996217489242554 100 1989 161 2016 were
30 2 0.7304436564445496 164 1987 268 2021 specified
30 2 0.9999854564666748 271 1982 314 2019 for
30 2 0.9997674822807312 313 1989 382 2023 every
30 2 0.9989694356918335 384 1989 442 2016 state
30 2 0.9998860359191895 444 1984 473 2016 in
30 2 0.9999110698699951 474 1982 520 2019 the
30 2 0.999311089515686 520 1987 596 2021 policy
30 2 0.9762189984321594 597 1989 625 2019 T
30 2 0.9999147653579712 639 1984 692 2019 The
30 2 0.9999768733978271 694 1987 786 2021 training
30 2 0.8865765929222107 818 1984 868 2019 and
30 2 0.9948733448982239 872 1987 951 2014 action.
30 2 0.9612242579460144 957 1987 1090 2021 Replicating
30 2 0.9997898936271667 1093 1984 1143 2019 this
30 2 0.9996564388275146 1145 1987 1251 2021 approach
30 2 0.9998993873596191 1255 1984 1285 2016 in
30 2 0.9959279894828796 1290 1987 1369 2014 Neural
30 2 0.999613344669342 1376 1987 1477 2014 Network
30 2 0.9995249509811401 1481 1987 1497 2014 is
30 3 0.9993504881858826 100 2023 151 2048 was
30 3 0.9999594688415527 151 2021 211 2048 done
30 3 0.9999371767044067 211 2016 255 2053 for
30 3 0.9987202882766724 253 2016 316 2051 1500
30 3 0.9996224641799927 314 2019 416 2053 episodes
30 3 0.860573410987854 416 2016 466 2051 and
30 3 0.999843955039978 465 2016 494 2051 in
30 3 0.9991185069084167 494 2016 554 2051 each
30 3 0.518936276435852 554 2019 652 2053 episode,
30 3 0.9999830722808838 654 2019 692 2048 the
30 3 0.9999563694000244 694 2019 786 2053 training
30 3 0.7747951745986938 822 2021 964 2053 problematic.
30 3 0.8343096971511841 970 2021 1067 2048 Because
30 3 0.9998806715011597 1070 2019 1101 2051 in
30 3 0.9979572296142578 1103 2016 1156 2051 that
30 3 0.9956346154212952 1154 2023 1211 2048 case
30 3 0.9927460551261902 1213 2023 1261 2048 one
30 3 0.9992565512657166 1263 2019 1306 2048 has
30 3 0.9999614953994751 1309 2021 1340 2051 to
30 3 0.9264907240867615 1342 2019 1397 2055 give
30 3 0.9996585845947266 1398 2021 1456 2048 state
30 3 0.9997957348823547 1460 2019 1498 2048 and
