block line confidence X1 Y1 X2 Y2 token
0 0 0.9624745845794678 552 219 595 247 600
0 1 0.8962609171867371 607 262 713 285 LHC13TeV
0 2 0.9341111779212952 551 300 595 328 550
0 3 0.8311972618103027 549 380 599 414 500
0 4 0.9914278388023376 551 461 597 496 450
0 5 0.718196451663971 551 545 604 577 400
1 0 0.9983232617378235 693 562 722 590 M
1 1 0.22783087193965912 649 580 700 612 Pfo=
1 1 0.999893069267273 695 586 720 616 2
1 2 0.9964756369590759 551 629 595 657 350
1 2 0.966167151927948 592 644 650 676 NLO
1 2 0.9923916459083557 660 644 717 676 NLL
1 2 0.9984878301620483 722 646 788 672 NNLL
1 2 0.6754440069198608 788 646 854 672 NNLO
2 0 0.38911449909210205 1054 575 1122 608 HEo=M
2 1 0.9970044493675232 928 644 984 676 NLO
2 1 0.7139345407485962 997 646 1049 672 NLL:
2 1 0.9674732089042664 1057 646 1123 672 NNLL
2 1 0.5934657454490662 1123 646 1188 672 nNLO
3 0 0.9999924898147583 234 751 340 790 Figure
3 0 0.999777615070343 348 749 383 786 2.
3 0 0.9959779381752014 406 754 567 786 Comparison
3 0 0.9966899156570435 577 751 690 784 between
3 0 0.940363883972168 698 751 813 784 different
3 0 0.9985199570655823 823 751 994 790 perturbative
3 0 0.5322170257568359 1002 754 1210 786 approximations
3 0 0.9999476671218872 1216 751 1256 786 to
3 0 0.9992610812187195 1260 751 1311 786 the
3 0 0.9538722038269043 1318 751 1387 784 total
3 0 0.4697529673576355 1394 758 1465 784 CrOssS
3 1 0.9995526671409607 235 792 332 825 section
3 1 0.9976646900177002 335 792 431 825 carried
3 1 0.9995092153549194 431 794 484 827 out
3 1 0.9997530579566956 484 792 551 825 with
3 1 0.9999628067016602 551 792 602 827 the
3 1 0.9998899698257446 602 792 698 825 default
3 1 0.9124308228492737 702 792 873 825 factorization
3 1 0.9851964712142944 874 792 944 825 scale
3 1 0.9920896291732788 947 797 1042 822 choices
3 1 0.7188131809234619 1044 799 1102 833 Hf,0
3 1 0.9974077343940735 1104 801 1133 827 =
3 1 0.9998703002929688 1133 790 1205 833 M/2
3 1 0.9852846264839172 1205 790 1278 831 (left)
3 1 0.5109196305274963 1276 788 1336 829 and
3 1 0.33489254117012024 1333 794 1394 835 Hf,0
3 1 0.9924018383026123 1394 799 1427 827 =
3 1 0.9967654943466187 1424 790 1465 827 M
3 2 0.9504859447479248 235 833 335 874 (right).
3 2 0.9999144077301025 356 833 418 867 The
3 2 0.7981179356575012 425 833 506 865 labels
3 2 0.5100882053375244 516 833 609 865 """NLL"""
3 2 0.9971473813056946 619 833 674 867 and
3 2 0.6519822478294373 687 837 798 863 """NNLL"""
3 2 0.9997830986976624 810 842 850 867 on
3 2 0.9999779462814331 856 833 908 867 the
3 2 0.9711483120918274 914 835 1052 865 horizontal
3 2 0.9905112385749817 1059 833 1120 867 axis
3 2 0.9122622609138489 1128 837 1236 863 indicate
3 2 0.7141953110694885 1248 835 1401 865 NLO-NLL
3 2 0.999816358089447 1409 833 1465 867 and
3 3 0.9368098974227905 235 966 358 999 combine
3 3 0.9999759197235107 365 964 420 999 the
3 3 0.9997037053108215 425 966 552 1005 envelope
3 3 0.9998268485069275 559 964 597 1001 of
3 3 0.9993447661399841 600 966 700 999 results
3 3 0.9985957741737366 708 964 780 999 from
3 3 0.9998488426208496 786 964 841 999 the
3 3 0.9966294169425964 846 966 906 999 two
3 3 0.9364148378372192 913 966 1017 999 choices
3 3 0.9994326233863831 1024 964 1089 999 into
3 3 0.9991369843482971 1092 971 1122 1001 a
3 3 0.9994214773178101 1123 964 1218 1005 single,
3 3 0.9999110698699951 1228 964 1318 1005 larger
3 3 0.9962224960327148 1324 966 1464 1005 perturba-
3 4 0.9998798370361328 234 1009 295 1044 tive
3 4 0.9988645315170288 302 1009 474 1048 uncertainty.
3 4 0.9999890327453613 494 1007 557 1041 The
3 4 0.5471963882446289 569 1009 755 1041 NLO+NNLL
3 4 0.9999574422836304 765 1009 863 1041 results
3 4 0.9986427426338196 871 1009 974 1048 quoted
3 4 0.9982882142066956 979 1009 1020 1046 at
3 4 0.9998229146003723 1025 1009 1113 1041 either
3 4 0.99868243932724 1120 1009 1195 1041 scale
3 4 0.9996103644371033 1203 1009 1291 1041 would
3 4 0.9999663829803467 1299 1009 1356 1044 not
3 4 0.9995658993721008 1362 1009 1465 1048 change
4 0 0.9981207251548767 235 876 413 906 NLO+NNLL
4 0 0.7480599880218506 418 876 586 906 calculations.
5 0 0.9873884320259094 235 1054 410 1093 significantly
5 0 0.999367892742157 416 1054 532 1093 through
5 0 0.9998722076416016 537 1054 607 1089 such
5 0 0.9998588562011719 610 1059 637 1091 a
5 0 0.8544312119483948 640 1057 825 1087 combination.
5 1 0.999962568283081 234 1097 290 1132 3.3
5 1 0.890859067440033 322 1100 508 1130 Differential
5 1 0.9123895168304443 519 1100 727 1130 distributions
6 0 0.9973660111427307 292 1158 332 1194 In
6 0 0.9997571110725403 337 1158 396 1192 this
6 0 0.997089684009552 406 1164 506 1190 section
6 0 0.9646573066711426 514 1166 561 1192 we
6 0 0.9979863166809082 566 1160 670 1192 discuss
6 0 0.9923934936523438 679 1160 776 1192 results
6 0 0.5125429630279541 783 1158 833 1194 for
6 0 0.992279052734375 838 1160 994 1192 differential
6 0 0.9921773076057434 1004 1160 1195 1192 distributions.
6 0 0.9999195337295532 1213 1158 1253 1194 In
6 0 0.8905141949653625 1260 1160 1412 1198 particular,
6 0 0.9944414496421814 1421 1166 1469 1196 we
6 1 0.9996916055679321 317 1246 370 1282 the
6 1 0.9973512887954712 373 1248 542 1278 distribution
6 1 0.9730260968208313 547 1248 703 1280 differential
6 1 0.9998213648796082 707 1248 778 1280 with
6 1 0.9972586631774902 780 1252 886 1284 respect
6 1 0.9999897480010986 889 1250 926 1282 to
6 1 0.9999213218688965 928 1246 981 1282 the
6 1 0.9837021827697754 982 1248 1113 1280 invariant
6 1 0.6978169083595276 1117 1254 1193 1280 mass
6 1 0.9999997615814209 1193 1243 1233 1282 of
6 1 0.9999817609786987 1230 1246 1286 1284 the
6 1 0.999817430973053 1284 1250 1341 1289 top
6 1 0.999907374382019 1341 1246 1406 1286 pair
6 1 0.9995805621147156 1404 1243 1467 1284 and
6 2 0.9997498393058777 317 1362 370 1398 the
6 2 0.9995562434196472 375 1364 544 1396 distribution
6 2 0.9703320860862732 554 1364 710 1396 differential
6 2 0.9998831748962402 717 1362 786 1396 with
6 2 0.9998776912689209 793 1368 898 1400 respect
6 2 0.9999309778213501 903 1364 944 1400 to
6 2 0.9999568462371826 946 1362 999 1398 the
6 2 0.987235963344574 1004 1364 1135 1396 invariant
6 2 0.7425603270530701 1142 1370 1218 1396 mass
6 2 0.9990705847740173 1221 1362 1261 1398 of
6 2 0.9999730587005615 1261 1362 1314 1398 the
6 2 0.9053236842155457 1321 1364 1465 1402 top-quark
6 3 0.9965516328811646 317 1478 373 1516 the
6 3 0.5829761028289795 371 1480 541 1510 distribution
6 3 0.9101691842079163 544 1480 700 1510 differential
6 3 0.998432457447052 705 1478 773 1512 with
6 3 0.9996516704559326 776 1484 881 1516 respect
6 3 0.9999443292617798 881 1480 921 1516 to
6 3 0.9998200535774231 921 1478 974 1514 the
6 3 0.995875895023346 974 1482 1123 1512 transverse
6 3 0.5681910514831543 1125 1482 1291 1512 momentum
6 3 0.999991774559021 1291 1475 1329 1514 of
6 3 0.9994550347328186 1328 1478 1379 1514 the
6 3 0.9993866682052612 1381 1478 1465 1518 Higgs
6 4 0.644069492816925 317 1594 373 1632 the
6 4 0.9918177127838135 373 1596 544 1628 distribution
6 4 0.9586192965507507 551 1596 707 1628 differential
6 4 0.9997028708457947 712 1596 781 1628 with
6 4 0.9906567335128784 786 1596 894 1634 respect
6 4 0.9996427297592163 896 1596 936 1632 to
6 4 0.9999518394470215 937 1594 991 1630 the
6 4 0.9842849373817444 994 1598 1143 1628 transverse
6 4 0.5720993876457214 1147 1598 1314 1628 momentum
6 4 0.9999946355819702 1318 1591 1356 1630 of
6 4 0.9998860359191895 1356 1594 1409 1630 the
6 4 0.9999337196350098 1412 1598 1465 1634 top
6 5 0.997852087020874 292 1710 348 1748 We
6 5 0.9998756647109985 351 1712 415 1744 first
6 5 0.99994957447052 418 1712 468 1746 set
6 5 0.998833954334259 473 1710 529 1748 the
6 5 0.9999141693115234 532 1712 635 1744 default
6 5 0.9937600493431091 644 1712 723 1744 value
6 5 0.9986311793327332 727 1708 766 1746 of
6 5 0.9999773502349854 768 1710 821 1744 the
6 5 0.9638517498970032 828 1712 1011 1744 factorization
6 5 0.9995984435081482 1017 1712 1092 1744 scale
6 5 0.9999581575393677 1095 1712 1137 1748 to
6 5 0.4620363414287567 1137 1716 1200 1757 Hf,o
6 5 0.9953387975692749 1203 1718 1240 1746 =
6 5 0.9993302822113037 1243 1710 1323 1753 M/2.
6 5 0.9999924898147583 1339 1712 1437 1750 Figure
6 5 0.9998230338096619 1439 1708 1469 1748 3
6 6 0.9974587559700012 232 1753 325 1791 shows
6 6 0.999976634979248 328 1755 381 1789 the
6 6 0.9670266509056091 388 1759 549 1791 comparison
6 6 0.9994848966598511 559 1759 675 1785 between
6 6 0.9982231259346008 682 1755 815 1793 complete
6 6 0.9986580610275269 820 1755 894 1789 NLO
6 6 0.9690859913825989 901 1757 1072 1787 calculations
6 6 0.9998655319213867 1075 1755 1135 1789 and
6 6 0.7722567915916443 1143 1759 1321 1791 approximate
6 6 0.9984765648841858 1328 1755 1404 1789 NLO
6 6 0.5186185836791992 1406 1750 1465 1791 cal-
6 7 0.9950785636901855 235 1800 368 1832 culations
6 7 0.9998936653137207 371 1798 420 1834 for
6 7 0.9999123811721802 421 1798 464 1834 all
6 7 0.9999996423721313 466 1798 504 1834 of
6 7 0.9999390840530396 504 1798 557 1834 the
6 7 0.8986740112304688 562 1800 745 1830 distributions
6 7 0.9171716570854187 752 1800 833 1832 listed
6 7 0.9997933506965637 838 1800 933 1832 above.
6 7 0.998746395111084 942 1798 999 1836 We
6 7 0.9993908405303955 1001 1800 1110 1832 observe
6 7 0.9999290704727173 1115 1798 1182 1832 that
6 7 0.9997885823249817 1185 1798 1233 1834 for
6 7 0.9998924732208252 1235 1798 1278 1834 all
6 7 0.9999575614929199 1278 1798 1318 1834 of
6 7 0.9999388456344604 1318 1798 1371 1834 the
6 7 0.999862790107727 1374 1800 1464 1832 distri-
6 8 0.9990111589431763 235 1845 346 1877 butions
6 8 0.999666690826416 348 1843 401 1877 the
6 8 0.8420121073722839 406 1845 591 1884 approximate
6 8 0.9987432360649109 594 1843 669 1877 NLO
6 8 0.9847913384437561 674 1845 747 1877 scale
6 8 0.9862421751022339 750 1845 918 1884 uncertainty
6 8 0.9999222755432129 921 1845 999 1877 band
6 8 0.611367404460907 1002 1841 1050 1886 (in
6 8 0.999536395072937 1052 1843 1130 1884 blue)
6 8 0.9999499320983887 1132 1843 1167 1879 is
6 8 0.9984632730484009 1167 1845 1291 1877 included
6 8 0.9997606873512268 1294 1843 1331 1879 in
6 8 0.9999594688415527 1333 1843 1386 1879 the
6 8 0.9989049434661865 1389 1843 1465 1877 NLO
7 0 0.9969382286071777 237 1205 363 1237 consider:
8 0 0.9994122982025146 317 1291 401 1332 Higgs
8 0 0.9976933598518372 406 1293 494 1325 boson
8 0 0.999908447265625 496 1289 534 1327 in
8 0 0.9999767541885376 537 1291 591 1325 the
8 0 0.9506970047950745 594 1291 660 1325 final
8 0 0.9998947381973267 665 1293 748 1327 state,
8 0 0.9999043941497803 752 1289 806 1332 M;
9 0 0.9997071623802185 317 1407 390 1448 pair,
9 0 0.42901942133903503 391 1405 458 1448 Mii
9 1 0.9992899894714355 317 1523 415 1561 boson,
9 1 0.2595866322517395 415 1514 478 1570 PHi
9 2 0.9989221096038818 317 1639 413 1680 quark,
9 2 0.6062001585960388 413 1632 469 1686 Pr
10 0 0.9840269088745117 830 2013 874 2049 14
10 0 0.5535405278205872 869 2021 888 2041 
