block line confidence X1 Y1 X2 Y2 token
0 0 0.9998699426651001 537 98 594 132 Reid
0 0 0.9997743964195251 592 100 636 130 and
0 0 0.9751479625701904 636 102 715 127 Kontar:
0 0 0.9472066760063171 717 102 867 127 Beam-induced
0 0 0.9973742961883545 868 102 952 127 Electric
0 0 0.9950399994850159 951 100 1011 127 Field
0 0 0.8301029801368713 1011 102 1143 127 Distributions
1 0 0.6562106013298035 116 157 193 194 (Mann
1 0 0.9994114637374878 195 159 226 191 et
1 0 0.9541383385658264 224 157 264 194 al.
1 0 0.9927902221679688 250 155 339 196 1999).
1 0 0.9998179078102112 340 157 394 191 The
1 0 0.9972320199012756 394 157 482 198 density
1 0 0.9998681545257568 484 157 562 191 model
1 0 0.9978411197662354 562 157 591 191 is
1 0 0.9995409250259399 589 162 647 196 very
1 0 0.9882115721702576 649 162 731 189 similar
1 0 0.9999381303787231 733 162 764 191 to
1 0 0.999976634979248 765 162 830 189 other
1 0 0.9930185675621033 854 164 952 189 constant
1 0 0.999674916267395 954 164 1019 189 mean
1 0 0.9118930101394653 1020 159 1158 194 background
1 0 0.6681921482086182 1159 162 1250 189 electron
1 0 0.9986176490783691 1250 157 1340 198 density
1 0 0.9985151886940002 1339 164 1416 191 means
1 0 0.9816492199897766 1414 157 1466 191 that
1 0 0.9610328674316406 1463 162 1503 191 we
1 0 0.9968936443328857 1503 162 1568 189 know
1 1 0.9995719790458679 111 189 177 223 solar
1 1 0.9995953440666199 176 187 240 221 wind
1 1 0.6655048727989197 242 189 329 223 density
1 1 0.9993545413017273 332 191 416 219 models
1 1 0.8968599438667297 419 187 471 221 like
1 1 0.9994958639144897 471 189 513 219 the
1 1 0.6239916682243347 516 189 749 221 Sitler-Guhathkurta
1 1 0.9973092079162598 752 191 827 219 model
1 1 0.9995574355125427 852 191 902 228 any
1 1 0.9975597858428955 902 191 998 226 changes
1 1 0.9989446997642517 999 194 1035 221 on
1 1 0.9930318593978882 1035 187 1078 223 the
1 1 0.8670151233673096 1077 189 1213 221 distribution
1 1 0.9999861717224121 1213 189 1248 223 of
1 1 0.9999701976776123 1243 187 1287 223 the
1 1 0.9907528162002563 1288 191 1374 219 electric
1 1 0.9999121427536011 1377 191 1444 219 fields
1 1 0.9754713773727417 1445 194 1487 221 are
1 1 0.9995984435081482 1487 191 1568 219 caused
1 2 0.6467475891113281 113 216 200 258 (Sittler
1 2 0.9995946288108826 198 219 227 251 &
1 2 0.5319462418556213 229 221 457 255 Guhathakura1999)
1 2 0.9945377707481384 460 221 507 253 and
1 2 0.9654136896133423 507 221 547 251 the
1 2 0.9863482713699341 550 223 642 248 Leblanc
1 2 0.6933869123458862 647 221 722 248 model
1 2 0.9648913145065308 725 221 831 255 (Leblanc
1 2 0.9995927214622498 852 219 891 258 by
1 2 0.9678234457969666 891 221 1011 255 modifying
1 2 0.9999083280563354 1014 221 1054 251 the
1 2 0.9809935092926025 1056 221 1158 255 intensity
1 2 0.9999984502792358 1158 219 1193 253 of
1 2 0.9999077320098877 1190 221 1230 251 the
1 2 0.998895525932312 1230 221 1318 255 density
1 2 0.9820176362991333 1321 223 1445 248 turbulence.
1 2 0.9999953508377075 1447 219 1502 253 The
1 2 0.998106837272644 1500 219 1568 253 back-
1 3 0.7636423110961914 108 244 158 290 êta
1 3 0.6193751096725464 142 246 253 287 a1.1998)
1 3 0.9995433688163757 253 253 335 287 except
1 3 0.9925750494003296 335 248 387 283 that
1 3 0.9997027516365051 387 251 429 280 the
1 3 0.9990410208702087 429 248 518 290 density
1 3 0.9995250701904297 520 251 547 283 is
1 3 0.9997947812080383 549 251 629 285 higher
1 3 0.9914042949676514 629 248 696 283 close
1 3 0.9998453855514526 694 251 726 283 to
1 3 0.9996178150177002 726 251 770 280 the
1 3 0.9991027116775513 770 248 828 285 Sun,
1 3 0.999994158744812 856 251 940 285 ground
1 3 0.7502847909927368 940 251 1024 290 plasma
1 3 0.9991148114204407 1022 253 1161 287 temperature
1 3 0.9959498643875122 1159 255 1209 283 was
1 3 0.9998648166656494 1208 251 1248 280 set
1 3 0.999579131603241 1242 253 1274 280 to
1 3 0.8847379088401794 1274 251 1314 280 10
1 3 0.9848583936691284 1316 251 1351 285 K,
1 3 0.614573061466217 1347 248 1463 283 indicative
1 3 0.9999986886978149 1461 251 1494 283 of
1 3 0.9999727010726929 1490 251 1531 280 the
1 3 0.8347523212432861 1528 253 1570 280 SO-
1 4 0.9740244150161743 111 278 188 312 below
1 4 0.42572736740112305 188 280 264 317 IORo:
1 4 0.9999504089355469 263 280 316 315 The
1 4 0.8177530169487 314 283 402 317 density
1 4 0.9999699592590332 400 280 478 315 model
1 4 0.9989966750144958 478 283 565 310 reaches
1 4 0.9941727519035339 562 276 652 317 5x109
1 4 0.9580166935920715 650 283 692 312 cm
1 4 0.9985535740852356 691 276 715 310 3
1 4 0.9999500513076782 712 280 743 312 at
1 4 0.9051647782325745 741 283 781 312 the
1 4 0.9996724128723145 780 280 830 315 low
1 4 0.9981927275657654 856 283 893 312 lar
1 4 0.9996651411056519 889 280 952 315 wind
1 4 0.998818576335907 951 285 1006 312 core
1 4 0.997350811958313 1006 283 1145 317 temperature
1 4 0.9997071623802185 1143 283 1172 315 at
1 4 0.9954792261123657 1169 280 1193 315 1
1 4 0.42701151967048645 1185 278 1434 319 AUleg,Maksimovic
1 4 0.9991620779037476 1431 283 1461 315 et
1 4 0.7959478497505188 1455 276 1568 317 al.2005),
1 5 0.9957369565963745 114 317 195 342 corona
1 5 0.999786913394928 197 310 247 344 and
1 5 0.9996910095214844 248 310 276 344 is
1 5 0.9996803998947144 277 315 340 342 more
1 5 0.9905902147293091 345 312 458 340 indicative
1 5 0.9998841285705566 461 312 494 344 to
1 5 0.9998098015785217 494 312 536 342 the
1 5 0.9860469698905945 539 310 618 344 flaring
1 5 0.9997339844703674 620 310 678 347 Sun,
1 5 0.9987724423408508 681 312 796 347 compared
1 5 0.9999334812164307 799 312 830 344 to
1 5 0.9995436072349548 854 312 931 347 giving
1 5 0.9990366697311401 930 315 954 344 a
1 5 0.9612690806388855 954 312 1041 340 thermal
1 5 0.9998292922973633 1045 312 1138 347 velocity
1 5 0.999984622001648 1138 310 1174 344 of
1 5 0.5005753040313721 1175 312 1292 347 VkTe/me
1 5 0.9890474677085876 1293 312 1322 342 =
1 5 0.9913098812103271 1319 310 1390 344 1.2x
1 5 0.586652398109436 1384 308 1431 344 108
1 5 0.9923253059387207 1429 315 1473 342 cm
1 5 0.7341294884681702 1469 312 1492 344 S
1 5 0.42005032300949097 1494 308 1519 340 1
1 5 0.9999948740005493 1516 308 1571 344 The
1 6 0.9942159056663513 114 338 161 374 109
1 6 0.6861854791641235 158 340 224 374 cm-3
1 6 0.9999526739120483 222 342 253 374 in
1 6 0.9999409914016724 253 344 293 374 the
1 6 0.9995868802070618 295 344 395 372 Newkirk
1 6 0.9996185302734375 398 344 473 372 model
1 6 0.5994930863380432 478 342 657 376 Newkirk/1961)
1 6 0.9969774484634399 657 344 692 374 or
1 6 0.9624802470207214 691 338 736 374 108
1 6 0.9957400560379028 733 340 799 374 cm-3
1 6 0.99960857629776 799 342 828 374 in
1 6 0.9929144382476807 856 344 949 372 electron
1 6 0.998891294002533 951 344 1015 372 beam
1 6 0.9995115995407104 1015 342 1043 374 is
1 6 0.9998316764831543 1041 340 1137 381 injected
1 6 0.9993852376937866 1135 344 1185 372 into
1 6 0.9999277591705322 1185 347 1204 372 a
1 6 0.9827437400817871 1206 344 1326 372 simulation
1 6 0.9999773502349854 1326 340 1376 376 box
1 6 0.9996472597122192 1374 340 1426 374 that
1 6 0.997857391834259 1423 342 1450 374 is
1 6 0.9706920385360718 1447 342 1497 379 just
1 6 0.999724805355072 1494 347 1550 374 over
1 6 0.9999111890792847 1547 340 1571 374 8
1 7 0.9998960494995117 155 399 203 436 For
1 7 0.5790238380432129 203 404 321 438 modelling
1 7 0.9999908208847046 323 404 363 433 the
1 7 0.9657901525497437 365 404 452 438 density
1 7 0.9975489974021912 453 402 589 433 fluctuations
1 7 0.9998810291290283 589 406 629 433 we
1 7 0.7385339736938477 629 402 683 436 first
1 7 0.9993265867233276 680 402 738 436 note
1 7 0.9999600648880005 736 402 788 436 that
1 7 0.9999959468841553 786 399 830 436 the
1 7 0.9994156360626221 856 402 878 436 1
1 7 0.9997791647911072 873 402 928 436 AU.
1 7 0.999962329864502 928 404 964 433 To
1 7 0.954450786113739 965 402 1024 438 fully
1 7 0.9984641075134277 1025 404 1109 431 resolve
1 7 0.9974919557571411 1109 404 1151 433 the
1 7 0.9445461630821228 1151 404 1237 438 density
1 7 0.9955393671989441 1238 402 1374 433 fluctuations
1 7 0.9995797276496887 1374 406 1414 433 we
1 7 0.9997995495796204 1413 399 1473 433 used
1 7 0.999790370464325 1469 404 1492 436 a
1 7 0.9206191301345825 1490 404 1570 438 spatial
1 8 0.9991697072982788 113 495 206 529 spectral
1 8 0.9986019730567932 209 493 279 527 index
1 8 0.9999949932098389 281 493 313 525 of
1 8 0.9998286962509155 314 493 377 529 -5/3
1 8 0.9977971315383911 379 495 436 532 (e.g.
1 8 0.9919778108596802 436 493 550 527 Celnikier
1 8 0.9995026588439941 550 495 581 527 et
1 8 0.39652377367019653 581 491 764 532 al.1983,1987!
1 8 0.9959927201271057 759 493 828 527 Chen
1 8 0.9420295357704163 854 495 889 529 its
1 8 0.9982313513755798 888 504 927 525 are
1 8 0.9830615520477295 928 497 1009 532 typical
1 8 1.0 1009 497 1040 527 of
1 8 0.9969370365142822 1038 497 1141 525 electrons
1 8 0.983063280582428 1143 495 1193 529 that
1 8 0.9989320635795593 1192 495 1263 529 arrive
1 8 0.9994534850120544 1261 497 1290 529 at
1 8 0.9806928038597107 1287 495 1311 529 1
1 8 0.9981560111045837 1305 495 1355 529 AU
1 8 0.8578615784645081 1351 497 1513 532 co-temporally
1 8 0.9994179010391235 1513 495 1571 529 with
1 9 0.8215067982673645 109 523 150 561 et
1 9 0.6246969103813171 142 520 261 561 al.2013).
1 9 0.995109498500824 268 525 384 559 Following
1 9 0.998923122882843 387 523 432 559 the
1 9 0.9972834587097168 434 529 499 555 same
1 9 0.9976153373718262 500 523 612 564 approach
1 9 0.9999639987945557 613 520 652 557 of
1 9 0.9995266199111938 642 523 710 557 Reid
1 9 0.9999690055847168 712 523 743 555 &
1 9 0.9994376301765442 746 523 830 557 Kontar
1 9 0.9980924725532532 854 527 896 557 the
1 9 0.99639493227005 896 527 1001 555 detection
1 9 0.9998313188552856 1003 527 1035 557 of
1 9 0.9975935816764832 1028 527 1146 561 Langmuir
1 9 0.9992755055427551 1146 532 1219 557 waves
1 9 0.5012773275375366 1219 523 1324 566 (e.g.Lin
1 9 0.9987758994102478 1318 527 1348 559 et
1 9 0.5031485557556152 1343 523 1456 564 a1.,1981).
1 9 0.9998509883880615 1455 525 1507 559 The
1 9 0.9987083673477173 1503 529 1570 564 spec-
1 10 0.6288994550704956 113 552 201 593 (2010),
1 10 0.9998481273651123 205 559 247 587 we
1 10 0.99797123670578 247 555 324 589 model
1 10 0.9999396800994873 327 557 369 587 the
1 10 0.963049590587616 374 561 479 589 spectrum
1 10 0.9999866485595703 484 557 518 587 of
1 10 0.9999288320541382 518 557 607 591 density
1 10 0.7551501989364624 610 555 746 587 fluctuations
1 10 0.9988844990730286 747 555 807 589 with
1 10 0.9995219707489014 807 557 831 589 a
1 10 0.9350970387458801 852 555 899 591 tral
1 10 0.999840497970581 899 559 965 587 index
1 10 0.9998836517333984 967 557 996 589 is
1 10 0.9962512850761414 996 559 1098 587 obtained
1 10 0.9657573699951172 1101 559 1159 587 from
1 10 0.9430756568908691 1161 559 1203 589 the
1 10 0.9889499545097351 1203 555 1290 596 typical
1 10 0.9967597126960754 1284 557 1393 591 observed
1 10 0.7445108890533447 1395 559 1471 587 in-situ
1 10 0.9880742430686951 1474 559 1568 587 electron
1 11 0.9897539615631104 114 587 205 621 spectral
1 11 0.999632716178894 211 587 279 614 index
1 11 0.9588016271591187 285 584 348 621 -5/3
1 11 0.9900798797607422 353 584 452 619 between
1 11 0.9999552965164185 457 587 497 616 the
1 11 0.9982518553733826 503 587 646 621 wavelengths
1 11 0.9999890327453613 650 584 686 619 of
1 11 0.9994437098503113 686 582 733 619 108
1 11 0.9887027740478516 738 593 776 614 cm
1 11 0.9995412826538086 781 587 828 619 and
1 11 0.9993327260017395 854 589 940 623 spectra
1 11 0.9732313752174377 943 589 1015 616 below
1 11 0.9999620914459229 1019 587 1054 621 10
1 11 0.9813143610954285 1053 584 1108 621 keV
1 11 0.999921441078186 1108 591 1162 619 near
1 11 0.9999741315841675 1164 589 1204 619 the
1 11 0.9992043375968933 1208 589 1271 616 Earth
1 11 0.6858468651771545 1277 587 1382 621 (Krucker
1 11 0.9998779296875 1382 589 1413 619 et
1 11 0.5683961510658264 1408 584 1524 625 al.2009).
1 11 0.9999754428863525 1526 589 1570 619 We
2 0 0.9965278506278992 114 374 156 404 the
2 0 0.9879623055458069 156 374 248 402 Leblanc
2 0 0.9946191310882568 251 374 331 402 model.
3 0 0.9998506307601929 856 374 915 402 solar
3 0 0.9974875450134277 915 372 973 406 radii
3 0 0.9998520612716675 972 372 1003 404 in
3 0 0.5173079371452332 1003 372 1087 411 length,
3 0 0.997158408164978 1085 374 1229 408 representing
3 0 0.9997740387916565 1227 374 1250 406 a
3 0 0.9432047009468079 1250 374 1311 402 finite
3 0 0.9945911765098572 1313 372 1389 408 region
3 0 0.9998966455459595 1389 374 1418 404 in
3 0 0.954938530921936 1418 379 1486 406 space
3 0 0.9797715544700623 1486 374 1568 402 around
3 1 0.9999918937683105 894 463 948 497 The
3 1 0.9983890056610107 948 468 1014 495 beam
3 1 0.9946933388710022 1015 468 1143 502 parameters
3 1 0.9991968274116516 1143 470 1185 497 are
3 1 0.9971946477890015 1187 465 1253 502 given
3 1 0.9997523427009583 1255 465 1284 497 in
3 1 0.4506171643733978 1284 465 1358 500 Table[
3 1 0.5233536958694458 1348 461 1381 504 D
3 1 0.9999899864196777 1381 463 1434 500 The
3 1 0.9992049336433411 1432 468 1515 502 energy
3 1 0.9967729449272156 1515 463 1570 497 lim-
4 0 0.9998581409454346 114 440 190 468 power
4 0 0.9532948732376099 192 438 298 465 spectrum
4 0 0.9999980926513672 300 433 332 465 of
4 0 0.9998582601547241 332 433 418 468 density
4 0 0.9989100694656372 421 433 557 465 fluctuations
4 0 0.9999536275863647 557 438 613 463 near
4 0 0.9997518658638 613 433 655 463 the
4 0 0.9998798370361328 655 431 723 465 Earth
4 0 0.999487042427063 723 433 770 465 has
4 0 0.9994382262229919 768 431 830 465 been
4 0 0.9244173765182495 856 436 970 463 resolution
4 0 0.9999982118606567 972 433 1004 465 of
4 0 0.9080491662025452 1001 431 1053 465 200
4 0 0.975123941898346 1049 433 1101 468 km.
5 0 0.9843416810035706 116 465 219 493 observed
5 0 0.998451828956604 222 465 298 493 in-situ
5 0 0.9999401569366455 302 465 332 495 to
5 0 0.999992847442627 332 463 394 500 obey
5 0 0.9996392726898193 394 465 418 497 a
5 0 0.9454202651977539 421 465 621 500 Kolmogorov-type
5 0 0.7182452082633972 623 465 702 500 power
5 0 0.94088214635849 699 461 751 497 law
5 0 0.9997395873069763 749 461 809 495 with
5 0 0.9998583793640137 807 465 831 497 a
6 0 0.9694371819496155 114 612 171 648 1010
6 0 0.994212806224823 166 619 218 653 cm,
6 0 0.5083671808242798 214 621 250 648 sO
6 0 0.986839771270752 247 614 298 648 that
6 0 0.999988317489624 297 616 337 646 the
6 0 0.9931665062904358 337 619 450 653 perturbed
6 0 0.5687040090560913 449 614 537 655 density
6 0 0.9990309476852417 537 616 617 653 profile
6 0 0.9996024966239929 615 616 642 648 is
6 0 0.9998596906661987 642 616 710 653 given
6 0 0.9998825788497925 709 619 744 653 by
7 0 0.9998998641967773 856 621 909 648 note
7 0 0.9999792575836182 909 616 961 650 that
7 0 0.999993085861206 959 616 1009 650 this
7 0 0.998315691947937 1011 623 1099 650 spectral
7 0 0.9966641068458557 1104 621 1171 648 index
7 0 0.9991666078567505 1172 619 1201 650 is
7 0 0.9986873269081116 1201 621 1271 648 lower
7 0 0.9997928738594055 1271 616 1327 650 than
7 0 0.998818576335907 1327 616 1390 650 what
7 0 0.9982855916023254 1389 621 1418 650 is
7 0 0.9441335797309875 1418 621 1529 648 measured
7 0 0.9987823367118835 1529 616 1571 653 in-
7 1 0.9985243678092957 852 648 904 682 situ
7 1 0.9998838901519775 901 650 930 680 at
7 1 0.9994971752166748 928 650 1027 685 energies
7 1 0.9876277446746826 1028 650 1099 678 above
7 1 0.9999496936798096 1101 648 1137 678 50
7 1 0.9739029407501221 1135 648 1193 682 keV,
7 1 0.9996482133865356 1192 646 1242 680 and
7 1 0.9990243911743164 1242 650 1334 678 inferred
7 1 0.8730950355529785 1335 650 1395 678 from
7 1 0.9989776611328125 1397 648 1468 685 X-ray
7 1 0.9664978384971619 1468 650 1568 678 observa-
7 2 0.7449195384979248 854 678 915 712 tions
7 2 0.628244936466217 917 676 1027 717 (Krucker
7 2 0.9994910955429077 1024 680 1054 712 et
7 2 0.5477084517478943 1049 676 1166 717 al.2007).
7 2 0.999880313873291 1167 676 1219 712 The
7 2 0.9997742772102356 1219 678 1276 714 high
7 2 0.8260753154754639 1279 682 1429 708 characteristic
7 2 0.6074844002723694 1432 678 1490 712 time
7 2 0.9997369647026062 1490 680 1565 708 broad-
7 3 0.9921678900718689 854 742 940 776 greater
7 3 0.9510671496391296 940 742 1015 769 extent
7 3 0.998529314994812 1015 740 1043 772 if
7 3 0.9928131699562073 1041 744 1088 772 our
7 3 0.9995593428611755 1088 742 1182 769 electron
7 3 0.9986065030097961 1187 742 1251 769 beam
7 3 0.9998685121536255 1253 737 1303 772 had
7 3 0.9994598031044006 1305 742 1405 769 travelled
7 3 0.9999203681945801 1408 742 1439 772 to
7 3 0.9993385672569275 1440 737 1463 772 1
7 3 0.9996144771575928 1461 740 1508 772 AU
7 3 0.9967459440231323 1510 742 1568 769 from
7 4 0.9999878406524658 854 772 896 801 the
7 4 0.9998471736907959 894 769 949 804 Sun.
7 4 0.9995266199111938 949 769 1001 804 The
7 4 0.9998416900634766 999 769 1056 806 high
7 4 0.9828018546104431 1054 772 1141 806 density
7 4 0.9995459914207458 1140 769 1200 804 ratio
7 4 0.9876905679702759 1196 772 1224 804 is
7 4 0.9999328851699829 1221 772 1251 804 to
7 4 0.9994685053825378 1250 776 1329 801 ensure
7 4 0.9950673580169678 1326 774 1350 804 a
7 4 0.9999592304229736 1347 769 1403 806 high
7 4 0.9989190101623535 1402 772 1484 806 energy
7 4 0.9999173879623413 1484 772 1568 806 density
7 5 0.9999939203262329 894 881 948 915 The
7 5 0.9421223998069763 952 888 1072 915 fluctuating
7 5 0.9810912609100342 1078 888 1209 920 component
7 5 0.9999899864196777 1211 883 1246 913 of
7 5 0.9999402761459351 1245 883 1287 913 the
7 5 0.9598744511604309 1290 886 1427 918 background
7 5 0.9995424747467041 1432 886 1523 920 plasma,
7 5 0.9993261098861694 1528 883 1568 913 de-
7 6 0.5553946495056152 857 968 1078 1009 1015,10-2,10-25
7 6 0.9986231327056885 1074 973 1137 1007 10-3,
7 6 0.6158626675605774 1135 968 1277 1009 10-35,10-4,
7 6 0.49358806014060974 1276 970 1355 1007 10-45,
7 6 0.9957914352416992 1353 970 1408 1007 10-5
7 6 0.9767467975616455 1406 973 1458 1007 and
7 6 0.9992309808731079 1455 979 1492 1007 no
7 6 0.9992945194244385 1492 977 1568 1005 fluctu-
7 7 0.9913915395736694 854 1005 935 1039 ations.
7 7 0.6000691652297974 940 1007 1075 1041 Propagation
7 7 0.9998518228530884 1080 1005 1116 1039 of
7 7 0.9999932050704956 1112 1002 1156 1039 the
7 7 0.9995396137237549 1156 1005 1225 1039 beam
7 7 0.9925605654716492 1227 1009 1306 1037 causes
7 7 0.9495073556900024 1311 1009 1424 1037 Langmuir
7 7 0.9992774128913879 1427 1009 1502 1037 waves
7 7 0.9999154806137085 1503 1007 1536 1037 to
7 7 0.9999961853027344 1537 1005 1570 1037 be
7 8 0.9953470826148987 856 1037 948 1064 induced
7 8 0.9999128580093384 951 1034 1012 1068 after
7 8 0.9988316893577576 1012 1032 1051 1068 80
7 8 0.9982847571372986 1053 1039 1151 1066 seconds,
7 8 0.9760547876358032 1158 1037 1248 1071 relating
7 8 0.9993415474891663 1251 1039 1282 1068 to
7 8 0.9996067881584167 1284 1041 1330 1066 our
7 8 0.9892281293869019 1332 1037 1410 1064 choice
7 8 0.9999994039535522 1414 1034 1447 1066 of
7 8 0.9967784285545349 1447 1039 1471 1068 T
7 8 0.9978886246681213 1476 1041 1502 1066 =
7 8 0.9999388456344604 1507 1037 1542 1066 20
7 8 0.8804508447647095 1544 1039 1570 1068 S.
7 9 0.9520273208618164 788 1050 830 1089 (9)
7 9 0.9817736744880676 857 1071 970 1098 Langmuir
7 9 0.9728285074234009 973 1071 1038 1098 wave
7 9 0.9946774244308472 1043 1071 1166 1098 production
7 9 0.9915831685066223 1172 1071 1279 1096 increases
7 9 0.9998410940170288 1280 1071 1314 1098 as
7 9 0.9997674822807312 1313 1068 1337 1098 a
7 9 0.9998613595962524 1340 1068 1435 1096 function
7 9 0.9999709129333496 1439 1066 1473 1096 of
7 9 0.9854214191436768 1473 1068 1529 1096 time
7 9 0.9953792095184326 1532 1066 1570 1096 till
7 10 0.9938052892684937 856 1098 938 1126 around
7 10 0.999068558216095 940 1098 988 1126 200
7 10 0.989599347114563 988 1098 1078 1126 seconds
7 10 0.999882698059082 1082 1098 1140 1126 after
7 10 0.9848640561103821 1141 1098 1213 1126 which
7 10 0.9999277591705322 1213 1096 1240 1128 is
7 10 0.9968850016593933 1240 1098 1332 1126 remains
7 10 0.9996377229690552 1335 1098 1426 1132 roughly
7 10 0.9947186708450317 1427 1100 1531 1126 constant.
7 11 0.9999411106109619 898 1130 975 1164 Figure
7 11 0.2691079378128052 975 1126 1015 1171 22
7 11 0.9999064207077026 1019 1132 1091 1160 shows
7 11 0.9995430707931519 1095 1132 1120 1162 a
7 11 0.9995688796043396 1122 1130 1225 1164 snapshot
7 11 0.9999674558639526 1229 1130 1263 1160 of
7 11 0.9999825954437256 1264 1130 1305 1160 the
7 11 0.9922961592674255 1311 1130 1397 1158 electric
7 11 0.9970452189445496 1402 1128 1460 1162 field
7 11 0.9997087121009827 1463 1128 1524 1162 from
7 11 0.9999959468841553 1526 1126 1571 1162 the
7 12 0.9970968961715698 854 1190 881 1224 0
7 12 0.9976195693016052 877 1190 925 1226 (no
7 12 0.9991515874862671 927 1192 1074 1224 fluctuations),
7 12 0.9996140599250793 1078 1192 1120 1222 the
7 12 0.9963380098342896 1124 1192 1209 1219 electric
7 12 0.9999202489852905 1214 1192 1269 1219 field
7 12 0.999830961227417 1272 1192 1316 1222 has
7 12 0.9998456239700317 1316 1194 1340 1224 a
7 12 0.995682954788208 1340 1192 1426 1219 smooth
7 12 0.999515175819397 1432 1192 1515 1226 profile.
7 12 0.999994158744812 1518 1187 1571 1224 The
7 13 0.9991769194602966 856 1315 951 1343 increase
7 13 0.9687480330467224 952 1317 986 1345 as
7 13 0.9991368651390076 985 1315 1009 1345 a
7 13 0.9886934161186218 1009 1315 1106 1340 function
7 13 0.9999610185623169 1108 1313 1141 1343 of
7 13 0.9975222945213318 1140 1311 1200 1345 time
7 13 0.9997367262840271 1198 1317 1232 1345 as
7 13 0.998343825340271 1230 1313 1272 1343 the
7 13 0.9973562955856323 1274 1315 1343 1349 range
7 13 0.9995517134666443 1345 1313 1379 1343 of
7 13 0.9232706427574158 1379 1315 1489 1340 velocities
7 13 0.9998548030853271 1492 1315 1568 1343 within
7 14 0.9998377561569214 854 1343 896 1372 the
7 14 0.9781935214996338 898 1345 990 1370 electron
7 14 0.9986716508865356 993 1345 1057 1372 beam
7 14 0.9797279238700867 1059 1347 1138 1372 causes
7 14 0.998390793800354 1138 1343 1162 1375 it
7 14 0.9991235136985779 1161 1345 1192 1375 to
7 14 0.9996871948242188 1192 1343 1271 1379 spread
7 14 0.9990354776382446 1269 1343 1300 1375 in
7 14 0.9509928226470947 1300 1349 1371 1377 space.
7 14 0.9998370409011841 1372 1340 1426 1375 The
7 14 0.9958956241607666 1426 1345 1511 1370 electric
7 14 0.9980732202529907 1513 1340 1571 1375 field
7 15 0.627506673336029 852 1370 891 1409 is
7 15 0.995022177696228 885 1375 972 1402 smaller
7 15 0.9989635944366455 973 1377 1004 1404 at
7 15 0.9999911785125732 1004 1375 1045 1404 the
7 15 0.9986661672592163 1049 1375 1108 1402 front
7 15 0.9977352619171143 1111 1372 1143 1404 of
7 15 0.9999903440475464 1145 1375 1185 1404 the
7 15 0.7750335931777954 1190 1375 1282 1402 electron
7 15 0.9981708526611328 1288 1375 1353 1402 beam
7 15 0.9999325275421143 1358 1375 1431 1402 where
7 15 0.9999947547912598 1435 1375 1474 1404 the
7 15 0.9997038245201111 1479 1375 1570 1402 number
7 16 0.9996650218963623 898 1439 969 1466 When
7 16 0.7324690818786621 970 1436 1035 1471 An/n
7 16 0.9998689889907837 1035 1436 1062 1468 is
7 16 0.6897485852241516 1062 1439 1172 1466 increased
7 16 0.9571599364280701 1174 1436 1216 1466 the
7 16 0.9695676565170288 1216 1439 1303 1466 electric
7 16 0.6154457330703735 1305 1434 1363 1468 field
7 16 0.9999086856842041 1363 1439 1435 1466 shows
7 16 0.9999405145645142 1439 1436 1479 1466 the
7 16 0.9919062852859497 1479 1436 1568 1480 clumpy
8 0 0.5782998204231262 188 721 253 758 nelr)
8 0 0.9867168664932251 250 724 281 756 =
8 0 0.4638315439224243 272 717 369 760 no(r)1
8 0 0.3580019772052765 356 705 539 765 +C022
8 0 0.4951443076133728 531 717 659 758 sin(2mr/2,
8 0 0.9931331276893616 659 721 686 756 +
8 0 0.40438714623451233 681 717 731 762 On)
8 0 0.6259456276893616 788 719 830 758 (8)
8 0 0.9996943473815918 854 714 899 742 ens
8 0 0.9999902248382568 899 710 940 740 the
8 0 0.9998133778572083 943 712 1035 740 electron
8 0 0.9295810461044312 1038 710 1112 744 beam,
8 0 0.9999208450317383 1112 714 1132 740 a
8 0 0.9992178678512573 1132 712 1222 746 process
8 0 0.9998912811279297 1221 708 1274 742 that
8 0 0.9999165534973145 1272 710 1347 737 would
8 0 0.9988184571266174 1347 708 1408 742 have
8 0 0.9996846914291382 1408 710 1519 744 happened
8 0 0.9998883008956909 1519 712 1550 742 to
8 0 0.9998682737350464 1549 712 1573 742 a
9 0 0.7799482941627502 444 758 484 785 n=1
10 0 0.9996356964111328 156 813 229 840 where
10 0 0.9957289099693298 229 810 260 842 N
10 0 0.9984083771705627 258 815 287 842 =
10 0 0.999932050704956 289 810 350 845 1000
10 0 0.9997201561927795 348 810 376 842 is
10 0 0.999988317489624 373 808 418 845 the
10 0 0.999482274055481 418 813 508 840 number
10 0 0.9999996423721313 508 810 541 842 of
10 0 0.9662794470787048 539 813 697 845 perturbations,
10 0 0.8315434455871582 699 813 764 847 no(r)
10 0 0.9997301697731018 760 810 788 845 is
10 0 0.7430259585380554 788 813 828 842 the
10 0 0.9905771017074585 856 801 889 831 of
10 0 0.7795830368995667 883 801 1001 836 Langmuir
10 0 0.9996449947357178 1001 804 1075 831 waves
10 0 0.5923302173614502 1075 801 1103 833 is
10 0 0.9871224164962769 1103 801 1200 829 induced.
10 1 0.5718082785606384 113 840 185 874 initial
10 1 0.9992591738700867 184 845 324 877 unperturbed
10 1 0.9685590863227844 324 842 410 877 density
10 1 0.9999077320098877 407 845 439 874 as
10 1 0.9999134540557861 437 845 523 872 defined
10 1 0.9997513890266418 524 842 602 877 above,
10 1 0.752630352973938 602 845 631 877 An
10 1 0.9996024966239929 629 842 659 874 is
10 1 0.9999933242797852 657 842 697 872 the
10 1 0.9995380640029907 696 842 827 877 wavelength
10 1 0.9995782971382141 854 831 907 865 4.1.
10 1 0.9656983017921448 910 836 1085 861 Beam-induced
10 1 0.9996495246887207 1088 836 1175 863 electric
10 1 0.6112695336341858 1175 831 1234 865 field
11 0 0.9992688298225403 113 872 148 906 of
11 0 0.9991315007209778 140 870 185 906 the
11 0 0.9878194332122803 182 874 232 902 n-th
11 0 0.6333490014076233 234 874 386 909 fluctuation,!
11 0 0.9947659969329834 387 879 410 902 =
11 0 0.9993307590484619 410 872 482 909 5/3is
11 0 0.9993342757225037 479 870 521 906 the
11 0 0.9832947850227356 520 874 642 909 power-law
11 0 0.5401904582977295 642 874 733 909 spectral
11 0 0.9950489401817322 733 874 827 902 indexin
11 1 0.8488132953643799 113 973 180 1000 r.m.s.
11 1 0.9995999932289124 182 970 289 995 deviation
11 1 0.9999988079071045 290 968 323 1000 of
11 1 0.9999938011169434 318 966 363 1002 the
11 1 0.8766220211982727 361 968 447 1002 density
11 1 0.5265464782714844 457 963 573 1005 VAn(2)
11 1 0.9300445318222046 571 966 631 1000 such
11 1 0.9998668432235718 628 966 681 1000 that
12 0 0.999958872795105 113 904 155 934 the
12 0 0.8411304950714111 153 906 230 941 power
12 0 0.9205051064491272 229 909 340 936 spectrum,
12 0 0.9993265867233276 340 902 390 938 and
12 0 0.17587201297283173 386 902 421 941 On
12 0 0.9994171857833862 418 904 445 936 is
12 0 0.9994358420372009 444 904 484 934 the
12 0 0.9959261417388916 484 906 573 934 random
12 0 0.9983318448066711 573 904 642 938 phase
12 0 0.9999188184738159 641 902 712 936 ofthe
12 0 0.9989091157913208 712 904 827 931 individual
12 0 0.9692291021347046 856 915 941 943 scribed
12 0 0.9994763731956482 940 913 977 952 by
12 0 0.6219614744186401 977 915 1106 950 Equation8
12 0 0.9988452196121216 1108 915 1135 947 is
12 0 0.977108895778656 1135 913 1209 947 varied
12 0 0.9986127614974976 1209 915 1301 950 through
12 0 0.9999908208847046 1301 915 1342 945 the
12 0 0.9700421094894409 1342 915 1442 950 intensity
12 0 0.9999992847442627 1444 915 1476 945 of
12 0 0.9999964237213135 1473 915 1513 945 the
12 0 0.9999334812164307 1511 913 1570 947 den-
12 1 0.9344721436500549 114 934 255 966 fluctuations.
12 1 0.9833173751831055 260 934 318 968 C(r)
12 1 0.9996898174285889 318 934 345 966 is
12 1 0.9999685287475586 345 934 389 963 the
12 1 0.9916561841964722 390 934 550 966 normalisation
12 1 0.9992994070053101 554 936 652 963 constant
12 1 0.9999896287918091 655 934 696 963 the
12 1 0.979025661945343 699 931 785 966 defines
12 1 0.9999573230743408 786 934 828 963 the
12 1 0.9760411381721497 854 943 902 979 sity
12 1 0.9975883960723877 901 943 1024 977 turbulence
12 1 0.9804027080535889 1024 943 1096 977 An/n.
12 1 0.9996259212493896 1093 943 1154 977 Nine
12 1 0.9918276071548462 1154 945 1288 977 simulations
12 1 0.9993200302124023 1287 950 1348 975 were
12 1 0.9992832541465759 1347 950 1392 975 ran
12 1 0.9997819066047668 1389 943 1447 977 with
12 1 0.998824417591095 1444 945 1510 979 An/n
12 1 0.9987751841545105 1508 943 1571 977 from
13 0 0.9429219365119934 466 1034 578 1068 2(An(r)2)
14 0 0.7321172952651978 323 1053 381 1089 C(r)
14 0 0.99650639295578 379 1059 405 1084 =
14 0 0.21797747910022736 434 1066 576 1116 (n()23A1
14 0 0.44064387679100037 573 1064 615 1114 2
15 0 0.9999791383743286 155 1135 208 1169 Our
15 0 0.7846570611000061 205 1137 395 1169 one-dimensional
15 0 0.9995939135551453 397 1137 502 1171 approach
15 0 0.7829368710517883 505 1142 581 1167 means
15 0 0.9998449087142944 579 1135 631 1169 that
15 0 0.998742401599884 629 1144 667 1164 we
15 0 0.9996445178985596 668 1144 707 1164 are
15 0 0.9993137121200562 707 1137 764 1174 only
15 0 0.9951836466789246 762 1135 828 1169 mod-
16 0 0.9996234178543091 113 1167 184 1201 elling
16 0 0.9981878399848938 185 1167 319 1199 fluctuations
16 0 0.6847902536392212 321 1167 410 1201 parallel
16 0 0.9999362230300903 410 1167 440 1199 to
16 0 0.9999909400939941 440 1167 481 1196 the
16 0 0.9970587491989136 482 1169 589 1203 magnetic
16 0 0.998842716217041 591 1164 647 1199 field
16 0 0.9998366832733154 647 1167 694 1199 and
16 0 0.9999699592590332 694 1169 738 1199 not
16 0 0.999219536781311 739 1174 827 1201 perpen-
16 0 0.9992803931236267 856 1162 970 1196 Langmuir
16 0 0.9999103546142578 969 1160 1035 1194 wave
16 0 0.9996737241744995 1033 1162 1116 1196 energy
16 0 0.7432140707969666 1116 1160 1203 1194 density
16 0 0.9995545744895935 1203 1162 1261 1190 after
16 0 0.9599660038948059 1256 1158 1308 1192 277
16 0 0.9938867688179016 1306 1162 1405 1187 seconds.
16 0 0.9999362230300903 1408 1158 1481 1192 When
16 0 0.9655760526657104 1479 1160 1571 1194 An/n=
16 1 0.9996069073677063 156 1228 271 1263 Langmuir
16 1 0.9990116357803345 271 1233 345 1258 waves
16 1 0.9994852542877197 345 1235 384 1256 are
16 1 0.9982414245605469 386 1228 465 1256 treated
16 1 0.9997759461402893 465 1226 494 1258 in
16 1 0.9998806715011597 492 1228 534 1258 the
16 1 0.9997519850730896 533 1226 604 1260 WKB
16 1 0.8860713243484497 605 1228 770 1263 approximation
16 1 0.6858220100402832 770 1226 830 1260 such
16 1 0.9983763694763184 854 1226 920 1251 wave
16 1 0.9988125562667847 920 1226 1001 1254 energy
16 1 0.5718773603439331 1006 1224 1088 1251 density
16 1 0.9998136162757874 1091 1219 1119 1254 is
16 1 0.9147040247917175 1119 1222 1240 1256 dependent
16 1 0.9996175765991211 1240 1224 1305 1258 upon
16 1 0.999983549118042 1306 1222 1345 1251 the
16 1 0.989673376083374 1348 1222 1442 1249 electron
16 1 0.9983808994293213 1447 1222 1510 1249 beam
16 1 0.999803364276886 1511 1219 1568 1254 den-
16 2 0.9992318153381348 113 1256 164 1290 that
16 2 0.9989533424377441 163 1258 293 1292 wavelength
16 2 0.9995573163032532 292 1258 321 1290 is
16 2 0.9868660569190979 321 1260 407 1288 smaller
16 2 0.9998917579650879 407 1260 460 1288 than
16 2 0.9999678134918213 460 1260 500 1288 the
16 2 0.9958393573760986 500 1258 654 1290 characteristic
16 2 0.9997734427452087 654 1260 704 1288 size
16 2 0.9992231130599976 702 1260 734 1290 of
16 2 0.9999904632568359 733 1260 773 1290 the
16 2 0.9998475313186646 773 1260 828 1288 den-
16 2 0.6235255002975464 854 1251 904 1288 sity
16 2 0.7551567554473877 907 1251 1011 1285 (Mel'nik
16 2 0.9970376491546631 1014 1251 1045 1283 et
16 2 0.5469095706939697 1043 1247 1156 1288 al.2000)
16 2 0.9948914051055908 1158 1249 1209 1285 and
16 2 0.6195496320724487 1209 1256 1243 1283 SO
16 2 0.9982860684394836 1245 1254 1274 1283 is
16 2 0.7033273577690125 1274 1251 1424 1283 concentrated
16 2 0.9978965520858765 1427 1251 1458 1283 in
16 2 0.9999812841415405 1461 1254 1502 1283 the
16 2 0.9939415454864502 1507 1256 1570 1283 same
16 3 0.9987280964851379 111 1288 163 1324 sity
16 3 0.9772158861160278 166 1288 306 1322 fluctuations.
16 3 0.9673725962638855 310 1285 356 1322 We
16 3 0.9668037295341492 360 1292 439 1320 ensure
16 3 0.9997768998146057 439 1285 492 1322 that
16 3 0.9993583559989929 492 1285 537 1322 the
16 3 0.9721234440803528 537 1285 599 1320 level
16 3 0.9999591112136841 602 1288 636 1317 of
16 3 0.9975715279579163 636 1285 725 1327 density
16 3 0.8723716735839844 728 1290 828 1317 inhomo-
16 3 0.9999661445617676 854 1283 933 1317 region
16 3 0.9999791383743286 933 1281 969 1311 of
16 3 0.9949571490287781 970 1288 1036 1315 space
16 3 0.9994215965270996 1040 1285 1072 1313 as
16 3 0.9995672106742859 1072 1279 1117 1315 the
16 3 0.9999129772186279 1117 1279 1175 1313 bulk
16 3 0.8016618490219116 1177 1281 1211 1311 of
16 3 0.9983137845993042 1209 1279 1255 1315 the
16 3 0.9906272888183594 1256 1283 1351 1311 electron
16 3 0.9915805459022522 1356 1283 1427 1311 beam.
16 3 0.9999203681945801 1432 1283 1487 1311 This
16 3 0.9999532699584961 1492 1281 1568 1317 region
17 0 0.9552240967750549 114 1199 200 1226 dicular.
18 0 0.9808056354522705 113 1317 203 1359 geneity
18 0 0.6854198575019836 205 1317 281 1354 (Coste
18 0 0.9999445676803589 279 1320 310 1352 et
18 0 0.40228065848350525 306 1320 578 1354 aly75Kontar2001b)
18 0 0.9977205395698547 581 1322 673 1349 satisfies
19 0 0.9990553259849548 394 1379 434 1409 An
19 0 0.28056424856185913 461 1368 544 1420 3R2
19 1 0.2545950710773468 474 1411 529 1459 Upe
20 0 0.9974307417869568 775 1397 828 1434 (10)
20 0 0.9928608536720276 854 1404 941 1439 density
20 0 0.9911735653877258 941 1404 973 1434 of
20 0 0.9985686540603638 973 1407 1077 1432 electrons
20 0 0.9982755184173584 1077 1404 1104 1436 is
20 0 0.9895482063293457 1106 1404 1195 1432 smaller.
21 0 0.9998644590377808 153 1473 206 1507 The
21 0 0.9900431632995605 209 1475 344 1509 background
21 0 0.9991138577461243 350 1473 484 1505 fluctuations
21 0 0.9911132454872131 487 1482 529 1505 are
21 0 0.7923604846000671 531 1473 597 1507 static
21 0 0.9999676942825317 599 1475 628 1505 in
21 0 0.9936374425888062 629 1473 688 1507 time
21 0 0.9960048794746399 691 1475 783 1502 because
21 0 0.9999854564666748 788 1475 828 1505 the
21 0 0.9976316690444946 856 1468 972 1496 behaviour
21 0 0.9996076226234436 977 1471 1033 1498 seen
21 0 0.9792757034301758 1040 1468 1098 1496 from
21 0 0.9988664388656616 1106 1468 1182 1496 in-situ
21 0 0.6883246898651123 1187 1466 1340 1498 observations.
21 0 0.9999879598617554 1347 1468 1382 1498 At
21 0 0.665186882019043 1385 1466 1452 1500 An/n
21 0 0.9877477884292603 1460 1471 1489 1498 =
21 0 0.9500401020050049 1498 1461 1565 1498 10-2.5
21 1 0.9937584400177002 116 1507 251 1541 propagating
21 1 0.9907538890838623 258 1507 352 1534 electron
21 1 0.9996159076690674 360 1507 424 1534 beam
21 1 0.9997240900993347 428 1505 457 1537 is
21 1 0.6562874913215637 460 1505 570 1539 travelling
21 1 0.9994168281555176 578 1507 644 1534 much
21 1 0.9999895095825195 650 1507 718 1534 faster
21 1 0.9999752044677734 722 1507 776 1534 than
21 1 0.9983545541763306 780 1507 830 1541 any
21 1 0.9997661709785461 852 1496 902 1530 and
21 1 0.9998983144760132 906 1498 986 1532 higher,
21 1 0.9995986819267273 991 1498 1032 1528 the
21 1 0.9929094910621643 1035 1498 1120 1525 electric
21 1 0.9999165534973145 1127 1498 1180 1525 field
21 1 0.9995291233062744 1182 1496 1211 1528 is
21 1 0.9999574422836304 1213 1498 1284 1525 above
21 1 0.9999455213546753 1287 1498 1327 1528 the
21 1 0.9794236421585083 1332 1498 1421 1525 thermal
21 1 0.8998293876647949 1426 1498 1484 1525 level
21 1 0.9994600415229797 1489 1498 1568 1525 behind
21 2 0.9993982315063477 113 1532 200 1573 change
21 2 0.99977046251297 201 1534 232 1566 in
21 2 0.9999935626983643 232 1532 277 1569 the
21 2 0.9991148114204407 279 1537 416 1569 background
21 2 0.9995326995849609 421 1534 512 1569 density.
21 2 0.9991216063499451 515 1532 555 1569 To
21 2 0.9986844658851624 555 1537 644 1571 capture
21 2 0.9999301433563232 647 1534 689 1564 the
21 2 0.9896238446235657 694 1537 794 1564 statistics
21 2 0.9998430013656616 797 1534 831 1564 of
21 2 0.9999502897262573 854 1528 896 1557 the
21 2 0.9998792409896851 899 1530 993 1557 electron
21 2 0.9888486862182617 998 1530 1070 1557 beam.
21 2 0.999913215637207 1072 1525 1127 1560 The
21 2 0.998965859413147 1129 1528 1216 1562 density
21 2 0.9563542604446411 1221 1530 1353 1555 fluctuations
21 2 0.997488260269165 1358 1530 1416 1557 have
21 2 0.9987618923187256 1421 1530 1524 1555 refracted
21 2 0.9999916553497314 1528 1528 1570 1557 the
21 3 0.999670147895813 111 1564 176 1598 what
21 3 0.9989857077598572 176 1569 200 1598 a
21 3 0.9635343551635742 201 1566 321 1601 spacecraft
21 3 0.9959397315979004 326 1566 398 1594 would
21 3 0.9932165741920471 405 1569 497 1596 observe
21 3 0.99992835521698 500 1571 558 1596 over
21 3 0.9999427795410156 560 1566 600 1596 the
21 3 0.9968001842498779 604 1571 684 1596 course
21 3 0.999992847442627 686 1564 722 1598 of
21 3 0.9977744221687317 720 1569 755 1598 an
21 3 0.9985118508338928 759 1566 827 1594 entire
21 3 0.9990756511688232 856 1560 972 1594 Langmuir
21 3 0.9863142967224121 972 1562 1046 1587 waves
21 3 0.9971842169761658 1048 1564 1090 1587 out
21 3 0.999997615814209 1088 1557 1124 1592 of
21 3 0.9969602227210999 1119 1557 1190 1594 phase
21 3 0.9998149275779724 1190 1557 1259 1594 speed
21 3 0.9997240900993347 1259 1560 1329 1594 range
21 3 0.9996631145477295 1329 1560 1403 1587 where
21 3 0.9977478384971619 1403 1557 1458 1594 they
21 3 0.9987894892692566 1458 1562 1503 1587 can
21 3 0.99788898229599 1502 1560 1568 1587 inter-
21 4 0.9998592138290405 114 1598 208 1624 electron
21 4 0.9998613595962524 209 1594 277 1628 beam
21 4 0.9992484450340271 277 1598 353 1626 transit
21 4 0.9964959025382996 353 1598 394 1626 we
21 4 0.9995648264884949 392 1594 450 1628 look
21 4 0.9992929697036743 449 1596 478 1628 at
21 4 0.9999861717224121 476 1596 516 1626 the
21 4 0.9924331903457642 518 1596 634 1630 Langmuir
21 4 0.997260332107544 634 1601 699 1626 wave
21 4 0.9927980303764343 697 1598 780 1633 energy
21 4 0.9998677968978882 778 1594 828 1628 dis-
21 4 0.9908657670021057 854 1592 894 1619 act
21 4 0.9989176988601685 891 1587 951 1621 with
21 4 0.9999898672103882 949 1589 990 1619 the
21 4 0.999542236328125 990 1592 1083 1617 electron
21 4 0.9664067625999451 1083 1587 1158 1621 beam.
21 4 0.9956444501876831 1159 1589 1314 1624 Consequently
21 4 0.9997066855430603 1316 1587 1381 1621 these
21 4 0.9995231628417969 1381 1589 1495 1624 Langmuir
21 4 0.999910831451416 1495 1592 1570 1619 waves
22 0 0.9957427382469177 114 1628 213 1656 tribution
22 0 0.9998831748962402 214 1630 247 1658 as
22 0 0.9985400438308716 243 1628 268 1660 a
22 0 0.9998706579208374 268 1628 363 1656 function
22 0 0.998619794845581 363 1626 395 1658 of
22 0 0.9972186088562012 395 1628 491 1656 distance
22 0 0.9997665286064148 491 1628 520 1658 at
22 0 0.9998559951782227 518 1630 565 1658 one
22 0 0.999975323677063 565 1628 629 1662 point
22 0 0.9997894167900085 628 1626 659 1658 in
22 0 0.7593171000480652 659 1628 720 1656 time.
23 0 0.9958174824714661 854 1624 935 1649 cannot
23 0 0.9999986886978149 938 1619 972 1649 be
23 0 0.9995527863502502 977 1621 1111 1646 re-absorbed
23 0 0.9996625185012817 1114 1621 1148 1651 as
23 0 0.9998308420181274 1148 1619 1190 1649 the
23 0 0.9998459815979004 1192 1617 1253 1651 back
23 0 0.9709662795066833 1255 1619 1287 1649 of
23 0 0.9999825954437256 1288 1619 1329 1649 the
23 0 0.9996931552886963 1332 1621 1426 1646 electron
23 0 0.9646528959274292 1431 1621 1497 1649 beam
23 0 0.9887924790382385 1500 1617 1570 1651 cloud
23 1 0.9995129108428955 854 1653 933 1688 passes
23 1 0.9996743202209473 933 1651 994 1678 them
23 1 0.999916672706604 991 1649 1022 1681 in
23 1 0.9959474205970764 1020 1651 1090 1685 space
23 1 0.6502087116241455 1091 1651 1266 1683 (Kontar/200la).
23 1 0.9995821118354797 1269 1651 1334 1685 They
23 1 0.997886598110199 1332 1653 1374 1681 are
23 1 0.9990610480308533 1372 1646 1418 1683 left
23 1 0.999423623085022 1418 1651 1503 1678 behind,
23 1 0.9979830980300903 1505 1653 1570 1681 caus-
23 2 0.9995678067207336 854 1683 898 1713 ing
23 2 0.9995371103286743 896 1683 930 1713 an
23 2 0.9847511053085327 930 1685 1011 1713 energy
23 2 0.9676569104194641 1011 1678 1062 1713 loss
23 2 0.9992069602012634 1061 1681 1091 1710 to
23 2 0.999825656414032 1088 1676 1132 1713 the
23 2 0.9988390803337097 1132 1681 1267 1715 propagating
23 2 0.9996955394744873 1269 1683 1363 1708 electron
23 2 0.9989553689956665 1366 1681 1429 1708 beam
23 2 0.9845134615898132 1431 1674 1574 1717 (see/Reid&
23 3 0.6093180179595947 852 1710 1006 1745 Kontar/2013
23 3 0.999962568283081 1006 1708 1049 1745 for
23 3 0.992037296295166 1046 1710 1141 1745 analysis
23 3 0.9950913190841675 1141 1713 1177 1742 on
23 3 0.9995288848876953 1177 1713 1242 1740 beam
23 3 0.999754011631012 1243 1715 1324 1749 energy
23 3 0.9745961427688599 1326 1710 1392 1745 loss).
23 4 0.9969313144683838 854 1740 907 1774 4.2.
23 4 0.9322893619537354 912 1745 1001 1772 Electric
23 4 0.9991248250007629 1004 1745 1059 1772 field
23 4 0.5532450675964355 1057 1742 1193 1774 distribution
23 4 0.988183319568634 1193 1747 1251 1772 over
23 4 0.9999271631240845 1250 1745 1293 1772 the
23 4 0.9996254444122314 1295 1745 1366 1772 entire
23 4 0.9937544465065002 1368 1745 1439 1772 beam
23 5 0.9992017149925232 893 1790 935 1827 To
23 5 0.9156465530395508 930 1790 1022 1831 analyse
23 5 0.999991774559021 1020 1793 1061 1822 the
23 5 0.9990376234054565 1061 1795 1192 1820 distribution
23 5 0.9999971389770508 1193 1793 1225 1822 of
23 5 0.9999865293502808 1222 1793 1263 1822 the
23 5 0.9941837191581726 1264 1795 1350 1820 electric
23 5 0.7665367126464844 1350 1790 1408 1825 field
23 5 0.9989720582962036 1405 1797 1463 1822 over
23 5 0.9997156262397766 1460 1793 1500 1822 the
23 5 0.999897837638855 1500 1795 1568 1822 entire
23 6 0.9921109676361084 856 1825 920 1852 beam
23 6 0.9681862592697144 920 1827 961 1854 we
23 6 0.9993256330490112 957 1822 1017 1857 have
23 6 0.9945524334907532 1015 1825 1099 1859 plotted
23 6 0.9716029167175293 1098 1822 1167 1859 P(log
23 6 0.999397873878479 1166 1822 1208 1859 E),
23 6 0.9999392032623291 1204 1825 1245 1854 the
23 6 0.9955234527587891 1245 1825 1371 1859 probability
23 6 0.9993810653686523 1371 1822 1505 1854 distribution
23 6 0.9958646297454834 1503 1822 1568 1857 func-
23 7 0.6767725944519043 851 1882 896 1920 2p
23 7 0.9996252059936523 886 1886 920 1916 at
23 7 0.9108849167823792 917 1889 936 1914 t
23 7 0.9845322966575623 933 1889 962 1916 =
23 7 0.9998490810394287 962 1882 1014 1918 277
23 7 0.6798346042633057 1014 1886 1112 1914 seconds.
23 7 0.9998800754547119 1114 1882 1161 1918 We
23 7 0.9995107650756836 1161 1886 1217 1914 have
23 7 0.7369540333747864 1219 1884 1277 1920 only
23 7 0.9978626370429993 1276 1884 1405 1916 considered
23 7 0.999485969543457 1405 1889 1469 1916 areas
23 7 0.9999998807907104 1469 1884 1502 1916 of
24 0 0.999691367149353 113 1820 145 1852 4.
24 0 0.9993419051170349 150 1822 266 1850 Electron
24 0 0.9999151229858398 271 1822 365 1850 beams
24 0 0.9770867228507996 369 1825 436 1852 near
24 0 0.9992610812187195 436 1818 489 1854 the
24 0 0.9991100430488586 489 1818 568 1852 Earth
25 0 0.995794415473938 153 1866 201 1902 We
25 0 0.9985550045967102 206 1870 295 1905 explore
25 0 0.9072232246398926 303 1870 345 1900 the
25 0 0.9990118741989136 353 1873 461 1898 evolution
25 0 0.9999902248382568 470 1870 503 1900 of
25 0 0.9997156262397766 508 1870 550 1900 the
25 0 0.9968104958534241 558 1870 646 1898 electric
25 0 0.9978852868080139 654 1868 712 1902 field
25 0 0.999489426612854 718 1868 781 1902 from
25 0 0.9999904632568359 788 1870 828 1900 the
25 0 0.9998745918273926 852 1852 906 1886 tion
25 0 0.950873076915741 906 1857 982 1884 (PDF)
25 0 0.9998985528945923 977 1852 1049 1886 ofthe
25 0 0.9997898936271667 1048 1852 1106 1886 base
25 0 0.9246407151222229 1103 1850 1251 1891 10logarithm
25 0 0.9999995231628418 1251 1854 1282 1884 of
25 0 0.9999810457229614 1279 1854 1321 1884 the
25 0 0.9952102303504944 1321 1854 1408 1882 electric
25 0 0.9351021647453308 1406 1852 1465 1886 field
25 0 0.998960018157959 1463 1854 1492 1886 in
25 0 0.999596893787384 1490 1854 1570 1889 Figure
25 1 0.9699811935424805 114 1994 197 2021 similar
25 1 0.9999146461486816 195 1994 226 2023 to
25 1 0.7634291648864746 224 1994 308 2028 plasma
25 1 0.9996510744094849 308 1994 436 2028 parameters
25 1 0.9944236874580383 436 1994 518 2021 around
25 1 0.9983940720558167 521 1994 539 2021 1
25 1 0.9998217225074768 534 1991 589 2026 AU,
25 1 0.9998822212219238 587 1991 644 2026 near
25 1 0.9999903440475464 641 1991 680 2021 the
25 1 0.9734449982643127 680 1989 752 2023 Earth.
25 1 0.6063928604125977 752 1991 794 2021 To
25 1 0.9622958302497864 785 1994 828 2021 ex-
25 1 0.9895930290222168 856 1975 991 2010 background
25 1 0.9978914856910706 994 1978 1054 2005 from
25 1 0.9999908208847046 1057 1975 1098 2005 the
25 1 0.9722453951835632 1099 1975 1162 2010 PDF,
25 1 0.9932349324226379 1164 1978 1327 2012 corresponding
25 1 0.9986883997917175 1330 1978 1361 2007 to
25 1 0.9951345324516296 1361 1975 1389 2007 E
25 1 0.9921846985816956 1389 1978 1421 2007 >
25 1 0.3984060287475586 1423 1975 1516 2010 1.78Eth-
25 1 0.99997878074646 1518 1973 1571 2007 The
25 2 0.9998990297317505 113 2021 177 2058 plore
25 2 0.9857276082038879 177 2023 230 2051 how
25 2 0.9996588230133057 230 2023 271 2053 the
25 2 0.9992616772651672 269 2023 371 2058 intensity
25 2 0.9999995231628418 371 2021 403 2053 of
25 2 0.9991051554679871 400 2023 487 2058 density
25 2 0.9977720379829407 487 2021 621 2053 fluctuations
25 2 0.734009861946106 623 2023 739 2051 influences
25 2 0.9999973773956299 739 2021 781 2051 the
25 2 0.9963597655296326 778 2019 830 2055 dis-
25 2 0.9698467254638672 854 2012 915 2046 PDF
25 2 0.9992949962615967 912 2012 967 2046 thus
25 2 0.9999613761901855 965 2014 1036 2051 obeys
25 2 0.9999901056289673 1036 2014 1077 2044 the
25 2 0.9977558255195618 1078 2016 1187 2044 condition
25 2 0.42993491888046265 1193 2023 1264 2060 1.78E
25 2 0.9984092116355896 1266 2014 1334 2051 P(log
25 2 0.9877229928970337 1330 2012 1424 2053 E)dlog
25 2 0.9998329877853394 1419 2012 1447 2046 E
25 2 0.9699544906616211 1444 2016 1474 2046 =
25 2 0.998621940612793 1471 2014 1498 2046 1.
25 3 0.9983785152435303 113 2083 148 2117 to
25 3 0.9999939203262329 143 2083 185 2112 the
25 3 0.9551467895507812 187 2083 324 2117 background
25 3 0.6607948541641235 326 2080 413 2122 plasma
25 3 0.9997130036354065 413 2080 471 2115 with
25 3 0.9981849789619446 473 2085 562 2119 varying
25 3 0.9998005032539368 563 2080 636 2115 levels
25 3 0.9999998807907104 638 2083 670 2115 of
25 3 0.9992651343345642 670 2087 773 2115 intensity.
25 3 0.9999661445617676 776 2080 830 2115 The
25 3 0.9991990923881531 854 2083 901 2115 We
25 3 0.9999358654022217 902 2085 961 2112 have
25 3 0.7693214416503906 967 2083 1108 2117 over-plotted
25 3 0.999988317489624 1112 2083 1154 2112 the
25 3 0.9740110635757446 1161 2083 1274 2117 analytical
25 3 0.9999575614929199 1279 2080 1340 2115 PDF
25 3 0.9999996423721313 1343 2083 1377 2112 of
25 3 0.9996377229690552 1377 2085 1402 2115 a
25 3 0.9998843669891357 1405 2085 1511 2112 Gaussian
25 3 0.9997552037239075 1516 2083 1571 2117 (see
26 0 0.9942342638969421 310 1902 402 1930 induced
27 0 0.9993720650672913 114 1902 230 1936 Langmuir
27 0 0.9998242259025574 232 1905 306 1932 waves
28 0 0.9992029070854187 403 1898 442 1939 by
28 0 0.9994655251502991 440 1905 465 1934 a
28 0 0.9963011741638184 465 1902 602 1936 propagating
28 0 0.989365816116333 605 1902 699 1930 electron
28 0 0.992222249507904 704 1902 775 1930 beam.
28 0 0.9999734163284302 776 1898 830 1932 The
28 0 0.9998711347579956 856 1916 928 1943 where
28 0 0.9996179342269897 931 1916 1048 1950 Langmuir
28 0 0.9998761415481567 1049 1918 1124 1946 waves
28 0 0.9997171759605408 1125 1918 1187 1946 were
28 0 0.9999040365219116 1187 1911 1242 1946 half
28 0 0.9980646967887878 1238 1918 1274 1946 an
28 0 0.997660756111145 1274 1916 1340 1943 order
28 0 0.9999949932098389 1340 1916 1372 1946 of
29 0 0.9990818500518799 1498 1916 1570 1943 above
29 0 0.986415684223175 1500 1886 1571 1920 space
30 0 0.9979618787765503 114 1932 179 1959 beam
30 0 0.9977491497993469 180 1932 209 1964 is
30 0 0.8477524518966675 209 1932 303 1966 injected
30 0 0.9930034279823303 303 1930 356 1964 into
30 0 0.9955142140388489 356 1932 442 1966 plasma
30 0 0.9998924732208252 444 1932 499 1959 with
30 0 0.9998279809951782 499 1934 523 1964 a
30 0 0.9986820816993713 521 1934 620 1959 constant
30 0 0.9379100203514099 621 1934 689 1962 mean
30 0 0.9661139249801636 692 1932 827 1964 background
30 0 0.9999510049819946 852 1943 896 1980 the
30 0 0.9095454216003418 896 1946 1032 1980 background
30 0 0.999591052532196 1030 1946 1098 1980 level,
30 0 0.9995940327644348 1098 1948 1130 1978 or
31 0 0.9998518228530884 1372 1916 1495 1950 magnitude
32 0 0.9987899661064148 114 1962 208 1989 electron
32 0 0.9993910789489746 211 1962 298 1996 density
32 0 0.9749438762664795 298 1962 331 1991 of
32 0 0.975352942943573 329 1964 361 1996 no
32 0 0.9957404136657715 363 1964 392 1994 =
32 0 0.8623278737068176 389 1959 413 1994 5
32 0 0.9471863508224487 413 1962 457 1991 cm
32 0 0.8544318079948425 453 1957 478 1989 3
32 0 0.7918018698692322 479 1962 573 1996 (plasma
32 0 0.9975541234016418 576 1962 691 1996 frequency
32 0 0.9999908208847046 692 1962 726 1991 of
32 0 0.9984708428382874 722 1957 762 1994 20
32 0 0.6870900392532349 759 1959 828 1994 kHz),
32 1 0.9986745119094849 114 2055 213 2083 tribution
32 1 0.9999980926513672 214 2053 248 2083 of
32 1 0.9999899864196777 243 2053 285 2083 the
32 1 0.988852858543396 287 2055 377 2083 induced
32 1 0.9423760175704956 379 2051 466 2085 electric
32 1 0.9991745352745056 465 2051 523 2085 field
32 1 0.9980541467666626 521 2055 562 2083 we
32 1 0.9996693134307861 557 2051 608 2085 add
32 1 0.9991971850395203 605 2053 692 2087 density
32 1 0.9914217591285706 694 2055 827 2080 fluctuations
33 0 0.6273225545883179 1124 1948 1277 1980 loglUw/Uw(
33 0 0.9917467832565308 1276 1950 1305 1980 =
33 0 0.9196416735649109 1301 1946 1343 1982 0)]
33 0 0.8763017654418945 1342 1948 1368 1978 >
33 0 0.9987019300460815 1366 1946 1419 1980 0.5,
33 0 0.9985761642456055 1414 1948 1445 1978 to
33 0 0.9986553192138672 1444 1946 1570 1980 neglectthe
34 0 0.3542630970478058 1195 2003 1253 2037 fEmar
35 0 0.9999932050704956 894 2051 948 2085 The
35 0 0.9999092817306519 944 2053 991 2090 top
35 0 0.587773323059082 990 2053 1057 2087 panel
35 0 0.9991245865821838 1054 2048 1088 2087 in
35 0 0.7133662104606628 1087 2048 1203 2092 Figure2p
35 0 0.9999521970748901 1203 2055 1276 2083 shows
35 0 0.9947071671485901 1279 2053 1347 2090 P(log
35 0 0.9997656941413879 1345 2051 1382 2090 E)
35 0 0.9998894929885864 1381 2055 1447 2083 when
35 0 0.9743792414665222 1448 2053 1515 2087 An/n
35 0 0.9972098469734192 1515 2058 1540 2083 =
35 0 0.9513155221939087 1540 2053 1570 2085 0.
36 0 0.9983322024345398 111 2165 135 2197 4
