block line confidence X1 Y1 X2 Y2 token
0 0 0.999969482421875 161 194 250 221 Dataset
0 1 0.9675337672233582 159 226 347 258 GSW-BE-Novel
0 2 0.522320032119751 161 262 394 294 G5W-BE-Wikipedia
0 3 0.9936151504516602 161 294 347 326 GSW-VS-Radio
0 4 0.5578483939170837 161 328 394 360 GSW-ZH-Wikipedia
0 5 0.9362568855285645 161 363 339 388 GSW-BE-Bible
0 6 0.9852267503738403 161 395 347 420 GSW-Archimob
0 7 0.9088636636734009 161 429 381 454 GSW-ZH-Lexicon!
0 7 0.9998387098312378 428 429 492 456 1,527
0 8 0.5703036785125732 163 463 381 488 G5W-BE-Lexicon2
0 8 0.9964531660079956 426 459 495 493 1,224
1 0 0.8033067584037781 428 194 494 221 Train
1 0 0.9991891980171204 531 191 591 226 Dev.
1 0 0.9999372959136963 629 191 686 226 Test
1 0 0.7130686044692993 720 194 781 221 Total
1 1 0.9989591836929321 423 226 494 260 2,667
1 1 0.9999825954437256 537 226 591 260 218
1 1 0.9999924898147583 636 223 686 260 183
1 1 0.9998873472213745 713 226 781 260 3,251
1 2 0.9995811581611633 544 262 591 294 180
1 2 0.9997511506080627 647 258 686 294 67
1 2 0.9998742341995239 733 258 783 292 247
1 3 0.9999096393585205 444 292 495 326 463
1 3 0.9995213747024536 544 294 591 326 100
1 3 0.9995068311691284 647 290 688 326 50
1 3 0.9999551773071289 733 292 783 326 613
1 4 0.9999277591705322 552 324 591 360 45
1 4 0.9988353848457336 647 324 688 360 50
1 5 0.999224066734314 746 324 785 360 95
1 6 0.9899371862411499 636 358 686 392 126
1 6 0.999749481678009 734 358 785 392 126
1 7 0.999679446220398 411 395 492 422 40,159
1 7 0.998027503490448 520 392 589 427 2,710
1 7 0.9990146160125732 615 392 686 427 2,710
1 7 0.9992054104804993 696 392 783 427 45,579
1 8 0.9914449453353882 717 429 781 456 1,527
1 9 0.5065051317214966 715 459 783 493 1,224
2 0 0.9944363832473755 898 194 969 228 GSW
2 0 0.9966517090797424 967 198 1061 226 dialects,
2 0 0.998613715171814 1062 196 1106 226 but
2 0 0.9999871253967285 1104 196 1143 226 the
2 0 0.9859995245933533 1141 196 1198 232 only
2 0 0.9980977177619934 1196 194 1313 228 electronic
2 0 0.9999417066574097 1311 194 1398 228 version
2 0 0.9562891125679016 1400 196 1502 223 available
2 1 0.9034035801887512 896 230 962 264 tous
2 1 0.9996591806411743 959 235 1022 260 were
2 1 0.9850196838378906 1020 228 1098 262 online
2 1 0.9895681738853455 1098 235 1195 262 excerpts
2 1 0.9745185375213623 1196 230 1227 262 in
2 1 0.9596702456474304 1227 230 1337 258 Bernese.
2 1 0.9993865489959717 1345 232 1453 260 However,
2 1 0.9989537000656128 1455 226 1503 262 this
2 2 0.9652345180511475 896 260 970 296 isnot
2 2 0.9974132180213928 969 264 1082 292 translated
2 2 0.9854655265808105 1085 264 1143 292 from
2 2 0.9998779296875 1145 262 1208 299 High
2 2 0.9132980704307556 1209 264 1301 292 German
2 2 0.9999492168426514 1305 262 1347 292 but
2 2 0.9906326532363892 1348 264 1408 292 from
2 2 0.9998897314071655 1406 264 1431 294 a
2 2 0.9646254777908325 1429 260 1502 294 Greek
2 3 0.9890012741088867 898 296 954 331 text,
2 3 0.9975952506065369 962 296 1032 324 hence
2 3 0.9987316727638245 1036 292 1082 328 the
2 3 0.5587930679321289 1087 296 1203 331 alignment
2 3 0.9993935823440552 1209 294 1266 328 with
2 3 0.9223845601081848 1269 299 1319 333 any
2 3 0.9999995231628418 1324 294 1356 326 of
2 3 0.9970355033874512 1358 292 1403 328 the
2 3 0.7473199963569641 1408 296 1500 324 German
2 4 0.9990744590759277 899 331 975 358 Bibles
2 4 0.9991390705108643 977 328 1004 360 is
2 4 0.8745898008346558 1003 328 1158 363 "problematic."""
2 4 0.9998656511306763 1162 328 1204 358 We
2 4 0.999691367149353 1206 331 1300 356 selected
2 4 0.9994027614593506 1301 328 1343 358 the
2 4 0.9781128764152527 1343 331 1502 365 contemporary
2 5 0.9993178844451904 898 360 961 395 Gute
2 5 0.9997735619544983 964 363 1078 390 Nachricht
2 5 0.9934751391410828 1083 363 1148 390 Bibel
2 5 0.9692939519882202 1151 360 1232 397 (1997)
2 5 0.9987484216690063 1235 363 1276 392 for
2 5 0.9999102354049683 1276 363 1311 392 its
2 5 0.9999605417251587 1314 365 1403 390 modern
2 5 0.997413694858551 1410 363 1500 390 vocabu-
2 6 0.9970467686653137 898 395 954 431 lary,
2 6 0.9913209080696106 957 395 1007 429 and
2 6 0.7667074203491211 1014 399 1124 427 generated
2 6 0.9369339942932129 1130 397 1219 431 parallel
2 6 0.9918467998504639 1224 397 1277 424 data
2 6 0.9784935712814331 1282 397 1342 424 from
2 6 0.9999604225158691 1347 395 1403 429 four
2 6 0.9956167936325073 1405 397 1503 431 excerpts
2 7 0.9998168349266052 898 429 931 459 of
2 7 0.9995760321617126 933 429 973 459 the
2 7 0.9928955435752869 977 427 1030 461 Old
2 7 0.9970297813415527 1030 427 1082 461 and
2 7 0.9956225752830505 1083 427 1145 461 New
2 7 0.9720063209533691 1148 429 1274 463 Testament,
2 7 0.999883770942688 1280 427 1348 461 while
2 7 0.702817976474762 1353 429 1500 463 acknowledg-
2 8 0.9590051770210266 898 461 943 497 ing
2 8 0.9999608993530273 943 463 999 491 their
2 8 0.9988909363746643 1004 465 1114 493 particular
2 8 0.6407844424247742 1116 461 1175 497 style
2 8 0.999646782875061 1177 463 1222 491 and
2 8 0.9531774520874023 1225 463 1356 495 vocabulary.
2 8 0.9999051094055176 1361 459 1416 493 The
2 8 0.9882644414901733 1418 463 1500 491 follow-
2 9 0.9982909560203552 898 493 943 532 ing
2 9 0.9996274709701538 943 497 1041 532 excerpts
2 9 0.971758246421814 1045 500 1106 525 were
2 9 0.8746605515480042 1109 495 1201 529 aligned:
2 9 0.9995182752609253 1209 491 1261 527 Use
2 9 0.9994415640830994 1264 495 1342 529 Vatter,
2 9 0.989055871963501 1343 495 1372 525 D
2 9 0.9717755913734436 1377 495 1500 523 Wienachts-
2 10 0.507361650466919 901 532 1001 559 gschicht,
2 10 0.9999260902404785 1011 529 1062 557 Der
2 10 0.7073198556900024 1067 529 1201 561 barmhàrzig
2 10 0.9995185136795044 1206 527 1355 559 Samaritaner
2 10 0.9999159574508667 1356 525 1408 559 and
2 10 0.699902355670929 1411 527 1440 559 D.
2 10 0.9676473140716553 1444 525 1505 559 Walt
2 11 0.9997276663780212 898 653 972 687 Swiss
2 11 0.994657576084137 978 657 1070 682 German
2 11 0.609613835811615 1078 655 1211 687 (Samardzic
2 11 0.9999474287033081 1216 655 1246 685 et
2 11 0.8096275925636292 1248 653 1292 689 al.,
2 11 0.9995760321617126 1297 655 1376 689 2016),
2 11 0.982384204864502 1384 655 1502 689 consisting
2 12 0.9743608832359314 896 685 936 721 of
2 12 0.9711316227912903 931 689 1087 721 transcriptions
2 12 0.9965634942054749 1088 687 1122 717 of
2 12 0.9202199578285217 1117 687 1266 719 interviewees
2 12 0.9973581433296204 1267 689 1371 724 speaking
2 12 0.9999161958694458 1374 689 1444 717 Swiss
2 12 0.9996912479400635 1447 689 1502 717 Ger-
2 13 0.9788923263549805 899 726 961 753 man,
2 13 0.9997000694274902 964 719 1024 753 with
2 13 0.9989829659461975 1024 724 1048 753 a
2 13 0.9879371523857117 1049 721 1177 756 word-align
2 13 0.998814582824707 1180 719 1311 751 normalized
2 13 0.9981902241706848 1318 724 1403 749 version
2 13 0.999935507774353 1406 719 1437 751 in
2 13 0.9998931884765625 1440 719 1503 756 High
2 14 0.6828265190124512 899 751 1014 785 German.8
2 14 0.9999871253967285 1014 751 1067 788 The
2 14 0.9875357747077942 1069 756 1187 783 interviews
2 14 0.7554613351821899 1190 756 1264 783 record
2 14 0.9939846396446228 1269 756 1381 783 memories
2 14 0.9999982118606567 1384 753 1416 785 of
2 14 0.9815861582756042 1414 753 1503 788 WWII,
2 15 0.9497875571250916 898 785 948 820 and
2 15 0.9999289512634277 948 788 982 817 all
2 15 0.9994081258773804 983 792 1048 817 areas
2 15 0.999800980091095 1048 788 1082 817 of
2 15 0.9664839506149292 1082 790 1217 815 Switzerland
2 15 0.9984887838363647 1221 792 1263 820 are
2 15 0.9393056631088257 1264 790 1403 822 represented.
2 15 0.9999761581420898 1410 788 1440 820 In
2 15 0.9996685981750488 1444 790 1502 817 most
2 16 0.9924899935722351 899 826 970 854 cases,
2 16 0.9999747276306152 977 822 1017 851 the
2 16 0.98381108045578 1024 824 1180 849 normalization
2 16 0.999944806098938 1187 822 1287 856 provides
2 16 0.9999700784683228 1293 822 1334 851 the
2 16 0.9941033720970154 1339 822 1502 856 corresponding
2 17 0.9998973608016968 899 854 962 888 High
2 17 0.997938334941864 967 856 1059 881 German
2 17 0.998710036277771 1066 856 1129 883 word
2 17 0.9997571110725403 1130 856 1164 886 or
2 17 0.9991785883903503 1166 856 1238 890 group
2 17 0.999995231628418 1242 851 1277 886 of
2 17 0.9986750483512878 1276 854 1355 888 words,
2 17 0.9888870120048523 1361 854 1403 883 but
2 17 0.9999078512191772 1405 854 1437 886 in
2 17 0.999907374382019 1437 851 1503 886 other
2 18 0.9958871006965637 899 890 965 918 cases
2 18 0.9985272884368896 965 886 991 918 it
2 18 0.9985039234161377 990 886 1017 918 is
2 18 0.997312068939209 1017 888 1088 915 Swiss
2 18 0.9018964171409607 1091 888 1185 915 German
2 18 0.9997289776802063 1187 883 1245 918 with
2 18 0.9982916712760925 1243 890 1267 920 a
2 18 0.9998582601547241 1267 886 1413 918 standardized
2 18 0.9989809393882751 1414 888 1502 922 orthog-
2 19 0.9992356300354004 899 922 969 957 raphy
2 19 0.9997853636741638 972 922 1059 950 devised
2 19 0.9983078241348267 1061 920 1099 957 by
2 19 0.9999898672103882 1099 920 1140 950 the
2 19 0.9933145642280579 1143 925 1269 950 annotators.
2 19 0.9996936321258545 1279 920 1353 957 Using
2 19 0.9996768236160278 1351 922 1376 954 a
2 19 0.9934902191162109 1374 920 1502 954 vocabulary
2 20 0.9999521970748901 899 952 935 986 of
2 20 0.9993560910224915 931 952 993 989 High
2 20 0.9683029651641846 996 954 1096 982 German,
2 20 0.9998633861541748 1099 957 1141 984 we
2 20 0.7832184433937073 1143 954 1227 982 filtered
2 20 0.9945582151412964 1229 957 1272 984 out
2 20 0.9998446702957153 1274 952 1309 986 all
2 20 0.9994862079620361 1311 957 1423 984 sentences
2 20 0.9997261166572571 1426 954 1502 982 whose
2 21 0.9446732997894287 901 989 1069 1014 normalizations
2 21 0.9889659285545349 1077 989 1177 1014 included
2 21 0.9977642297744751 1185 989 1258 1016 words
2 21 0.5055740475654602 1264 989 1350 1016 outside
2 21 0.999943733215332 1355 984 1405 1018 this
2 21 0.9954479336738586 1410 989 1502 1016 vocabu-
2 22 0.9998133778572083 898 1021 954 1055 lary.
2 22 0.9994743466377258 967 1018 999 1050 In
2 22 0.9996507167816162 999 1018 1067 1053 other
2 22 0.9995130300521851 1070 1023 1148 1050 words,
2 22 0.999824583530426 1154 1023 1195 1050 we
2 22 0.9970026612281799 1198 1018 1253 1055 kept
2 22 0.9999688863754272 1256 1021 1313 1055 only
2 22 0.9725050926208496 1316 1021 1376 1055 truly
2 22 0.9981495141983032 1381 1018 1442 1055 High
2 22 0.9994813799858093 1445 1018 1503 1053 Ger-
2 23 0.998050332069397 899 1057 954 1084 man
2 23 0.9593327641487122 959 1057 1075 1084 sentences,
2 23 0.9995418787002563 1080 1053 1151 1089 along
2 23 0.9988099336624146 1151 1050 1211 1084 with
2 23 0.9997403025627136 1211 1050 1274 1084 their
2 23 0.999967098236084 1274 1053 1366 1087 original
2 23 0.999319314956665 1371 1055 1442 1082 Swiss
2 23 0.9989560842514038 1445 1050 1503 1084 Ger-
2 24 0.9965873956680298 899 1091 954 1119 man
2 24 0.9895328283309937 952 1089 1104 1123 counterparts,
2 24 0.9890796542167664 1106 1091 1206 1119 resulting
2 24 0.9987635612487793 1209 1087 1238 1119 in
2 24 0.9995817542076111 1238 1089 1306 1116 about
2 24 0.9484720230102539 1308 1089 1389 1116 45,000
2 24 0.9995855689048767 1390 1087 1502 1114 GSW/DE
2 25 0.997479259967804 901 1217 986 1244 parallel
2 25 0.9988998174667358 991 1217 1103 1242 resources
2 25 0.9992333650588989 1104 1217 1146 1244 are
2 25 0.995810866355896 1148 1215 1300 1247 vocabularies,
2 25 0.9944455027580261 1305 1215 1345 1244 i.e.
2 25 0.8156091570854187 1347 1210 1402 1244 lists
2 25 0.9992969036102295 1402 1212 1435 1242 of
2 25 0.9347087144851685 1435 1215 1502 1242 GSW
2 26 0.9992628693580627 901 1247 972 1274 words
2 26 0.9996191263198853 977 1244 1035 1279 with
2 26 0.9917763471603394 1038 1247 1096 1274 their
2 26 0.9982470273971558 1101 1247 1145 1276 DE
2 26 0.9470859169960022 1148 1249 1276 1274 translation.
2 26 0.9756522178649902 1292 1247 1332 1276 As
2 26 0.9984617233276367 1334 1244 1398 1279 such,
2 26 0.9996309280395508 1403 1244 1460 1281 they
2 26 0.9989134073257446 1461 1249 1502 1276 are
2 27 0.9650710821151733 901 1281 972 1308 useful
2 27 0.9999974966049194 975 1276 1019 1313 for
2 27 0.9967213273048401 1020 1281 1112 1315 training
2 27 0.9997989535331726 1116 1285 1162 1311 our
2 27 0.9991099238395691 1164 1281 1263 1308 research
2 27 0.7091220021247864 1267 1281 1368 1315 systems,
2 27 0.9965799450874329 1372 1281 1414 1311 but
2 27 0.9996469020843506 1418 1283 1461 1311 not
2 27 0.9999885559082031 1461 1276 1505 1313 for
2 28 0.8353406190872192 899 1313 980 1349 testing
2 28 0.9977612495422363 985 1315 1051 1343 them.
2 28 0.9997255206108093 1067 1311 1120 1345 The
2 28 0.9722543954849243 1122 1311 1177 1345 first
2 28 0.9985966086387634 1179 1317 1225 1343 one
2 28 0.996232807636261 1229 1313 1258 1345 is
2 28 0.9986422657966614 1259 1311 1330 1345 based
2 28 0.9997476935386658 1334 1317 1371 1345 on
2 28 0.9997811913490295 1372 1311 1426 1345 Hoi
2 28 0.4964871406555176 1427 1315 1502 1343 Zime,
2 29 0.9994557499885559 896 1347 922 1379 a
2 29 0.9889312982559204 920 1347 1006 1375 manual
2 29 0.9999370574951172 1009 1345 1043 1375 of
2 29 0.9910600781440735 1043 1347 1122 1375 Zurich
2 29 0.9999548196792603 1125 1347 1195 1375 Swiss
2 29 0.7143222093582153 1198 1347 1292 1375 German
2 29 0.9775292873382568 1297 1347 1397 1375 intended
2 29 0.9997580647468567 1398 1343 1442 1379 for
2 29 0.9996554851531982 1442 1345 1503 1381 High
2 30 0.9689316153526306 901 1379 993 1407 German
2 30 0.9996767044067383 998 1379 1103 1413 speakers.
2 30 0.9999929666519165 1104 1377 1158 1411 The
2 30 0.9991655349731445 1156 1377 1211 1411 data
2 30 0.999369204044342 1209 1384 1259 1409 was
2 30 0.9991914629936218 1261 1379 1361 1407 obtained
2 30 0.9996390342712402 1361 1377 1398 1416 by
2 30 0.9987117052078247 1398 1379 1502 1413 scanning
2 31 0.9999879598617554 899 1413 940 1443 the
2 31 0.9999392032623291 943 1413 1027 1448 printed
2 31 0.997734785079956 1033 1416 1124 1443 version,
2 31 0.8616987466812134 1132 1413 1261 1448 performing
2 31 0.8062387704849243 1264 1409 1339 1443 OCR9
2 31 0.9945822358131409 1342 1409 1392 1445 and
2 31 0.9551729559898376 1392 1413 1502 1448 manually
2 32 0.8482794165611267 898 1443 998 1484 aligning
2 32 0.9997761845588684 998 1443 1041 1480 the
2 32 0.9961870312690735 1043 1448 1117 1475 result.
2 32 0.9997294545173645 1130 1445 1237 1480 Although
2 32 0.9999414682388306 1240 1443 1284 1480 the
2 32 0.9975007176399231 1285 1448 1345 1475 book
2 32 0.8993149995803833 1350 1448 1447 1475 contains
2 32 0.9997071623802185 1452 1448 1502 1475 also
2 33 0.9999140501022339 899 1480 988 1514 parallel
2 33 0.982210636138916 991 1480 1112 1514 sentences,
2 33 0.9999659061431885 1117 1480 1174 1514 only
2 33 0.9999673366546631 1177 1480 1217 1509 the
2 33 0.9732677340507507 1222 1480 1326 1514 bilingual
2 33 0.9882312417030334 1330 1480 1448 1514 dictionary
2 33 0.9350908994674683 1452 1482 1503 1509 was
2 34 0.9969949722290039 901 1514 957 1541 used
2 34 0.9988977909088135 957 1512 986 1544 in
2 34 0.9962790608406067 986 1516 1033 1541 our
2 34 0.9904987215995789 1033 1512 1106 1548 study,
2 34 0.9984760880470276 1108 1512 1209 1546 resulting
2 34 0.9998273849487305 1211 1512 1242 1544 in
2 34 0.99991774559021 1245 1514 1311 1541 1,527
2 34 0.9989035129547119 1314 1514 1385 1541 words
2 34 0.9997711777687073 1387 1509 1444 1544 with
2 34 0.9998242259025574 1444 1509 1503 1544 their
2 35 0.9380431771278381 899 1544 1040 1576 translations.
2 35 0.9998869895935059 1045 1544 1074 1576 A
2 35 0.9895750880241394 1075 1546 1158 1573 similar
2 35 0.9974791407585144 1161 1546 1279 1580 dictionary
2 35 0.9975851774215698 1280 1546 1321 1576 for
2 35 0.992222249507904 1322 1546 1416 1573 Bernese
2 35 0.9938507080078125 1419 1544 1502 1578 (GSW-
2 36 0.9993957281112671 898 1576 944 1612 BE
2 36 0.8995445966720581 943 1582 980 1610 VS.
2 36 0.9995167255401611 983 1578 1036 1612 DE)
2 36 0.998863697052002 1036 1582 1087 1610 was
2 36 0.9993346333503723 1090 1580 1159 1608 found
2 36 0.7674850821495056 1161 1576 1258 1610 onlinel0
2 36 0.999762237071991 1259 1580 1316 1608 with
2 36 0.9995716214179993 1321 1578 1387 1612 1,224
2 36 0.9998431205749512 1389 1580 1461 1608 words
2 36 0.9994682669639587 1463 1576 1505 1612 for
2 37 0.8873010277748108 899 1610 973 1644 which
2 37 0.9999436140060425 975 1619 1012 1640 we
2 37 0.9997637867927551 1014 1612 1108 1640 checked
2 37 0.9988001585006714 1109 1610 1159 1644 and
2 37 0.9677336812019348 1158 1612 1266 1640 corrected
2 37 0.9999915361404419 1267 1612 1308 1642 the
2 37 0.7922207117080688 1309 1612 1440 1646 alignments.
3 0 0.9995262622833252 142 518 209 552 Table
3 0 0.9994463324546814 214 520 242 550 1:
3 0 0.9998788833618164 269 520 381 548 GSW/DE
3 0 0.9996346235275269 387 520 474 555 parallel
3 0 0.9997099041938782 481 523 573 548 datasets
3 0 0.7930679321289062 579 520 704 555 partitioned
3 0 0.9999951124191284 707 516 751 552 for
3 0 0.9998087286949158 751 518 804 552 MT
3 1 0.9975478053092957 143 555 240 589 training,
3 1 0.9551704525947571 243 552 321 589 tuning
3 1 0.9997187256813049 323 555 371 582 and
3 1 0.9976563453674316 373 555 458 589 testing,
3 1 0.9999288320541382 463 555 518 582 with
3 1 0.9998513460159302 521 555 581 582 sizes
3 1 0.9997943043708801 583 552 613 584 in
3 1 0.9944222569465637 615 555 715 582 numbers
3 1 0.9999994039535522 717 552 752 587 of
3 1 0.9908953905105591 749 555 802 591 par-
3 2 0.9991697072982788 140 584 197 619 allel
3 2 0.9802323579788208 197 589 313 616 sentences.
3 2 0.9999804496765137 316 584 369 619 The
3 2 0.5656821131706238 371 589 466 616 lexicons
3 2 0.9979366064071655 468 587 523 621 (last
3 2 0.9998109936714172 523 589 571 616 two
3 2 0.9984135627746582 571 587 639 621 lines)
3 2 0.9998235106468201 641 591 701 616 were
3 2 0.9757189154624939 701 589 744 619 not
3 2 0.9976673126220703 744 589 801 616 used
4 0 0.9726143479347229 899 564 957 591 wird
4 0 0.996315062046051 959 566 1067 593 erschaffe.
5 0 0.9999845027923584 142 621 182 650 for
5 0 0.9988892674446106 182 621 269 655 testing,
5 0 0.6484327912330627 269 619 319 653 and
5 0 0.9997352957725525 323 621 369 653 183
5 0 0.9882413744926453 371 621 484 648 additional
5 0 0.9874283671379089 489 621 547 648 lines
5 0 0.9921644926071167 550 621 608 648 from
5 0 0.8480221629142761 612 619 801 650 GSW_BE_Novel
5 0 0.9759507179260254 844 621 1048 653 GSW-Archimob.
5 0 0.9998113512992859 1057 623 1174 650 Archimob
5 0 0.997021496295929 1179 621 1208 653 is
5 0 0.9961320161819458 1208 625 1234 655 a
5 0 0.9988211989402771 1235 628 1314 655 corpus
5 0 0.9996059536933899 1319 621 1355 655 of
5 0 0.9387195110321045 1356 621 1503 653 standardized
6 0 0.9950246214866638 140 655 184 685 are
6 0 0.9983475208282471 182 653 239 689 kept
6 0 0.9994650483131409 234 653 300 689 apart
6 0 0.8780998587608337 300 653 339 682 for
6 0 0.885778546333313 340 655 410 682 future
6 0 0.6749467253684998 411 653 497 687 testing.
7 0 0.999872088432312 198 737 281 765 written
7 0 0.9997847676277161 284 740 392 767 originally
7 0 0.9999047517776489 394 735 423 767 in
7 0 0.9983749389648438 423 737 489 765 GSW
7 0 0.9998177886009216 489 737 536 765 and
7 0 0.9999724626541138 536 737 587 765 then
7 0 0.998309850692749 589 737 702 765 translated
7 0 0.9709035754203796 699 733 752 769 into
7 0 0.9999262094497681 751 733 801 767 DE.
7 1 0.9377033710479736 197 769 287 804 Among
7 1 0.999988317489624 292 769 332 799 the
7 1 0.9994138479232788 337 769 434 804 growing
7 1 0.9996607303619385 440 769 503 804 body
7 1 0.9998512268066406 507 769 539 799 of
7 1 0.9987325072288513 544 769 647 797 literature
7 1 0.9983853101730347 654 769 767 804 published
7 1 0.9998713731765747 772 767 801 799 in
7 2 0.999840259552002 198 804 268 831 Swiss
7 2 0.6652588844299316 271 801 373 836 German,
7 2 0.9513991475105286 374 806 416 833 we
7 2 0.9982602000236511 418 804 487 831 found
7 2 0.9965001344680786 489 801 545 838 only
7 2 0.9999011754989624 545 806 594 833 one
7 2 0.932380735874176 597 804 684 831 volume
7 2 0.6984700560569763 688 804 801 831 translated
7 3 0.9987439513206482 195 833 248 867 into
7 3 0.9806908369064331 251 836 313 872 High
7 3 0.568378746509552 319 838 411 865 German
7 3 0.7041550874710083 416 833 466 867 and
7 3 0.9982825517654419 470 838 573 863 available
7 3 0.9995571970939636 578 836 608 865 in
7 3 0.5025792717933655 612 838 726 863 electronic
7 3 0.9994605183601379 733 838 799 865 form:
7 4 0.9999492168426514 195 867 251 902 Der
7 4 0.9992375373840332 250 870 329 897 Goalie
7 4 0.9998965263366699 329 870 371 899 bin
7 4 0.999714195728302 371 870 400 904 ig
7 4 0.9353846311569214 398 867 440 904 (in
7 4 0.9970593452453613 440 870 536 904 English:
7 4 0.992241621017456 537 867 558 902 I
7 4 0.9967724680900574 554 872 597 899 am
7 4 0.9998675584793091 596 870 638 899 the
7 4 0.997958779335022 639 870 738 904 Keeper),
7 4 0.9994943141937256 738 867 801 902 writ-
7 5 0.99437016248703 197 904 239 931 ten
7 5 0.9941813349723816 235 902 266 934 in
7 5 0.9965313076972961 266 904 358 931 Bernese
7 5 0.9994078874588013 356 899 394 938 by
7 5 0.9999344348907471 394 904 461 931 Pedro
7 5 0.9998059868812561 461 899 524 934 Lenz
7 5 0.999664306640625 521 902 552 934 in
7 5 0.99988853931427 550 904 617 931 2010.
7 5 0.9999549388885498 618 899 671 934 The
7 5 0.998426079750061 670 902 713 931 DE
7 5 0.9903366565704346 712 904 799 931 transla-
7 6 0.9983370304107666 195 934 248 968 tion
7 6 0.9995904564857483 247 936 310 970 stays
7 6 0.993753969669342 308 936 371 963 close
7 6 0.9980676770210266 369 936 400 966 to
7 6 0.9961712956428528 398 936 439 966 the
7 6 0.9998001456260681 437 936 529 970 original
7 6 0.9924377799034119 533 936 641 963 GSW-BE
7 6 0.9994414448738098 641 938 694 966 text,
7 6 0.9994210004806519 696 936 799 963 therefore
7 7 0.884872317314148 197 968 361 1000 sentence-level
7 7 0.9577473402023315 366 973 479 1000 alignment
7 7 0.9994388222694397 484 973 534 1000 was
7 7 0.9982954859733582 537 970 718 1002 straightforward,
7 7 0.9991573095321655 723 970 799 998 result-
7 8 0.8448598980903625 195 1000 240 1039 ing
7 8 0.9999253749847412 240 1002 271 1032 in
7 8 0.9998118281364441 271 1000 339 1034 3,251
7 8 0.9999493360519409 344 1002 403 1037 pairs
7 8 0.9999674558639526 405 1002 439 1032 of
7 8 0.993553876876831 439 1005 550 1030 sentences
7 8 0.9997338652610779 552 1000 610 1034 with
7 8 0.9998656511306763 612 1000 694 1034 37,240
7 8 0.9993894100189209 697 1002 770 1030 words
7 8 0.9999520778656006 772 1002 801 1032 in
7 9 0.9963527917861938 198 1037 306 1064 GSW-BE
7 9 0.9988295435905457 310 1034 356 1066 and
7 9 0.9998708963394165 356 1037 436 1064 37,725
7 9 0.9998594522476196 439 1037 512 1064 words
7 9 0.999818742275238 512 1034 541 1066 in
7 9 0.9995831847190857 539 1032 592 1066 DE.
7 10 0.5911277532577515 145 1089 387 1121 65W-BE-Wikpedia
7 10 0.9998899698257446 395 1084 445 1119 and
7 10 0.6141912937164307 458 1087 712 1119 GSW-ZH-Wikipedia.
7 10 0.999988317489624 749 1084 802 1119 The
7 11 0.9964912533760071 198 1123 324 1148 Alemannic
7 11 0.9994553923606873 331 1123 418 1148 version
7 11 0.9999668598175049 423 1119 458 1153 of
7 11 0.6107085943222046 460 1121 587 1155 Wikipedia-
7 11 0.9996628761291504 597 1126 701 1153 appeared
7 11 0.9947841763496399 709 1121 801 1155 initially
7 12 0.9901931285858154 193 1155 258 1190 asa
7 12 0.9991003274917603 253 1155 371 1190 promising
7 12 0.9961168766021729 376 1158 455 1185 source
7 12 0.9998830556869507 457 1153 491 1183 of
7 12 0.9991939663887024 491 1155 549 1183 data.
7 12 0.9963374137878418 562 1153 673 1187 However,
7 12 0.756233811378479 675 1151 713 1187 its
7 12 0.9993072748184204 715 1155 799 1183 articles
7 13 0.9998263716697693 197 1222 263 1249 other
7 13 0.8958607316017151 268 1222 394 1247 Alemannic
7 13 0.9993440508842468 400 1222 489 1249 dialects
7 13 0.9998514652252197 495 1222 552 1249 such
7 13 0.999881386756897 557 1224 589 1251 as
7 13 0.9997504353523254 592 1219 697 1254 Alsatian,
7 13 0.9995710253715515 707 1222 799 1247 Badisch
7 14 0.9998003840446472 195 1251 245 1285 and
7 14 0.9511933922767639 248 1254 353 1281 Swabian.
7 14 0.9992353916168213 368 1254 407 1283 As
7 14 0.9989250302314758 410 1254 444 1283 its
7 14 0.9938402771949768 447 1256 586 1281 contributors
7 14 0.995212197303772 591 1260 629 1281 are
7 14 0.9408732652664185 634 1254 768 1288 encouraged
7 14 0.9994007349014282 772 1254 802 1285 to
7 15 0.999954342842102 197 1288 260 1315 write
7 15 0.9998881816864014 261 1285 290 1317 in
7 15 0.9963149428367615 290 1288 348 1315 their
7 15 0.9932928085327148 348 1292 403 1317 own
7 15 0.9841597676277161 405 1290 499 1317 dialects,
7 15 0.9996321201324463 502 1285 560 1322 only
7 15 0.9998058676719666 557 1288 581 1320 a
7 15 0.9872869253158569 578 1285 629 1320 few
7 15 0.9870233535766602 629 1288 713 1315 articles
7 15 0.9982642531394958 715 1290 757 1317 are
7 15 0.998744010925293 757 1288 801 1317 ho-
7 16 0.9974386692047119 197 1324 331 1356 mogeneous
7 16 0.7525056600570679 331 1320 377 1352 and
7 16 0.9996496438980103 376 1317 436 1352 have
7 16 0.9992526173591614 434 1322 468 1352 an
7 16 0.792414665222168 468 1320 558 1354 explicit
7 16 0.8831811547279358 560 1320 673 1347 indication
7 16 0.9998929500579834 675 1320 707 1349 of
7 16 0.999969482421875 705 1317 765 1352 their
7 16 0.9996253252029419 764 1320 801 1349 di-
7 17 0.9993287324905396 197 1352 263 1386 alect,
7 17 0.9989368319511414 264 1354 334 1388 using
7 17 0.9996446371078491 334 1356 368 1384 an
7 17 0.9997634291648865 371 1354 463 1381 Infobox
7 17 0.9949392080307007 466 1354 523 1381 with
7 17 0.9891770482063293 524 1359 571 1384 one
7 17 0.9999642372131348 573 1352 607 1381 of
7 17 0.9995797276496887 604 1349 649 1386 the
7 17 0.9983000159263611 646 1349 689 1386 six
7 17 0.9989402890205383 691 1354 760 1381 labels
7 17 0.9988597631454468 762 1352 801 1381 in-
7 18 0.9942629933357239 198 1386 282 1413 dicated
7 18 0.9972741007804871 285 1388 363 1416 above.
7 18 0.9902770519256592 371 1386 461 1420 Among
7 18 0.9997156262397766 463 1386 533 1420 them,
7 18 0.9969841837882996 534 1391 592 1416 even
7 18 0.9953739047050476 596 1386 663 1413 fewer
7 18 0.9995149374008179 663 1384 723 1418 have
7 18 0.9944672584533691 723 1391 759 1418 an
7 18 0.9986245632171631 757 1391 802 1416 ex-
7 19 0.9966354966163635 197 1418 261 1455 plicit
7 19 0.9841459393501282 264 1423 376 1448 statement
7 19 0.94988614320755 381 1420 497 1455 indicating
7 19 0.9999514818191528 499 1416 550 1452 that
7 19 0.9994261264801025 550 1418 605 1455 they
7 19 0.9996362924575806 608 1420 667 1448 have
7 19 0.999634861946106 668 1420 728 1448 been
7 19 0.9795463681221008 731 1423 801 1450 trans-
7 20 0.6776883602142334 195 1450 258 1484 lated
7 20 0.9998376369476318 258 1450 319 1484 from
7 20 0.9618893265724182 319 1452 382 1487 High
7 20 0.9650809168815613 384 1455 478 1482 German
7 20 0.997570812702179 479 1452 563 1487 (which
7 20 0.9983317255973816 565 1455 639 1482 would
7 20 0.9976255297660828 641 1455 705 1482 make
7 20 0.999990701675415 707 1452 747 1482 the
7 20 0.9996691942214966 747 1457 801 1484 use-
7 21 0.9999090433120728 195 1482 237 1518 ful
7 21 0.9997797608375549 237 1489 271 1518 as
7 21 0.9985582232475281 272 1487 363 1521 parallel
7 21 0.910628616809845 366 1487 440 1521 texts).
7 21 0.9999226331710815 453 1482 500 1518 We
7 21 0.9909475445747375 503 1487 612 1514 identified
7 21 0.9993865489959717 617 1489 667 1516 two
7 21 0.9986433386802673 668 1484 728 1518 such
7 21 0.9992639422416687 731 1489 802 1523 pages
7 22 0.999790608882904 195 1516 245 1550 and
7 22 0.6114509701728821 245 1521 434 1553 sentence-aligned
7 22 0.8816632628440857 436 1521 497 1548 them
7 22 0.999921441078186 495 1521 526 1550 to
7 22 0.9939423203468323 524 1523 589 1548 serve
7 22 0.9983021020889282 587 1523 620 1550 as
7 22 0.9995170831680298 617 1521 662 1548 test
7 22 0.9997966885566711 662 1521 720 1548 data:
7 22 0.8604398369789124 725 1521 801 1548 """Hans"
7 23 0.9997112154960632 197 1553 281 1580 Martin
7 23 0.6529395580291748 285 1555 439 1580 "Sutermeister"""
7 23 0.9968756437301636 445 1553 558 1580 translated
7 23 0.998902440071106 565 1553 623 1580 from
7 23 0.999950647354126 625 1548 671 1585 DE
7 23 0.9472033381462097 671 1550 723 1585 into
7 23 0.9996668100357056 726 1553 801 1580 GSW-
7 24 0.9989355206489563 197 1585 240 1614 BE
7 24 0.9994114637374878 240 1585 287 1617 and
7 24 0.6215524077415466 287 1587 437 1612 """Wadenswil"""
7 24 0.9989446997642517 439 1582 500 1617 from
7 24 0.9999555349349976 500 1585 544 1614 DE
7 24 0.9642305374145508 542 1582 596 1617 into
7 24 0.7928372621536255 594 1582 723 1614 GSW-ZH.3
7 25 0.7723425626754761 145 1640 340 1665 GSW-VS-Radio.
7 25 0.9999327659606934 350 1637 377 1669 A
7 25 0.6108062863349915 381 1640 445 1667 small
7 25 0.9781104922294617 450 1644 529 1672 corpus
7 25 0.9999735355377197 533 1637 565 1667 of
7 25 0.8883734941482544 568 1640 665 1665 Valaisan
7 25 0.9997780919075012 670 1640 741 1667 Swiss
7 25 0.9990166425704956 744 1640 801 1667 Ger-
7 26 0.9727431535720825 197 1674 251 1701 man
7 26 0.9997326731681824 251 1669 314 1703 (also
7 26 0.9642255306243896 314 1672 386 1699 called
7 26 0.6472699642181396 390 1672 562 1703 Walisertitsch)
7 26 0.9990324974060059 562 1672 605 1701 has
7 26 0.9954621195793152 608 1672 665 1699 been
7 26 0.9969507455825806 668 1672 772 1699 collected
7 26 0.9996463060379028 773 1672 802 1701 at
8 0 0.9910513162612915 899 1121 1053 1153 word-aligned
8 0 0.9949586987495422 1054 1123 1154 1148 sentence
8 0 0.9978221654891968 1154 1121 1222 1155 pairs.
9 0 0.9966049194335938 195 1190 240 1217 are
9 0 0.9971880316734314 245 1190 327 1215 written
9 0 0.9999244213104248 334 1190 379 1217 not
9 0 0.9999594688415527 382 1187 439 1222 only
9 0 0.9998711347579956 444 1187 474 1219 in
9 0 0.645976185798645 479 1185 552 1219 Swiss
9 0 0.9828855991363525 558 1190 659 1217 German,
9 0 0.9999877214431763 667 1187 710 1217 but
9 0 0.7939271330833435 713 1185 768 1219 also
9 0 0.9998457431793213 772 1185 802 1217 in
9 0 0.38196542859077454 846 1183 1064 1208 GSW-ZH-Lexicon
9 0 0.9999006986618042 1070 1178 1120 1212 and
9 0 0.9270945191383362 1124 1183 1345 1208 GSW-BE-Lexicon.
9 0 0.9999784231185913 1353 1178 1408 1212 The
9 0 0.9924672245979309 1408 1180 1455 1212 last
9 0 0.9995238780975342 1455 1183 1502 1210 two
10 0 0.9999620914459229 197 1703 237 1733 the
10 0 0.9998791217803955 237 1703 300 1740 Idiap
10 0 0.9999370574951172 302 1706 407 1733 Research
10 0 0.9473493695259094 410 1706 502 1733 Institute
10 0 0.8204512000083923 507 1706 596 1733 (Garner
10 0 0.9995468258857727 594 1706 625 1735 et
10 0 0.955265998840332 620 1701 662 1738 al.,
10 0 0.9536316990852356 659 1701 749 1735 2014).4
10 0 0.9997090697288513 749 1701 802 1735 The
10 0 0.9997784495353699 843 1701 898 1735 2.3.
10 0 0.9246593713760376 922 1706 1090 1738 Monolingual
10 0 0.9961621761322021 1095 1703 1232 1735 Resources
11 0 0.9983136653900146 198 1742 276 1770 corpus
11 0 0.9972420930862427 277 1738 369 1765 consists
11 0 0.9999998807907104 369 1738 402 1767 of
11 0 0.9906037449836731 398 1738 554 1770 transcriptions
11 0 0.5757821202278137 554 1735 605 1772 ofal
11 0 0.8876703977584839 602 1738 660 1765 local
11 0 0.6212025880813599 660 1738 722 1765 radio
11 0 0.9998923540115356 723 1738 799 1765 broad-
11 0 0.9999938011169434 841 1745 896 1779 The
11 0 0.8599788546562195 901 1749 1009 1777 Phonolex
11 0 0.9812588095664978 1017 1751 1137 1779 dictionary,
11 0 0.9964507818222046 1145 1751 1169 1781 a
11 0 0.9940797090530396 1172 1749 1274 1783 phonetic
11 0 0.988591730594635 1282 1751 1397 1779 dictionary
11 0 0.9999972581863403 1405 1747 1440 1781 of
11 0 0.9991756081581116 1440 1747 1503 1783 High
11 1 0.6341615319252014 145 1825 334 1850 GSW-BE-Bible.
11 1 0.9999969005584717 340 1820 394 1854 The
11 1 0.9999548196792603 395 1825 460 1852 Bible
11 1 0.9996596574783325 463 1822 507 1852 has
11 1 0.9998704195022583 508 1825 568 1852 been
11 1 0.9973893761634827 571 1825 684 1852 translated
11 1 0.9998831748962402 686 1822 715 1854 in
11 1 0.9996039271354675 718 1825 799 1852 several
11 1 0.9948890805244446 844 1818 954 1843 converter
11 1 0.9995947480201721 956 1813 1009 1847 (see
11 1 0.9998586177825928 1012 1815 1099 1843 Section
11 1 0.9978269934654236 1101 1813 1127 1847 ).
11 1 0.9990324974060059 1135 1813 1162 1845 It
11 1 0.9988861680030823 1164 1815 1261 1843 contains
11 1 0.9946638345718384 1266 1813 1327 1850 High
11 1 0.9950555562973022 1332 1815 1426 1843 German
11 1 0.999863862991333 1429 1815 1502 1843 words
12 0 0.39319857954978943 195 1767 258 1802 cast'
12 0 0.9988952279090881 260 1772 371 1799 translated
12 0 0.783268392086029 371 1767 424 1804 into
12 0 0.8692705035209656 423 1770 486 1806 High
12 0 0.9198240637779236 487 1774 586 1799 German.
12 1 0.1494755744934082 179 1893 552 1927 Vels.altpedis.ong
13 0 0.2713030278682709 843 1772 969 1815 "German,"""
13 0 0.9976422190666199 965 1783 1015 1811 was
13 0 0.9969956874847412 1015 1779 1075 1813 used
13 0 0.9999557733535767 1074 1781 1112 1811 for
13 0 0.9734251499176025 1109 1781 1203 1815 training
13 0 0.9969111084938049 1203 1786 1248 1813 our
13 0 0.6458878517150879 1248 1781 1500 1815 grapheme-to-phoneme
14 0 0.9997503161430359 843 1845 901 1879 with
14 0 0.9999735355377197 901 1850 957 1877 their
14 0 0.993911623954773 959 1847 1059 1882 phonetic
14 0 0.9536762833595276 1061 1850 1222 1882 transcriptions.
15 0 0.9268587231636047 180 1925 253 1952 These
15 0 0.9967449903488159 256 1927 323 1962 pages
15 0 0.9966729879379272 324 1927 366 1957 are
15 0 0.999707043170929 368 1925 495 1959 respectively
15 0 0.9923366904258728 499 1927 594 1952 available
15 0 0.9997599720954895 597 1927 628 1957 at
15 0 0.9589250087738037 631 1925 796 1957 https://de.
15 1 0.9833564758300781 142 1957 285 1989 wikipedia.
15 1 0.2547156512737274 292 1957 791 1989 org/siki/Hona.Mersin.Suteraiser
15 2 0.9536357522010803 143 1987 208 2021 (High
15 2 0.9966155886650085 218 1989 318 2016 German),
15 2 0.33306196331977844 331 1987 797 2019 httpsi//als.wikipedia.org/wii
15 3 0.3775191903114319 143 2046 760 2080 wikipedia.org/wiKI/PBRAdenwil(HighGerman),
15 3 0.9998763799667358 757 2048 801 2076 and
15 4 0.9552996158599854 145 2080 224 2108 https
15 4 0.1804836392402649 218 2078 775 2110 /ls.wlipedis.org/I/PAdenasl
15 5 0.3863138258457184 176 2135 258 2169 4www.i
15 5 0.19001980125904083 247 2140 730 2172 idiap-eh/Aaraset/sat/walliserdeutsch
15 6 0.5844007134437561 179 2169 251 2197 Radio
15 6 0.9114209413528442 251 2169 321 2204 Rottu,
15 6 0.3435957431793213 323 2174 586 2199 AEEP://WMA.EPO.CN.
16 0 0.31914225220680237 880 1923 1477 1955 www.edimuster.ah/Daernduetsch/bibel.htm
16 1 0.2887622117996216 891 1952 1469 1987 .dietilel.debibelssela/enlas-bibeln,
16 2 0.17332474887371063 881 1984 1458 2019 htb/Pspur.A.a.deacepattients,
16 3 0.7610224485397339 880 2048 991 2076 Tesseract:
16 3 0.9791338443756104 996 2048 1219 2080 https://github.
16 3 0.4657347798347473 1208 2046 1494 2078 com/tesserast-oer/
16 4 0.9994702935218811 886 2076 988 2110 www.edi
16 4 0.21325166523456573 980 2078 1343 2110 sstat.aasemaetae
16 5 0.7156522274017334 886 2140 943 2167 www.
16 5 0.6144598126411438 936 2140 1195 2172 bas-uni-muenchen
16 5 0.6681643128395081 1203 2140 1460 2172 de/forschung/Bas/
16 6 0.27141979336738586 844 2172 1140 2204 PsPlcoiFXeng.hem,
16 6 0.999956488609314 1141 2169 1180 2199 We
16 6 0.9997437596321106 1180 2172 1229 2199 also
16 6 0.9895244240760803 1227 2174 1269 2201 use
16 6 0.9829345345497131 1264 2169 1290 2201 it
16 6 0.9319966435432434 1285 2172 1316 2201 to
16 6 0.9997647404670715 1313 2169 1360 2201 find
16 6 0.8739631175994873 1356 2167 1419 2201 OOV
16 6 0.9967185854911804 1416 2172 1487 2199 words.
17 0 0.6977283358573914 143 2021 508 2046 Hans.Martin_Sutermeister
17 0 0.9940713047981262 512 2019 623 2046 (Bernese),
17 0 0.9226622581481934 628 2016 796 2048 https://de.
17 0 0.12158531695604324 851 2016 1196 2051 OpMAIRtArcNaE.NEN.
18 0 0.9994786381721497 143 2110 222 2137 (Zurich
18 0 0.999678373336792 222 2110 289 2137 Swiss
18 0 0.5195252895355225 289 2110 387 2137 German).
19 0 0.6212474703788757 843 2108 1075 2140 woerterbuechli.
19 0 0.9991121888160706 1064 2110 1120 2137 htm
