block line confidence X1 Y1 X2 Y2 token
0 0 0.9253429770469666 197 180 266 216 Angli
0 0 0.7233007550239563 281 180 334 214 Liu,
0 0 0.9969990253448486 353 182 447 216 Stephen
0 0 0.9991206526756287 465 180 589 214 Soderland,
0 0 0.9998390674591064 608 182 712 210 Jonathan
0 0 0.9989784955978394 730 180 809 216 Bragg,
0 1 0.7598332762718201 229 212 365 246 Christopher
0 1 0.9994650483131409 366 210 395 244 H
0 1 0.9998780488967896 395 210 449 246 Lin,
0 1 0.8823603987693787 449 210 513 244 Xiao
0 1 0.9999701976776123 513 212 579 246 Ling,
0 1 0.9937512278556824 583 212 629 244 and
0 1 0.9998020529747009 631 210 712 244 Daniel
0 1 0.985190212726593 712 210 738 244 S
0 1 0.9997500777244568 738 210 810 244 Weld.
0 2 0.9981603026390076 227 244 295 271 2016.
0 2 0.9995608925819397 313 244 418 271 Effective
0 2 0.9994475245475769 423 244 499 271 crowd
0 2 0.9975584745407104 502 244 625 271 annotation
0 2 0.9999774694442749 629 242 670 271 for
0 2 0.6879556179046631 673 244 764 271 relation
0 2 0.9964246153831482 767 246 812 274 ex-
0 3 0.6023585796356201 229 276 323 301 traction.
0 3 0.9999464750289917 334 271 365 303 In
0 3 0.9331371188163757 366 274 508 308 Proceedings
0 3 0.9999837875366211 512 274 542 306 of
0 3 0.9997498393058777 539 274 579 303 the
0 3 0.9997296929359436 581 271 647 306 2016
0 3 0.9946010112762451 649 274 780 308 Conference
0 3 0.9999887943267822 780 271 817 310 of
0 4 0.9080202579498291 229 335 402 367 Computational
0 4 0.7968651056289673 400 335 536 367 Linguistics:
0 4 0.7923106551170349 541 335 626 363 Human
0 4 0.9445530772209167 628 335 744 370 Language
0 4 0.9991518259048462 744 335 809 363 Tech-
0 5 0.9912759065628052 197 422 276 449 Tomas
0 5 0.9841285943984985 279 424 381 452 Mikolov,
0 5 0.7465914487838745 382 420 434 456 Ilya
0 5 0.9996817111968994 432 420 550 454 Sutskever,
0 5 0.993190586566925 552 418 600 454 Kai
0 5 0.9871482253074646 599 420 670 454 Chen,
0 5 0.9999750852584839 670 420 733 456 Greg
0 5 0.9821408987045288 730 420 755 454 S
0 5 0.998244047164917 754 422 809 449 Cor-
0 6 0.9999209642410278 226 452 290 486 rado,
0 6 0.9998533725738525 290 449 342 484 and
0 6 0.9546307921409607 340 449 394 484 Jeff
0 6 0.9996614456176758 392 449 463 484 Dean.
0 6 0.9228866696357727 468 454 534 481 2013.
0 6 0.9892972111701965 547 452 678 484 Distributed
0 6 0.9988962411880493 681 454 807 488 representa-
0 7 0.9998445510864258 227 484 287 511 tions
0 7 0.9995906949043274 287 481 321 511 of
0 7 0.9988694787025452 321 484 392 511 words
0 7 0.9996324777603149 392 479 442 513 and
0 7 0.9996932744979858 442 486 529 513 phrases
0 7 0.9997491240501404 531 484 579 511 and
0 7 0.7561184763908386 579 484 638 511 their
0 7 0.9640782475471497 638 484 807 516 compositional-
0 8 0.7661573886871338 224 511 271 548 ity.
0 8 0.9991793036460876 281 513 313 545 In
0 8 0.9995337724685669 314 513 426 541 Advances
0 8 0.9999179840087891 429 513 460 543 in
0 8 0.9984266757965088 460 511 542 545 neural
0 8 0.9769788384437561 544 513 681 548 information
0 8 0.8727765679359436 684 518 807 545 processing
0 9 0.9738823771476746 198 600 261 628 Mike
0 9 0.996651828289032 264 598 344 632 Mintz,
0 9 0.9999898672103882 345 598 428 632 Steven
0 9 0.9996733665466309 429 598 494 632 Bills,
0 9 0.9999098777770996 495 598 557 632 Rion
0 9 0.9998841285705566 558 600 633 635 Snow,
0 9 0.9998425245285034 633 598 683 632 and
0 9 0.9999682903289795 683 598 738 632 Dan
0 9 0.9987510442733765 739 600 809 628 Juraf-
0 10 0.9998891353607178 226 630 277 666 sky.
0 10 0.8363525867462158 281 632 348 660 2009.
0 10 0.9954885840415955 363 632 449 660 Distant
0 10 0.999208390712738 452 632 586 666 supervision
0 10 0.9999979734420776 589 628 633 664 for
0 10 0.9989252686500549 633 632 722 660 relation
0 10 0.9975185394287109 726 635 809 662 extrac-
0 11 0.9988213181495667 226 660 279 694 tion
0 11 0.99933260679245 284 662 373 689 without
0 11 0.9904708862304688 381 662 465 689 labeled
0 11 0.9998449087142944 470 660 531 694 data.
0 11 0.9999638795852661 550 660 581 692 In
0 11 0.9602987170219421 587 662 730 696 Proceedings
0 11 0.9998989105224609 733 657 770 698 of
0 11 0.9998206496238708 768 662 810 692 the
0 12 0.999955415725708 227 694 290 721 Joint
0 12 0.9917981624603271 292 692 423 726 Conference
0 12 0.9999825954437256 426 692 457 724 of
0 12 0.9995611310005188 452 692 494 721 the
0 12 0.9892298579216003 495 689 554 724 47th
0 12 0.9941290616989136 554 692 639 719 Annual
0 12 0.984205424785614 641 692 738 726 Meeting
0 12 0.9999908208847046 738 689 773 728 of
0 12 0.9998495578765869 768 692 810 721 the
0 13 0.9984784722328186 226 724 284 751 ACL
0 13 0.9991772770881653 284 719 337 753 and
0 13 0.9993768334388733 335 724 377 751 the
0 13 0.9996345043182373 377 721 421 751 4th
0 13 0.977745771408081 423 721 576 753 International
0 13 0.7767708897590637 576 724 639 751 Joint
0 13 0.9616492986679077 642 724 775 756 Conference
0 13 0.9999088048934937 773 726 810 753 on
0 14 0.7303658127784729 229 753 321 781 Natural
0 14 0.9729405641555786 327 756 439 783 Language
0 14 0.9992055296897888 449 756 571 783 Processing
0 14 0.9940313696861267 575 749 612 790 of
0 14 0.978158175945282 608 749 652 785 the
0 14 0.999675989151001 654 753 752 781 AFNLP:
0 14 0.9901829361915588 759 749 812 783 Vol-
0 15 0.9165494441986084 227 788 281 815 ume
0 15 0.6535531878471375 282 785 390 813 2-Volume
0 15 0.9995104074478149 392 783 421 815 2,
0 15 0.999916672706604 424 790 491 817 pages
0 15 0.8639609217643738 495 783 631 815 1003-1011.
0 15 0.9982808828353882 633 781 770 813 Association
0 15 0.9479339718818665 772 783 812 813 for
0 16 0.9998941421508789 195 867 269 902 Thien
0 16 0.9992471933364868 268 867 324 902 Huu
0 16 0.9998763799667358 327 870 419 904 Nguyen
0 16 0.9750868678092957 421 870 468 902 and
0 16 0.9691506028175354 470 870 542 904 Ralph
0 16 0.9468364119529724 544 870 663 897 Grishman.
0 16 0.932570219039917 667 867 736 902 2015.
0 16 0.9995914101600647 743 867 810 902 Rela-
0 17 0.9989088773727417 226 899 279 934 tion
0 17 0.997600257396698 277 904 398 929 extraction:
0 17 0.5947652459144592 405 902 536 936 Perspective
0 17 0.9975796341896057 537 902 596 929 from
0 17 0.9606989622116089 596 899 752 931 convolutional
0 17 0.9997935891151428 752 904 810 931 neu-
0 18 0.9999395608901978 226 931 263 961 ral
0 18 0.9985961318016052 264 934 376 959 networks.
0 18 0.9999366998672485 381 929 410 963 In
0 18 0.9132040143013 411 931 554 963 Proceedings
0 18 0.9998736381530762 554 929 621 966 ofthe
0 18 0.940005898475647 621 931 662 961 Ist
0 18 0.9995701909065247 662 931 776 966 Workshop
0 18 0.9979378581047058 775 934 812 963 on
0 19 0.9998601675033569 229 963 305 991 Vector
0 19 0.9998798370361328 308 961 381 998 Space
0 19 0.9799010753631592 384 966 494 993 Modeling
0 19 0.9999641180038452 494 961 539 998 for
0 19 0.5216450095176697 541 963 633 991 Natural
0 19 0.5281094908714294 634 963 752 998 Language
0 19 0.9979313611984253 754 963 810 991 Pro-
0 20 0.975740373134613 198 1050 269 1078 Maria
0 20 0.9995556473731995 274 1048 382 1082 Pershina,
0 20 0.9995075464248657 387 1050 463 1078 Bonan
0 20 0.990278422832489 468 1048 529 1082 Min,
0 20 0.9998801946640015 531 1046 584 1080 Wei
0 20 0.9999169111251831 586 1048 636 1082 Xu,
0 20 0.9992809891700745 636 1046 686 1080 and
0 20 0.9997603297233582 689 1048 762 1084 Ralph
0 20 0.9945593476295471 764 1046 812 1082 Gr-
0 21 0.5475807785987854 227 1082 318 1107 ishman.
0 21 0.9999874830245972 324 1078 394 1112 2014.
0 21 0.9998226761817932 416 1082 513 1107 Infusion
0 21 0.9995586276054382 520 1080 554 1110 of
0 21 0.9890215992927551 557 1080 641 1107 labeled
0 21 0.9997667670249939 646 1078 702 1112 data
0 21 0.9997709393501282 704 1078 759 1112 into
0 21 0.9937822222709656 759 1078 810 1112 dis-
0 22 0.9998914003372192 227 1112 276 1139 tant
0 22 0.9890615940093994 277 1112 410 1144 supervision
0 22 0.9997767806053162 411 1110 450 1139 for
0 22 0.995486319065094 452 1112 541 1139 relation
0 22 0.9981595873832703 544 1112 665 1137 extraction.
0 22 0.998489260673523 673 1110 704 1139 In
0 22 0.997868537902832 705 1112 809 1139 Proceed-
0 23 0.9646660685539246 226 1139 282 1176 ings
0 23 0.9999634027481079 281 1142 313 1174 of
0 23 0.9998631477355957 310 1142 352 1171 the
0 23 0.9651825428009033 353 1139 418 1174 52nd
0 23 0.9867426156997681 416 1142 502 1169 Annual
0 23 0.9880913496017456 503 1142 600 1176 Meeting
0 23 0.9995903372764587 602 1139 675 1176 ofthe
0 23 0.9947010278701782 675 1144 809 1169 Association
0 24 0.9999104738235474 222 1169 271 1206 for
0 24 0.48161184787750244 269 1171 439 1206 Computational
0 24 0.9983386993408203 440 1171 568 1206 Linguistics
0 24 0.831425130367279 571 1174 665 1201 (Volume
0 24 0.9996670484542847 667 1169 696 1201 2:
0 24 0.9996088147163391 699 1171 765 1199 Short
0 24 0.998370349407196 765 1171 809 1201 Pa-
0 25 0.9779727458953857 226 1201 298 1235 pers),
0 25 0.925314724445343 298 1203 384 1231 volume
0 25 0.9992063641548157 384 1196 416 1238 2,
0 25 0.9998683929443359 415 1203 486 1238 pages
0 25 0.9041725397109985 486 1203 592 1228 732-738.
0 26 0.9993207454681396 198 1260 308 1288 Sebastian
0 26 0.999661922454834 313 1260 395 1288 Riedel,
0 26 0.9496238827705383 398 1260 473 1288 Limin
0 26 0.9978572726249695 474 1258 533 1292 Yao,
0 26 0.9987568855285645 536 1260 626 1288 Andrew
0 26 0.8324333429336548 629 1258 760 1292 McCallum,
0 26 0.999919056892395 762 1256 812 1290 and
0 27 0.6126265525817871 229 1292 339 1320 Benjamin
0 27 0.9996020197868347 342 1288 373 1320 M
0 27 0.960452139377594 376 1290 460 1317 Marlin.
0 27 0.9295928478240967 463 1290 531 1317 2013.
0 27 0.8004620671272278 537 1290 634 1317 Relation
0 27 0.9929813146591187 636 1292 752 1317 extraction
0 27 0.9999041557312012 754 1290 809 1317 with
0 28 0.9998365640640259 227 1322 305 1349 matrix
0 28 0.9145492911338806 310 1322 452 1347 factorization
0 28 0.9694117903709412 455 1320 502 1352 and
0 28 0.9827378392219543 503 1320 607 1347 universal
0 28 0.9504390358924866 612 1320 715 1347 schemas.
0 28 0.9992638230323792 722 1317 754 1349 In
0 28 0.9995682835578918 752 1317 810 1352 Pro-
0 29 0.9977585077285767 229 1354 329 1381 ceedings
0 29 0.9999884366989136 331 1352 361 1384 of
0 29 0.9989930987358093 356 1352 400 1381 the
0 29 0.9999598264694214 400 1352 461 1379 2013
0 29 0.9988182187080383 463 1352 594 1384 Conference
0 29 0.9999250173568726 594 1349 663 1386 ofthe
0 29 0.9909141063690186 665 1352 734 1379 North
0 29 0.9960708618164062 734 1352 809 1379 Amer-
0 30 0.9996010661125183 227 1381 282 1409 ican
0 30 0.9997738003730774 284 1377 386 1418 Chapter
0 30 0.992284893989563 384 1381 416 1413 of
0 30 0.9995904564857483 411 1377 458 1413 the
0 30 0.995265007019043 457 1379 594 1411 Association
0 30 0.9999767541885376 591 1379 638 1416 for
0 30 0.9327359199523926 639 1381 810 1413 Computational
0 31 0.8428112864494324 227 1411 363 1445 Linguistics:
0 31 0.7445712685585022 371 1413 457 1441 Human
0 31 0.9810516834259033 463 1416 576 1443 Language
0 31 0.9874213933944702 581 1411 736 1445 Technologies,
0 31 0.9995403289794922 739 1413 810 1448 pages
0 32 0.9959428906440735 197 1496 271 1530 Lucas
0 32 0.9991624355316162 276 1500 371 1528 Sterckx,
0 32 0.9948980212211609 379 1500 473 1525 Thomas
0 32 0.9995890259742737 481 1498 610 1530 Demeester,
0 32 0.9978214502334595 617 1500 723 1525 Johannes
0 32 0.9653401374816895 730 1498 810 1532 Deleu,
0 33 0.5696769952774048 227 1530 274 1562 and
0 33 0.999110758304596 276 1530 340 1557 Chris
0 33 0.830997884273529 344 1530 452 1557 Develder.
0 33 0.9999250173568726 457 1530 521 1557 2016.
0 33 0.9976096153259277 529 1530 660 1562 Knowledge
0 33 0.9958602786064148 662 1528 720 1562 base
0 33 0.9916117191314697 720 1530 809 1564 popula-
0 34 0.9853429794311523 226 1557 279 1592 tion
0 34 0.9993159770965576 277 1560 347 1594 using
0 34 0.9940299987792969 348 1562 452 1589 semantic
0 34 0.9995529055595398 453 1557 515 1592 label
0 34 0.9975777268409729 518 1562 659 1594 propagation.
0 34 0.8057119846343994 670 1560 809 1594 Knowledge-
0 35 0.543006181716919 227 1589 402 1624 BasedSystems,
0 35 0.9954342246055603 407 1589 570 1624 108(C):79-91.
0 36 0.9999688863754272 195 1644 245 1678 Md
0 36 0.9974948167800903 245 1649 323 1676 Arafat
0 36 0.9998825788497925 326 1646 410 1681 Sultan,
0 36 0.9998026490211487 413 1649 492 1676 Steven
0 36 0.5370327830314636 497 1646 597 1681 Bethard,
0 36 0.999076247215271 599 1644 650 1678 and
0 36 0.9968646168708801 652 1649 739 1676 Tamara
0 36 0.8377326130867004 743 1649 809 1676 Sum-
0 37 0.9986530542373657 226 1681 274 1708 ner.
0 37 0.9995003938674927 279 1678 347 1706 2015.
0 37 0.9997976422309875 363 1674 424 1708 DLS
0 37 0.9998719692230225 426 1676 457 1708 @
0 37 0.9857295751571655 458 1674 513 1708 CU:
0 37 0.9989752769470215 518 1678 623 1706 Sentence
0 37 0.9979408383369446 629 1681 743 1708 Similarity
0 37 0.9740198850631714 751 1678 809 1706 from
0 38 0.7136593461036682 226 1706 295 1740 Word
0 38 0.6253098845481873 295 1708 419 1742 Alignment
0 38 0.9996272325515747 418 1706 468 1740 and
0 38 0.9989207983016968 466 1710 575 1735 Semantic
0 38 0.9997789263725281 575 1706 655 1740 Vector
0 38 0.6603151559829712 655 1708 809 1742 Composition.
0 39 0.9997780919075012 227 1738 258 1770 In
0 39 0.9405669569969177 258 1738 398 1772 Proceedings
0 39 0.9999701976776123 400 1740 431 1772 of
0 39 0.9998094439506531 424 1740 466 1770 the
0 39 0.9995539784431458 466 1738 508 1767 9th
0 39 0.9933492541313171 508 1738 662 1770 International
0 39 0.5171546339988708 662 1738 778 1772 Workshop
0 39 0.9999104738235474 773 1742 810 1770 on
0 40 0.9611527919769287 229 1772 334 1797 Semantic
0 40 0.9994032382965088 342 1772 466 1797 Evaluation
0 40 0.9921457171440125 474 1772 584 1799 (SemEval
0 40 0.569952130317688 589 1767 668 1802 2015),
0 40 0.9998573064804077 673 1772 744 1806 pages
0 40 0.8092854022979736 749 1767 812 1802 148-
0 41 0.9999099969863892 195 1854 248 1889 Zhu
0 41 0.9927102327346802 250 1852 344 1893 Xiaojin
0 41 0.9998828172683716 345 1854 395 1889 and
0 41 0.9607453942298889 398 1854 541 1886 Ghahramani
0 41 0.9988951086997986 545 1857 638 1884 Zoubin.
0 41 0.9988316893577576 644 1857 712 1884 2002.
0 41 0.9967955946922302 728 1854 810 1889 Learn-
0 42 0.8616027235984802 226 1886 271 1923 ing
0 42 0.9968681931495667 271 1889 329 1916 from
0 42 0.9997884631156921 331 1889 415 1916 labeled
0 42 0.9997541308403015 413 1884 463 1918 and
0 42 0.8878101110458374 463 1889 575 1914 unlabeled
0 42 0.9947741627693176 575 1884 629 1918 data
0 42 0.999616265296936 628 1889 683 1916 with
0 42 0.9944281578063965 683 1889 744 1916 label
0 42 0.5614174604415894 743 1889 810 1923 prop-
0 43 0.9996256828308105 227 1918 321 1952 agation.
0 43 0.9529268145561218 353 1918 465 1946 Technical
0 43 0.5106377005577087 473 1918 555 1952 Report
0 43 0.8052312135696411 563 1916 807 1948 CMU-CALD-02-107,
0 44 0.8391887545585632 195 2003 239 2039 Ce
0 44 0.9999704360961914 235 2005 319 2039 Zhang,
0 44 0.9999798536300659 323 2005 386 2042 Feng
0 44 0.9996410608291626 387 2003 444 2037 Niu,
0 44 0.997891366481781 447 2005 581 2039 Christopher
0 44 0.9940617680549622 584 2003 629 2039 Ré,
0 44 0.9996483325958252 628 2003 680 2037 and
0 44 0.9980352520942688 678 2003 738 2037 Jude
0 44 0.9998822212219238 738 2003 810 2037 Shav-
0 45 0.971039891242981 227 2035 269 2064 lik.
0 45 0.7179999947547913 272 2037 339 2064 2012.
0 45 0.9646227359771729 350 2035 398 2071 Big
0 45 0.9999630451202393 402 2037 453 2064 data
0 45 0.8739286661148071 457 2039 533 2067 versus
0 45 0.999764621257782 536 2035 576 2064 the
0 45 0.9996138215065002 578 2037 660 2064 crowd:
0 45 0.9998689889907837 668 2035 768 2069 Looking
0 45 0.6318054795265198 772 2035 812 2064 for
0 46 0.9997726082801819 227 2064 374 2099 relationships
0 46 0.9998452663421631 376 2064 407 2096 in
0 46 0.9993470311164856 407 2064 440 2094 all
0 46 0.9999908208847046 442 2064 482 2094 the
0 46 0.9998915195465088 484 2064 544 2101 right
0 46 0.953831136226654 545 2064 626 2101 places.
0 46 0.9995736479759216 634 2064 667 2094 In
0 46 0.9969689249992371 668 2067 810 2099 Proceedings
0 47 0.9999860525131226 226 2094 263 2133 of
0 47 0.9999362230300903 260 2096 300 2126 the
0 47 0.9962418079376221 302 2094 361 2128 50th
0 47 0.9900140762329102 363 2096 450 2124 Annual
0 47 0.9353305101394653 453 2096 549 2131 Meeting
0 47 0.9999710321426392 555 2096 591 2131 of
0 47 0.9998297691345215 586 2096 628 2126 the
0 47 0.9992198944091797 629 2096 767 2128 Association
0 47 0.9999908208847046 768 2099 810 2128 for
1 0 0.9840467572212219 883 182 1054 214 Computational
1 0 0.9720292091369629 1056 182 1190 214 Linguistics:
1 0 0.9996604919433594 1196 180 1261 216 Long
1 0 0.7477284669876099 1264 182 1434 214 Papers-Volume
1 0 0.9969825148582458 1437 180 1465 214 1,
1 1 0.9990701079368591 880 214 951 248 pages
1 1 0.570789098739624 951 214 1059 242 825-834.
1 1 0.995453953742981 1064 214 1196 239 Association
1 1 0.9999308586120605 1198 212 1238 242 for
1 1 0.976550281047821 1240 214 1408 246 Computational
1 1 0.9994031190872192 1408 210 1465 244 Lin-
1 2 0.9995307922363281 878 324 920 363 Li,
1 2 0.9994122982025146 927 328 1033 363 Hongwei
1 2 0.952388346195221 1038 326 1099 363 Hao,
1 2 0.999862551689148 1103 326 1153 360 and
1 2 0.9998667240142822 1158 328 1196 358 Bo
1 2 0.9362850189208984 1203 328 1250 360 Xu.
1 2 0.9960612654685974 1253 326 1324 360 2016.
1 2 0.9803807139396667 1343 328 1461 356 Attention-
1 3 0.6183474659919739 881 360 951 388 based
1 3 0.984983503818512 957 358 1104 390 bidirectional
1 3 0.7155824303627014 1112 358 1171 395 long
1 3 0.8758047819137573 1177 360 1298 388 short-term
1 3 0.6264213919639587 1308 365 1406 392 memory
1 3 0.9914929270744324 1411 358 1465 392 net-
1 4 0.9998576641082764 881 390 954 418 works
1 4 0.9998620748519897 956 386 999 422 for
1 4 0.9998341798782349 999 390 1087 418 relation
1 4 0.8044443130493164 1091 388 1248 420 classification.
1 4 0.9992139339447021 1256 388 1288 420 In
1 4 0.9963746666908264 1292 390 1434 424 Proceedings
1 4 0.9998725652694702 1434 386 1469 424 of
1 5 0.8865201473236084 880 420 923 449 the
1 5 0.5592777132987976 922 420 977 447 54th
1 5 0.9589017629623413 975 420 1062 447 Annual
1 5 0.9887886643409729 1062 422 1156 449 Meeting
1 5 0.4998805820941925 1159 422 1225 449 ofthe
1 5 0.6923847794532776 1221 420 1403 452 Associationfor
1 5 0.9977485537528992 1395 420 1461 447 Com-
1 6 0.9660713076591492 881 454 1001 481 putational
1 6 0.8438029289245605 1011 454 1137 484 Linguistics
1 6 0.6250838041305542 1145 452 1238 479 (Volume
1 6 0.9998544454574585 1246 447 1277 479 2:
1 6 0.9988735318183899 1292 452 1358 479 Short
1 6 0.9998482465744019 1366 449 1463 484 Papers),
2 0 0.9983288645744324 883 246 975 274 guistics.
3 0 0.9998949766159058 227 303 268 333 the
3 0 0.9998708963394165 268 301 342 335 North
3 0 0.99782794713974 342 306 457 333 American
3 0 0.9998217225074768 461 303 560 338 Chapter
3 0 0.9999861717224121 558 301 594 340 of
3 0 0.9996119141578674 589 303 631 333 the
3 0 0.9960589408874512 631 303 768 335 Association
3 0 0.9999173879623413 767 301 814 338 for
3 0 0.999947190284729 851 296 914 333 Peng
3 0 0.9998760223388672 914 296 986 331 Zhou,
3 0 0.9998281002044678 990 296 1041 331 Wei
3 0 0.613200306892395 1043 296 1095 331 Shi,
3 0 0.999777615070343 1095 294 1145 331 Jun
3 0 0.9985995888710022 1145 296 1209 331 Tian,
3 0 0.9990335702896118 1213 296 1303 331 Zhenyu
3 0 0.9983604550361633 1306 296 1348 333 Qi,
3 0 0.9908497333526611 1351 299 1463 333 Bingchen
4 0 0.9987276196479797 229 367 334 395 nologies,
4 0 0.9999099969863892 335 370 403 397 pages
4 0 0.7004616260528564 407 365 512 392 897-906.
5 0 0.9491176009178162 883 481 969 509 volume
5 0 0.9995107650756836 969 479 996 513 2,
5 0 0.9955829977989197 998 486 1067 513 pages
5 0 0.6334474682807922 1069 481 1175 509 207-212.
6 0 0.9975753426551819 227 545 324 580 systems,
6 0 0.9998936653137207 326 550 394 577 pages
6 0 0.927048921585083 397 545 533 571 3111-3119.
7 0 0.9927515983581543 229 815 397 847 Computational
7 0 0.9989435076713562 398 815 534 847 Linguistics.
8 0 0.9984295964241028 227 993 319 1027 cessing,
8 0 0.9969544410705566 323 998 392 1025 pages
8 0 0.7948920726776123 395 993 473 1021 39-48.
9 0 0.5527662634849548 229 1443 308 1471 74-84.
10 0 0.9999459981918335 227 1797 282 1831 153.
11 0 0.9962892532348633 229 1948 335 1982 Carnegie
11 0 0.9992483258247375 337 1948 419 1975 Mellon
11 0 0.989772379398346 424 1950 547 1978 University.
