block line confidence X1 Y1 X2 Y2 token
0 0 0.8626499176025391 990 210 1066 244 Limb
0 0 0.9853573441505432 1070 210 1216 251 darkening
0 0 0.9993178844451904 1219 210 1280 246 and
0 0 0.8273389339447021 1285 214 1434 248 exoplanets
0 0 0.9989897608757019 1476 210 1516 246 13
1 0 0.989753246307373 111 287 161 312 one
1 0 0.9971131086349487 159 287 208 312 can
1 0 0.9995905756950378 208 287 250 315 see
1 0 0.9998406171798706 251 283 313 317 that,
1 0 0.9953649044036865 316 285 408 312 without
1 0 0.9988791346549988 411 283 489 317 taking
1 0 0.9992625117301941 487 280 544 315 into
1 0 0.9997209906578064 544 285 636 312 account
1 0 0.9820515513420105 639 285 783 317 Kepler-296e,
1 1 0.9997797608375549 114 312 158 342 the
1 1 0.8333192467689514 161 319 281 344 agreement
1 1 0.9960712194442749 284 310 344 344 with
1 1 0.9997896552085876 345 312 389 342 the
1 1 0.9996349811553955 390 315 447 342 data
1 1 0.9997866749763489 449 312 476 344 is
1 1 0.9975946545600891 478 315 534 349 very
1 1 0.9991278052330017 534 312 599 347 good
1 1 0.9999998807907104 600 312 639 342 for
1 1 0.9997836947441101 644 315 733 340 ATLAS
1 1 0.9994261264801025 734 310 786 344 and
1 2 0.9996839761734009 116 344 242 374 PHOENIX
1 2 0.9959061145782471 243 344 316 372 model
1 2 0.9983165264129639 318 344 463 376 atmospheres
1 2 0.9999996423721313 463 344 500 374 for
1 2 0.998808741569519 500 344 544 374 the
1 2 0.5501835942268372 542 349 576 376 21
1 2 0.9032249450683594 578 344 712 376 coefficients,
1 2 0.9997958540916443 713 344 785 372 which
1 3 0.9997300505638123 113 376 185 402 shows
1 3 0.9984557628631592 184 376 209 406 a
1 3 0.9859095215797424 208 379 274 404 mean
1 3 0.994949460029602 277 376 387 402 difference
1 3 0.9999269247055054 387 374 419 404 of
1 3 0.22842884063720703 413 356 573 422 -00461383
1 3 0.9749277830123901 566 372 638 406 ifone
1 3 0.9961836934089661 636 379 689 404 uses
1 3 0.993335485458374 689 374 736 406 the
1 3 0.9959648847579956 734 372 785 406 AT-
1 4 0.9977044463157654 114 406 171 433 LAS
1 4 0.9742730855941772 177 406 260 431 models
1 4 0.9998225569725037 264 406 313 433 and
1 4 0.5447137355804443 316 390 471 449 -0,01919155
1 4 0.999514102935791 473 402 500 436 if
1 4 0.9960175156593323 499 408 547 436 one
1 4 0.9796267747879028 550 408 604 433 uses
1 4 0.9998592138290405 608 404 652 433 the
1 4 0.9999493360519409 657 406 783 431 PHOENIX
1 5 0.8624881505966187 114 438 203 465 models,
1 5 0.9998983144760132 208 436 266 463 both
1 5 0.9992532134056091 268 436 300 465 of
1 5 0.999868631362915 298 436 369 463 which
1 5 0.9973844885826111 373 443 415 465 are
1 5 0.9945356845855713 416 438 533 463 consistent
1 5 0.9998064637184143 536 436 592 463 with
1 5 0.999194324016571 594 440 617 463 a
1 5 0.9962242841720581 615 440 670 465 zero
1 5 0.9938318729400635 670 440 738 465 mean
1 5 0.5500606894493103 738 431 786 468 dif-
1 6 0.9440082907676697 114 468 203 493 ference.
1 6 0.999140739440918 208 465 281 493 There
1 6 0.9997475743293762 281 463 310 495 is
1 6 0.9987396597862244 306 465 332 497 a
1 6 0.9987813830375671 332 465 408 500 barely
1 6 0.7208544015884399 411 468 528 495 significant
1 6 0.9938293099403381 533 465 599 493 offset
1 6 0.999998927116394 600 465 633 495 of
1 6 0.9998181462287903 631 465 675 495 the
1 6 0.28759101033210754 675 468 710 497 u2
1 6 0.9961040019989014 712 465 783 493 coeffi-
1 7 0.9976850748062134 114 497 184 525 cients
1 7 0.7266147136688232 185 495 250 529 (2.80
1 7 0.9852064251899719 250 495 290 525 for
1 7 0.7725642919540405 290 495 332 525 the
1 7 0.9997468590736389 334 497 423 523 ATLAS
1 7 0.9993808269500732 428 497 515 525 models,
1 7 0.9119536876678467 520 497 573 525 2.90
1 7 0.9989724159240723 575 495 613 525 for
1 7 0.9978209733963013 613 495 657 525 the
1 7 0.9996803998947144 659 497 783 523 PHOENIX
1 8 0.9269468784332275 116 529 213 557 models),
1 8 0.9999209642410278 221 527 277 555 with
1 8 0.9999899864196777 281 527 324 555 the
1 8 0.9987401366233826 329 527 403 555 model
1 8 0.737916886806488 410 527 482 555 values
1 8 0.997974693775177 489 529 615 559 apparently
1 8 0.5732859373092651 618 527 785 559 systematically
1 9 0.5472978353500366 113 559 284 591 overestimating
1 9 0.9917048215866089 287 559 352 587 those
1 9 0.9812145233154297 353 557 482 589 coefficients
1 9 0.9930928945541382 482 555 521 591 by
1 9 0.999771773815155 518 559 544 589 a
1 9 0.9931074976921082 544 561 610 589 mean
1 9 0.9987407326698303 613 559 678 587 value
1 9 0.9999417066574097 678 557 712 587 of
1 9 0.41321566700935364 707 559 739 587 a
1 9 0.9750798344612122 736 555 786 589 0.3.
1 10 0.9999809265136719 111 584 161 619 For
1 10 0.999987006187439 161 587 201 616 the
1 10 0.9696130156517029 201 587 285 621 sample
1 10 0.991664707660675 287 587 319 619 of
1 10 0.999548614025116 310 587 369 621 high
1 10 0.9973456263542175 373 591 473 619 precision
1 10 0.5988409519195557 474 587 649 619 limb-darkening
1 10 0.9578313827514648 650 587 785 619 coefficients,
1 11 0.9993835687637329 113 619 185 646 which
1 11 0.9998319149017334 187 616 214 648 is
1 11 0.9992877840995789 213 616 266 650 also
1 11 0.9966887831687927 268 619 311 646 the
1 11 0.9767054915428162 314 619 387 646 hotter
1 11 0.9999450445175171 390 621 442 648 star
1 11 0.8987281322479248 444 619 529 653 sample
1 11 0.9997302889823914 531 616 607 650 (lower
1 11 0.9996497631072998 608 619 686 653 panels
1 11 0.9999827146530151 686 619 717 648 in
1 11 0.9951227307319641 720 619 786 646 those
1 12 0.9946897029876709 114 648 209 682 figures),
1 12 0.9997797608375549 211 648 253 678 the
1 12 0.9607478976249695 256 653 374 680 agreement
1 12 0.9999980926513672 374 648 407 678 of
1 12 0.9997797608375549 403 648 445 678 the
1 12 0.18516084551811218 445 650 478 680 Ni
1 12 0.982901930809021 479 650 605 676 coefficients
1 12 0.9987047910690308 605 648 633 680 is
1 12 0.7626564502716064 631 653 686 680 very
1 12 0.9996662139892578 686 648 747 682 good
1 12 0.9978183507919312 747 648 786 678 for
1 13 0.9998071789741516 113 710 184 737 which
1 13 0.9998706579208374 187 708 216 740 is
1 13 0.9895157814025879 218 710 334 737 consistent
1 13 0.9997521042823792 337 710 394 737 with
1 13 0.9996716976165771 397 714 457 740 zero,
1 13 0.9939630627632141 458 705 508 742 but
1 13 0.9998152852058411 507 710 568 744 poor
1 13 0.9998912811279297 570 710 608 737 for
1 13 0.9999874830245972 610 710 654 740 the
1 13 0.9987267851829529 659 710 785 740 PHOENIX
1 14 0.9988388419151306 114 742 203 769 models,
1 14 0.9999127388000488 209 740 284 767 whose
1 14 0.9643593430519104 287 742 355 769 mean
1 14 0.6655778884887695 360 740 471 767 difference
1 14 0.9996228218078613 474 737 503 769 is
1 14 0.18163052201271057 499 721 649 788 008598
1 14 0.9891691207885742 647 742 783 767 inconsistent
1 15 0.9998736381530762 113 772 171 799 with
1 15 0.9705890417098999 171 774 224 799 zero
1 15 0.9974992871284485 222 767 261 806 by
1 15 0.9970412850379944 260 774 324 799 more
1 15 0.9998206496238708 324 772 382 799 than
1 15 0.48886269330978394 384 772 436 799 100.
1 15 0.9987086057662964 437 767 502 801 Note
1 15 0.9995960593223572 499 767 555 801 that
1 15 0.9998929500579834 554 767 605 801 this
1 15 0.9999125003814697 604 772 655 799 bias
1 15 0.9998461008071899 655 769 683 801 is
1 15 0.9812383651733398 681 772 738 806 very
1 15 0.9989217519760132 738 772 785 799 evi-
1 16 0.9998750686645508 114 801 169 829 dent
1 16 0.9993541836738586 169 801 218 829 and
1 16 0.9334712624549866 216 806 279 831 more
1 16 0.8972720503807068 279 804 397 831 prominent
1 16 0.9999604225158691 397 799 436 829 for
1 16 0.9978837370872498 432 801 492 829 stars
1 16 0.9996165037155151 492 801 566 829 hotter
1 16 0.9999723434448242 566 801 623 829 than
1 16 0.9972758889198303 623 801 681 829 6000
1 16 0.9934232234954834 680 799 715 833 K,
1 16 0.9959523677825928 712 801 785 829 where
1 17 0.9999876022338867 113 831 159 863 the
1 17 0.9974046349525452 159 833 232 861 model
1 17 0.9992377758026123 235 833 311 861 values
1 17 0.9266815781593323 313 833 460 858 overestimate
1 17 0.9997289776802063 463 831 507 861 the
1 17 0.9316129088401794 507 829 579 863 LDCs
1 17 0.9991362690925598 581 831 617 865 by
1 17 0.47072941064834595 615 833 647 861 a
1 17 0.9983410835266113 644 829 694 863 0.1.
1 17 0.999976634979248 696 831 743 863 For
1 17 0.9996104836463928 743 831 786 861 the
1 18 0.43120482563972473 113 865 150 893 22
1 18 0.7197041511535645 148 861 281 895 coefficients,
1 18 0.6612810492515564 282 863 340 890 both
1 18 0.9998993873596191 342 863 415 890 model
1 18 0.6969590783119202 416 863 560 895 atmospheres
1 18 0.9885588884353638 560 863 623 890 show
1 18 0.6614623069763184 621 861 710 895 slightly
1 18 0.9663997888565063 710 861 785 895 signif-
1 19 0.9996830224990845 113 893 176 920 icant
1 19 0.9997912049293518 176 890 256 925 biases,
1 19 0.999170184135437 256 888 316 922 with
1 19 0.999944806098938 318 890 358 920 the
1 19 0.9999115467071533 361 893 487 918 PHOENIX
1 19 0.997788667678833 491 893 575 918 models
1 19 0.6876155734062195 576 890 646 925 doing
1 19 0.7287647128105164 644 893 670 922 a
1 19 0.9989861845970154 668 893 741 920 better
1 19 0.9999852180480957 743 893 785 922 job
1 20 0.33260494470596313 109 934 272 1000 -0024E005
1 20 0.9996992349624634 271 950 342 984 which
1 20 0.9998144507408142 342 952 368 984 is
1 20 0.8707886338233948 366 952 402 982 20
1 20 0.989919900894165 403 957 465 984 away
1 20 0.9996329545974731 465 950 526 984 from
1 20 0.9983282685279846 526 957 584 984 zero,
1 20 0.9989410042762756 583 950 636 984 and
1 20 0.9998996257781982 633 950 691 984 with
1 20 0.9930961728096008 691 952 734 982 the
1 20 0.9966867566108704 733 950 786 984 AT-
1 21 0.9997546076774597 111 979 171 1014 LAS
1 21 0.9997040629386902 171 984 253 1011 models
1 21 0.9985607266426086 256 986 348 1014 showing
1 21 0.9991804957389832 348 986 373 1016 a
1 21 0.9293155670166016 369 989 436 1014 mean
1 21 0.5159848928451538 439 984 549 1011 difference
1 21 0.9999892711639404 549 982 579 1014 of
1 21 0.27937939763069153 573 968 717 1027 0.0421905
1 21 0.9990173578262329 713 984 783 1011 which
1 22 0.9959154725074768 164 1050 201 1080 As
1 22 0.9998763799667358 203 1053 229 1082 a
1 22 0.9997524619102478 230 1050 285 1078 final
1 22 0.9947288632392883 292 1053 353 1080 note,
1 22 0.9848496913909912 360 1050 424 1078 there
1 22 0.9999297857284546 428 1048 455 1080 is
1 22 0.9626339673995972 457 1055 505 1080 one
1 22 0.9989131689071655 512 1053 625 1080 particular
1 22 0.9994139671325684 631 1050 709 1084 object
1 22 0.9997853636741638 713 1050 783 1078 worth
1 23 0.9988803267478943 116 1084 229 1112 discussing
1 23 0.9997575879096985 232 1080 261 1112 in
1 23 0.9973063468933105 261 1080 337 1114 detail,
1 23 0.9982232451438904 340 1082 482 1114 Kepler-296e,
1 23 0.9993172883987427 486 1082 555 1110 which
1 23 0.9991514682769775 557 1082 600 1110 has
1 23 0.809403657913208 602 1082 671 1110 LDCs
1 23 0.9942982792854309 673 1082 743 1110 which
1 23 0.9996806383132935 744 1082 785 1110 de-
1 24 0.9997771382331848 114 1112 176 1139 viate
1 24 0.9976077079772949 177 1114 242 1142 more
1 24 0.9995959401130676 245 1112 303 1139 than
1 24 0.540696918964386 306 1112 344 1139 2a
1 24 0.9977040886878967 347 1112 405 1139 from
1 24 0.9998621940612793 410 1112 474 1139 those
1 24 0.9980164766311646 476 1110 508 1142 of
1 24 0.9996422529220581 510 1114 602 1142 systems
1 24 0.9995682835578918 605 1112 663 1139 with
1 24 0.9618126749992371 668 1112 722 1139 host
1 24 0.999573290348053 725 1114 785 1139 stars
1 25 0.9916912317276001 113 1142 145 1171 of
1 25 0.5266773700714111 146 1142 227 1169 similar
1 25 0.9976728558540344 232 1142 306 1169 stellar
1 25 0.9725303053855896 311 1144 449 1176 parameters,
1 25 0.9956485629081726 455 1144 562 1171 including
1 25 0.9923728108406067 568 1142 707 1174 Kepler-296f,
1 25 0.9982103109359741 713 1142 785 1169 which
1 26 0.9990938901901245 116 1176 226 1203 according
1 26 0.9999433755874634 230 1174 263 1203 to
1 26 0.9999613761901855 264 1174 340 1201 Torres
1 26 0.9999406337738037 342 1174 374 1203 et
1 26 0.9945424795150757 374 1171 408 1201 al.
1 26 0.9583068490028381 413 1171 491 1206 (2015)
1 26 0.9998917579650879 494 1174 563 1201 orbits
1 26 0.9992710947990417 568 1174 610 1201 the
1 26 0.9976525902748108 612 1176 676 1201 same
1 26 0.9997648596763611 676 1174 731 1201 host
1 26 0.9994927644729614 734 1174 786 1201 star
1 27 0.9988629817962646 109 1199 151 1235 in
1 27 0.9994075298309326 143 1206 182 1233 an
1 27 0.9996988773345947 184 1203 245 1231 orbit
1 27 0.9980695843696594 250 1203 329 1231 almost
1 27 0.9998278617858887 335 1203 382 1231 two
1 27 0.945679783821106 386 1203 452 1231 times
1 27 0.9999823570251465 458 1203 539 1231 farther
1 27 0.9998583793640137 544 1208 607 1235 away
1 27 0.9954819679260254 610 1203 668 1231 from
1 27 0.9809733033180237 671 1203 704 1231 it.
1 27 0.9956619143486023 709 1203 746 1231 As
1 27 0.9680938720703125 747 1206 788 1233 we
1 28 0.9595152139663696 113 1238 161 1263 can
1 28 0.8799995183944702 161 1240 203 1263 see
1 28 0.9997060894966125 203 1233 234 1263 in
1 28 0.9991395473480225 235 1233 324 1267 Figures
1 28 0.9999672174453735 324 1233 348 1265 8
1 28 0.9982531666755676 347 1231 398 1265 and
1 28 0.9979826211929321 398 1233 428 1265 9,
1 28 0.9998832941055298 429 1233 473 1263 the
1 28 0.9563928842544556 476 1235 592 1260 coefficient
1 28 0.9993205070495605 596 1233 689 1267 changes
1 28 0.9992461204528809 692 1235 783 1260 induced
1 29 0.6589564085006714 111 1260 151 1297 in
1 29 0.9993067979812622 146 1263 285 1297 Kepler-296e
1 29 0.9604822397232056 287 1260 339 1295 due
1 29 0.9997617602348328 339 1265 371 1295 to
1 29 0.9990634322166443 374 1263 416 1292 the
1 29 0.9944019913673401 419 1267 529 1295 geometry
1 29 0.9999994039535522 533 1263 565 1292 of
1 29 0.9994338154792786 565 1263 608 1292 the
1 29 0.9996963739395142 613 1265 691 1292 transit
1 29 0.9384992122650146 694 1267 739 1295 are
1 29 0.9984820485115051 739 1265 785 1292 not
1 30 0.9991077780723572 114 1297 218 1324 expected
1 30 0.99797123670578 219 1295 251 1324 to
1 30 0.9998094439506531 255 1295 289 1324 be
1 30 0.9955670237541199 290 1299 345 1327 very
1 30 0.9995230436325073 348 1295 445 1322 different
1 30 0.9982168078422546 449 1295 508 1322 from
1 30 0.999850869178772 512 1295 576 1322 those
1 30 0.9993312358856201 578 1295 610 1324 of
1 30 0.9839127659797668 612 1295 751 1327 Kepler-296f,
1 30 0.7032597661018372 754 1297 786 1324 sO
1 31 0.9999825954437256 113 1324 159 1356 the
1 31 0.9995809197425842 161 1329 269 1356 geometry
1 31 0.9969527721405029 272 1324 305 1354 of
1 31 0.9999648332595825 305 1324 348 1354 the
1 31 0.5116456151008606 352 1329 432 1356 system
1 31 0.995819091796875 439 1327 521 1354 cannot
1 31 0.9691388607025146 524 1324 612 1359 explain
1 31 0.9999514818191528 615 1324 659 1354 the
1 31 0.9943966865539551 663 1327 783 1352 differences
1 32 0.9999167919158936 111 1359 150 1386 on
1 32 0.9997673630714417 150 1356 192 1384 the
1 32 0.9996761083602905 193 1356 295 1384 observed
1 32 0.7434054017066956 297 1356 373 1384 LDCs.
1 32 0.9821641445159912 376 1354 473 1388 Activity
1 32 0.957063615322113 474 1354 547 1388 could,
1 32 0.9991806149482727 547 1356 578 1386 in
1 32 0.9986557960510254 579 1359 684 1386 principle,
1 32 0.9993002414703369 691 1359 783 1386 produce
1 33 0.9826807379722595 114 1386 234 1420 significant
1 33 0.9978682994842529 240 1386 313 1413 biases
1 33 0.9947010278701782 316 1388 353 1416 on
1 33 0.9967266321182251 356 1384 400 1413 the
1 33 0.9382254481315613 407 1386 476 1413 LDCs
1 33 0.9998749494552612 484 1388 575 1416 through
1 33 0.9828886985778809 583 1384 713 1416 unnoculted
1 33 0.9453392624855042 720 1388 785 1416 spots
1 34 0.9572463035583496 116 1413 247 1448 (Csizmadia
1 34 0.999873161315918 247 1416 277 1445 et
1 34 0.997579038143158 279 1416 313 1443 al.
1 34 0.9997311234474182 316 1418 389 1445 2013),
1 34 0.9970146417617798 394 1416 437 1445 but
1 34 0.9573007225990295 437 1413 466 1445 it
1 34 0.9995997548103333 466 1418 537 1445 seems
1 34 0.9399675726890564 542 1418 633 1445 unlikely
1 34 0.9999228715896606 636 1416 691 1443 that
1 34 0.9934044480323792 694 1418 783 1445 activity
1 35 0.994504988193512 114 1448 206 1475 affected
1 35 0.9946833252906799 208 1445 266 1480 only
1 35 0.9970806241035461 266 1450 313 1477 one
1 35 0.9995546936988831 313 1445 345 1475 of
1 35 0.999879002571106 345 1445 387 1475 the
1 35 0.9704203009605408 390 1448 492 1473 observed
1 35 0.9995942711830139 497 1448 591 1475 transits.
1 35 0.9986029267311096 597 1448 692 1473 Because
1 35 0.9991542100906372 696 1445 785 1480 Kepler-
1 36 0.999017596244812 111 1473 161 1507 296
1 36 0.999525785446167 158 1475 185 1507 is
1 36 0.9993863105773926 185 1477 264 1505 known
1 36 0.9991915822029114 264 1477 295 1507 to
1 36 0.9998949766159058 293 1475 329 1505 be
1 36 0.9987953901290894 329 1482 350 1505 a
1 36 0.9990354776382446 350 1475 410 1509 tight
1 36 0.96845543384552 411 1475 489 1509 binary
1 36 0.9996101260185242 492 1475 599 1509 (Lissauer
1 36 0.999962568283081 597 1477 629 1507 et
1 36 0.9997105002403259 629 1477 662 1505 al.
1 36 0.8710362911224365 663 1475 739 1509 2014),
1 36 0.9988837838172913 738 1480 786 1507 one
1 37 0.9991214871406555 113 1569 148 1598 al.
1 37 0.999150276184082 155 1569 235 1603 (2015),
1 37 0.9860509037971497 242 1569 289 1596 but
1 37 0.9998838901519775 290 1569 327 1598 its
1 37 0.9968223571777344 331 1569 463 1603 companion.
1 37 0.999883770942688 473 1571 576 1598 However,
1 37 0.99989914894104 583 1569 641 1596 both
1 37 0.9999911785125732 644 1566 676 1596 of
1 37 0.5789056420326233 676 1569 723 1601 the
1 37 0.999147891998291 725 1571 785 1596 stars
1 38 0.9995018243789673 111 1598 146 1628 in
1 38 0.999498724937439 143 1598 187 1628 the
1 38 0.9957680702209473 187 1598 269 1633 system
1 38 0.995697021484375 272 1598 329 1626 have
1 38 0.9992201328277588 332 1601 426 1628 actually
1 38 0.9985275268554688 428 1603 481 1630 very
1 38 0.9915428161621094 484 1601 565 1626 similar
1 38 0.995855987071991 568 1601 659 1628 spectral
1 38 0.9980959296226501 662 1598 730 1633 types
1 38 0.9984437823295593 728 1596 785 1630 and,
1 39 0.9998225569725037 114 1628 177 1662 thus,
1 39 0.9922659993171692 179 1630 237 1665 very
1 39 0.9510147571563721 240 1630 321 1658 similar
1 39 0.9185724854469299 326 1628 405 1662 LDCs,
1 39 0.999566376209259 410 1630 481 1658 which
1 39 0.993767499923706 486 1628 571 1662 implies
1 39 0.998975396156311 575 1626 631 1660 that
1 39 0.9999368190765381 634 1628 678 1658 the
1 39 0.5970781445503235 683 1630 783 1656 observed
1 40 0.8622323870658875 114 1660 184 1688 LDCs
1 40 0.9998291730880737 187 1662 229 1690 are
1 40 0.9994320273399353 232 1662 326 1690 actually
1 40 0.9974586367607117 327 1660 386 1694 very
1 40 0.9997095465660095 387 1660 486 1688 different
1 40 0.9980258941650391 489 1662 600 1690 compared
1 40 0.999967098236084 604 1660 638 1690 to
1 40 0.9980096220970154 638 1656 692 1690 both
1 40 0.9998984336853027 694 1660 754 1688 stars
1 40 0.9997465014457703 755 1658 785 1688 in
1 41 0.9999611377716064 113 1690 159 1722 the
1 41 0.9988062381744385 161 1692 247 1719 system.
1 41 0.9994308352470398 255 1690 295 1717 An
1 41 0.9982313513755798 300 1692 392 1719 analysis
1 41 0.9999992847442627 397 1690 428 1719 of
1 41 0.9999047517776489 429 1690 494 1717 other
1 41 0.7822444438934326 499 1690 625 1719 alternative
1 41 0.9973433613777161 631 1692 757 1722 hypotheses
1 41 0.9995915293693542 759 1688 786 1719 is
1 42 0.9988877177238464 113 1722 158 1749 out
1 42 0.9999284744262695 159 1719 193 1749 of
1 42 0.9996981620788574 195 1719 237 1749 the
1 42 0.9983900785446167 240 1726 308 1754 scope
1 42 0.9999998807907104 311 1719 342 1749 of
1 42 0.9970012307167053 344 1717 394 1751 this
1 42 0.999835729598999 398 1722 463 1749 work,
1 42 0.9967697858810425 466 1717 516 1751 but
1 42 0.991926372051239 518 1724 557 1751 we
1 42 0.9859089255332947 558 1722 615 1749 note
1 42 0.9918544292449951 617 1717 673 1751 that
1 42 0.9915525317192078 678 1722 739 1749 these
1 42 0.9577531218528748 743 1724 786 1751 are
1 43 0.9986284971237183 114 1749 158 1779 the
1 43 0.9997463822364807 155 1747 214 1781 kind
1 43 0.999731719493866 213 1749 243 1779 of
1 43 0.9961387515068054 243 1754 339 1781 analyses
1 43 0.9996015429496765 342 1751 397 1779 that
1 43 0.9952846169471741 395 1754 442 1779 can
1 43 0.9999879598617554 440 1749 476 1779 be
1 43 0.9955806136131287 478 1754 594 1781 performed
1 43 0.9965689182281494 597 1751 655 1779 from
1 43 0.9631024599075317 659 1754 781 1781 measuring,
1 44 0.9987983703613281 116 1786 237 1813 comparing
1 44 0.9998493194580078 240 1779 290 1813 and
1 44 0.9919480681419373 293 1781 432 1815 interpreting
1 44 0.9433931708335876 437 1781 505 1809 LDCs
1 44 0.9982956051826477 508 1779 570 1813 from
1 44 0.9966116547584534 573 1783 654 1809 transit
1 44 0.8414893746376038 660 1783 783 1811 lightcurves
1 45 0.9965541362762451 113 1847 138 1879 4
1 45 0.9924275279045105 158 1850 227 1877 THE
1 45 0.9995318651199341 232 1850 353 1875 EFFECT
1 45 0.9999617338180542 360 1847 407 1879 OF
1 45 0.9976098537445068 410 1850 508 1875 USING
1 45 0.9982932209968567 515 1850 613 1875 FIXED
1 45 0.9989301562309265 618 1850 702 1875 LDCS
1 45 0.9061920642852783 705 1847 747 1877 IN
1 46 0.9989219903945923 114 1964 214 1991 Howarth
1 46 0.9969808459281921 219 1962 303 1996 (2011),
1 46 0.8939776420593262 306 1964 376 1991 LDCs
1 46 0.7762196660041809 379 1964 489 1991 extracted
1 46 0.9977326393127441 492 1964 550 1991 from
1 46 0.9305332899093628 554 1962 596 1991 fits
1 46 0.9988573789596558 596 1964 628 1994 to
1 46 0.9990654587745667 629 1966 728 1994 intensity
1 46 0.9952878952026367 731 1964 786 1998 pro-
1 47 0.9987055063247681 113 1994 164 2021 files
1 47 0.9999796152114868 164 1991 197 2023 of
1 47 0.999035120010376 197 1994 271 2021 stellar
1 47 0.9997027516365051 274 1994 347 2021 model
1 47 0.9762313961982727 350 1994 500 2026 atmospheres,
1 47 0.3859400749206543 505 1994 558 2028 (ui,
1 47 0.2189284712076187 547 1994 602 2028 u2),
1 47 0.8951500058174133 605 2000 647 2023 are
1 47 0.9997842907905579 647 1996 692 2023 not
1 47 0.9995299577713013 696 1996 783 2023 directly
1 48 0.9873193502426147 114 2023 250 2058 comparable
1 48 0.9999841451644897 253 2023 285 2053 to
1 48 0.9999591112136841 289 2023 332 2053 the
1 48 0.8704073429107666 339 2023 408 2051 LDCs
1 48 0.9898042678833008 413 2023 515 2051 obtained
1 48 0.9973559379577637 523 2023 579 2051 from
1 48 0.9995145797729492 587 2026 667 2051 transit
1 48 0.9913882613182068 673 2023 785 2058 photome-
1 49 0.6332074999809265 111 2053 159 2090 try,
1 49 0.40807926654815674 159 2048 263 2092 (ui,u).
1 49 0.999724805355072 263 2051 323 2085 This
1 49 0.9996634721755981 321 2053 348 2085 is
1 49 0.997406542301178 348 2055 397 2083 due
1 49 0.9999749660491943 397 2055 429 2085 to
1 49 0.9994688630104065 429 2055 473 2083 the
1 49 0.949368953704834 474 2055 523 2083 fact
1 49 0.997204601764679 524 2055 578 2083 that
1 49 0.9999008178710938 579 2055 623 2083 the
1 49 0.9998836517333984 625 2055 671 2083 two
1 49 0.6466079354286194 675 2058 783 2085 optimiza-
1 50 0.9998018145561218 111 2083 166 2117 tion
1 50 0.986656665802002 169 2087 292 2115 procedures
1 50 0.6795546412467957 297 2092 339 2115 are
1 50 0.9946573376655579 340 2085 481 2117 significantly
1 50 0.5061208605766296 484 2085 581 2112 different
1 50 0.9988100528717041 584 2085 642 2112 from
1 50 0.9981200098991394 644 2090 692 2115 one
1 50 0.9983653426170349 694 2085 785 2112 another
1 51 0.5070093870162964 113 2147 242 2179 lightcurves
1 51 0.9990144968032837 242 2144 285 2174 has
1 51 0.999974250793457 285 2144 318 2176 to
1 51 0.7688347101211548 314 2147 352 2174 be
1 51 0.9989287257194519 350 2147 434 2174 carried
1 51 0.9986868500709534 434 2147 478 2174 out
1 51 0.9996172189712524 478 2144 508 2176 in
1 51 0.9041786789894104 508 2147 575 2174 order
1 51 0.9999293088912964 573 2147 604 2176 to
1 51 0.9999657869338989 605 2147 680 2174 obtain
1 51 0.5714460611343384 684 2147 725 2174 the
1 51 0.982913076877594 725 2147 785 2174 coef-
2 0 0.9414953589439392 846 285 928 312 ficients
2 0 0.47009602189064026 931 283 1022 317 (ui,uz)
2 0 0.9992863535881042 1024 280 1078 315 that
2 0 0.9973177313804626 1078 287 1125 315 can
2 0 0.9998984336853027 1125 280 1185 315 then
2 0 0.9998252987861633 1183 283 1219 312 be
2 0 0.9983052015304565 1221 283 1334 317 compared
2 0 0.9998430013656616 1335 285 1368 315 to
2 0 0.9999244213104248 1368 283 1411 312 the
2 0 0.999367892742157 1413 283 1515 310 observed
2 1 0.725165843963623 846 315 920 342 LDCs.
2 1 0.9999866485595703 923 310 982 344 This
2 1 0.9866103529930115 982 312 1067 347 implies
2 1 0.9724271893501282 1069 315 1122 342 that
2 1 0.9998679161071777 1122 317 1180 344 even
2 1 0.9467387199401855 1180 312 1208 342 if
2 1 0.999222993850708 1203 315 1250 342 one
2 1 0.9992979764938354 1248 310 1318 344 could
2 1 0.9839377999305725 1319 317 1416 342 measure
2 1 0.9998680353164673 1418 315 1474 342 with
2 1 0.9968327879905701 1474 317 1515 344 ex-
2 2 0.9959384202957153 844 347 922 372 cellent
2 2 0.9985697269439697 925 344 1030 379 precision
2 2 0.9999700784683228 1032 344 1075 374 the
2 2 0.9998874664306641 1077 344 1179 379 intensity
2 2 0.998999297618866 1180 344 1259 379 profile
2 2 0.9999344348907471 1259 344 1292 374 of
2 2 0.9996761083602905 1287 344 1311 376 a
2 2 0.9987599849700928 1311 344 1377 379 given
2 2 0.9998403787612915 1377 344 1437 379 star,
2 2 0.999311089515686 1439 344 1515 372 obtain
2 3 0.9994202852249146 844 374 881 404 its
2 3 0.8943340182304382 883 374 952 402 LDCs
2 3 0.9991618394851685 954 372 1015 406 with
2 3 0.9986602067947388 1014 372 1072 406 that
2 3 0.6163533329963684 1074 374 1156 408 profile,
2 3 0.9995482563972473 1158 372 1211 406 and
2 3 0.6085023880004883 1211 372 1271 406 then
2 3 0.9971377849578857 1272 379 1371 404 measure
2 3 0.9995738863945007 1374 376 1439 404 those
2 3 0.9985259175300598 1442 374 1513 402 coeffi-
2 4 0.9961158037185669 844 406 914 433 cients
2 4 0.9931948184967041 915 406 973 433 from
2 4 0.9970760345458984 973 406 1054 433 transit
2 4 0.9158746004104614 1054 406 1193 438 photometry,
2 4 0.9989629983901978 1193 402 1246 436 also
2 4 0.9761748313903809 1243 402 1303 436 with
2 4 0.9932125806808472 1301 406 1402 431 excellent
2 4 0.9961943626403809 1403 404 1513 438 precision,
2 5 0.9999834299087524 844 436 907 463 there
2 5 0.9995800852775574 906 433 935 465 is
2 5 0.9995287656784058 930 438 965 465 an
2 5 0.720028281211853 967 438 1067 465 expected
2 5 0.9985610842704773 1070 436 1120 463 bias
2 5 0.9974400997161865 1122 438 1216 463 between
2 5 0.9999449253082275 1217 436 1259 463 the
2 5 0.9998689889907837 1259 436 1306 463 two
2 5 0.9996172189712524 1305 438 1353 463 sets
2 5 0.9999982118606567 1353 433 1384 465 of
2 5 0.9764308333396912 1381 433 1513 465 coefficients.
2 6 0.9999858140945435 844 465 901 493 This
2 6 0.9996274709701538 901 465 930 495 in
2 6 0.9996341466903687 928 468 985 493 turn
2 6 0.9896098375320435 985 468 1062 495 means
2 6 0.9998393058776855 1061 465 1116 493 that
2 6 0.9983647465705872 1114 463 1141 495 if
2 6 0.9986107349395752 1137 468 1183 495 one
2 6 0.9994311928749084 1183 465 1238 493 fixes
2 6 0.9988579750061035 1238 465 1282 495 the
2 6 0.8496907949447632 1284 465 1353 493 LDCs
2 6 0.9988203644752502 1355 468 1455 493 obtained
2 6 0.9886065125465393 1456 465 1513 493 from
2 7 0.9998879432678223 844 495 888 525 the
2 7 0.9798890948295593 888 500 986 527 intensity
2 7 0.6451995968818665 990 495 1066 529 profile
2 7 0.9991206526756287 1064 495 1095 525 in
2 7 0.9996044039726257 1095 495 1137 525 the
2 7 0.9985173344612122 1137 497 1214 525 transit
2 7 0.979913592338562 1216 495 1290 529 fitting
2 7 0.996059775352478 1292 500 1411 527 procedure,
2 7 0.999852180480957 1414 497 1471 525 then
2 7 0.99997878074646 1471 502 1510 523 one
2 8 0.9997794032096863 843 525 873 557 is
2 8 0.9992582201957703 870 529 935 557 using
2 8 0.9940462112426758 938 529 1061 557 potentially
2 8 0.6954240798950195 1066 527 1140 555 biased
2 8 0.9772575497627258 1141 525 1271 557 coefficients
2 8 0.9992988109588623 1272 527 1327 555 that
2 8 0.9561454057693481 1327 529 1374 555 can
2 8 0.9999784231185913 1374 527 1431 555 then
2 8 0.9999037981033325 1429 523 1486 557 lead
2 8 0.9999920129776001 1484 527 1515 555 to
2 9 0.9998853206634521 844 555 922 589 biased
2 9 0.999711811542511 928 559 1007 587 transit
2 9 0.8230501413345337 1014 559 1162 591 "parameters""."
2 9 0.9998065829277039 1167 557 1196 589 A
2 9 0.995949387550354 1201 561 1297 589 strategy
2 9 0.9999563694000244 1303 559 1335 589 to
2 9 0.9996368885040283 1337 555 1406 589 avoid
2 9 0.9998798370361328 1410 555 1461 589 this
2 9 0.9999585151672363 1463 555 1516 589 bias
2 10 0.8525667190551758 844 589 910 616 could
2 10 0.9999847412109375 910 587 946 616 be
2 10 0.9995924830436707 946 589 977 619 to
2 10 0.9994350075721741 977 587 1012 616 let
2 10 0.9999275207519531 1014 587 1056 616 the
2 10 0.7542333602905273 1057 589 1127 616 LDCs
2 10 0.9996339082717896 1127 591 1159 619 as
2 10 0.9998409748077393 1158 584 1208 619 free
2 10 0.9764764904975891 1206 589 1337 621 parameters
2 10 0.9998346567153931 1337 587 1368 619 in
2 10 0.9999605417251587 1369 589 1411 616 the
2 10 0.5412699580192566 1411 587 1448 616 fit.
2 10 0.9980999827384949 1448 584 1516 619 How-
2 11 0.9998724460601807 844 623 904 650 ever,
2 11 0.9965630173683167 904 621 943 648 we
2 11 0.9991315007209778 940 616 993 650 also
2 11 0.9871125817298889 993 619 1075 653 expect
2 11 0.9989572763442993 1070 621 1095 650 a
2 11 0.9999403953552246 1093 616 1148 650 bias
2 11 0.9982582926750183 1145 621 1180 648 on
2 11 0.9981048107147217 1180 619 1224 648 the
2 11 0.9835355281829834 1224 621 1306 646 transit
2 11 0.9931495785713196 1306 619 1437 650 parameters
2 11 0.9996775388717651 1437 619 1468 648 in
2 11 0.9999592304229736 1465 616 1516 650 this
2 12 0.9909822344779968 844 650 898 678 case
2 12 0.999269425868988 896 648 927 680 if,
2 12 0.9998999834060669 925 650 959 678 as
2 12 0.9999591112136841 956 646 982 678 it
2 12 0.9996868371963501 980 646 1007 678 is
2 12 0.9979181885719299 1006 648 1093 682 usually
2 12 0.9998960494995117 1093 650 1158 678 done,
2 12 0.9991740584373474 1159 648 1203 678 the
2 12 0.8313726186752319 1204 650 1305 678 intensity
2 12 0.9551696181297302 1306 648 1384 682 profile
2 12 0.9995177984237671 1382 646 1411 678 is
2 12 0.8755307197570801 1410 648 1513 676 modelled
2 13 0.9951871633529663 846 712 965 740 accurately
2 13 0.9657719135284424 969 710 1064 737 describe
2 13 0.9999829530715942 1066 708 1109 737 the
2 13 0.9997848868370056 1111 708 1153 737 full
2 13 0.9963750243186951 1156 712 1256 740 intensity
2 13 0.9978262782096863 1263 712 1351 740 profiles.
2 14 0.9999397993087769 894 740 928 769 In
2 14 0.9935437440872192 928 742 1025 767 addition
2 14 0.9999538660049438 1027 740 1061 769 to
2 14 0.9998295307159424 1061 740 1106 767 the
2 14 0.9989897608757019 1108 740 1179 767 above
2 14 0.9997242093086243 1182 740 1303 767 mentioned
2 14 0.9850939512252808 1308 742 1419 769 problems,
2 14 0.9999666213989258 1424 740 1489 767 there
2 14 0.9992119073867798 1490 737 1516 769 is
2 15 0.999834418296814 846 769 888 799 the
2 15 0.9896693825721741 889 772 949 799 issue
2 15 0.9987804293632507 954 772 1036 799 related
2 15 0.9979959726333618 1040 772 1072 801 to
2 15 0.9999597072601318 1070 774 1117 799 our
2 15 0.999483585357666 1120 774 1229 801 imperfect
2 15 0.9985502362251282 1234 769 1356 804 knowledge
2 15 0.9999991655349731 1360 769 1392 799 of
2 15 0.99941086769104 1392 769 1435 799 the
2 15 0.9990156888961792 1435 767 1515 801 under-
2 16 0.999660849571228 844 799 914 833 lying,
2 16 0.772207498550415 919 799 1001 833 """true"","
2 16 0.9995531439781189 1004 804 1104 831 intensity
2 16 0.9749298095703125 1108 799 1190 833 profile.
2 16 0.9999563694000244 1192 799 1229 829 As
2 16 0.998407781124115 1229 804 1269 831 we
2 16 0.9974199533462524 1267 804 1318 829 saw
2 16 0.9995912909507751 1318 799 1347 831 in
2 16 0.9809102416038513 1348 799 1387 836 $3,
2 16 0.9999040365219116 1389 801 1437 829 this
2 16 0.9995391368865967 1435 799 1465 831 is
2 16 0.9912716746330261 1463 804 1511 829 cur-
2 17 0.9891204833984375 844 831 919 865 rently
2 17 0.9929195046424866 917 833 954 863 an
2 17 0.9978251457214355 954 833 1014 861 issue
2 17 0.9987843632698059 1014 833 1048 863 as
2 17 0.9999332427978516 1046 836 1093 861 our
2 17 0.9999257326126099 1095 833 1177 861 models
2 17 0.9975570440292358 1180 838 1222 861 are
2 17 0.9801868796348572 1222 833 1267 861 not
2 17 0.9999179840087891 1266 829 1322 863 able
2 17 0.9993243217468262 1321 833 1355 861 to
2 17 0.9988407492637634 1355 831 1471 865 reproduce
2 17 0.9999762773513794 1473 831 1516 861 the
2 18 0.8459396958351135 846 863 948 888 observed
2 18 0.9474671483039856 951 863 1020 890 LDCs
2 18 0.998002827167511 1024 863 1080 890 with
2 18 0.9763926267623901 1082 863 1187 888 sufficient
2 18 0.9925363063812256 1190 865 1297 893 accuracy.
2 18 0.999910831451416 1301 861 1342 890 On
2 18 0.9998797178268433 1342 861 1390 897 top
2 18 0.9999948740005493 1387 861 1421 890 of
2 18 0.9998125433921814 1419 861 1476 895 this,
2 18 0.9921190738677979 1474 865 1511 893 ac-
2 19 0.9832557439804077 846 895 933 922 cording
2 19 0.9997867941856384 936 893 969 922 to
2 19 0.9999145269393921 969 897 1015 922 our
2 19 0.9994819760322571 1019 895 1098 920 results
2 19 0.9998592138290405 1099 893 1130 922 in
2 19 0.9913535714149475 1132 890 1172 927 $2,
2 19 0.9999665021896362 1175 893 1238 920 there
2 19 0.9864852428436279 1243 899 1285 922 are
2 19 0.9700750708580017 1288 893 1410 920 differences
2 19 0.9878829121589661 1413 897 1469 922 even
2 19 0.9972735047340393 1474 893 1515 920 be-
2 20 0.9997803568840027 846 952 914 979 ferent
2 20 0.9943547248840332 914 950 990 984 model
2 20 0.5144503116607666 988 952 1132 986 atmospheres
2 20 0.6005091071128845 1130 950 1180 984 and
2 20 0.9983946681022644 1180 954 1274 979 between
2 20 0.6252307295799255 1276 952 1318 982 the
2 20 0.9971078038215637 1318 954 1414 979 different
2 20 0.9938868880271912 1418 952 1515 979 methods
2 21 0.9976521134376526 894 1011 930 1046 In
2 21 0.9993714690208435 925 1014 991 1041 order
2 21 0.9994878768920898 991 1014 1024 1043 to
2 21 0.9999545812606812 1024 1016 1109 1043 explore
2 21 0.9993721842765808 1111 1014 1175 1041 these
2 21 0.9957666397094727 1177 1016 1264 1041 sources
2 21 0.9999990463256836 1264 1011 1295 1043 of
2 21 0.9992582201957703 1293 1011 1351 1046 bias,
2 21 0.9998524188995361 1351 1011 1381 1043 in
2 21 0.9999690055847168 1381 1014 1431 1041 this
2 21 0.9941595792770386 1432 1014 1513 1041 section
2 22 0.9743109941482544 844 1048 883 1075 we
2 22 0.9923352599143982 886 1048 978 1075 perform
2 22 0.9988511800765991 983 1046 1116 1071 simulations
2 22 0.9999617338180542 1119 1046 1151 1075 to
2 22 0.9958136677742004 1151 1043 1222 1078 study
2 22 0.9999850988388062 1227 1043 1269 1073 the
2 22 0.9824521541595459 1272 1043 1366 1078 possible
2 22 0.9997957348823547 1371 1046 1442 1073 biases
2 22 0.9930444359779358 1447 1046 1513 1073 intro-
2 23 0.992052435874939 844 1075 917 1103 duced
2 23 0.9445369243621826 917 1073 957 1110 by
2 23 0.9991846680641174 956 1078 1003 1105 our
2 23 0.7295905351638794 1003 1073 1179 1107 limb-darkening
2 23 0.9882673621177673 1180 1075 1324 1107 assumptions
2 23 0.9998829364776611 1326 1078 1364 1105 on
2 23 0.9984346032142639 1364 1075 1408 1103 the
2 23 0.9973344802856445 1411 1075 1511 1103 retrieved
2 24 0.8555327653884888 844 1107 925 1135 transit
2 24 0.7347899675369263 927 1107 1064 1139 parameters,
2 24 0.9993830919265747 1066 1105 1132 1139 using
2 24 0.9999383687973022 1132 1107 1213 1135 transit
2 24 0.9580996632575989 1216 1107 1342 1137 lightcurves
2 24 0.9764918684959412 1345 1110 1456 1137 generated
2 24 0.99968421459198 1458 1103 1515 1137 with
2 25 0.9977745413780212 844 1135 888 1164 the
2 25 0.6895461082458496 891 1137 1004 1162 formalism
2 25 0.999902606010437 1006 1135 1038 1164 of
2 25 0.79453444480896 1038 1137 1125 1162 Mandel
2 25 0.9986752867698669 1127 1135 1156 1167 &
2 25 0.9997267127037048 1158 1135 1217 1169 Agol
2 25 0.9762391448020935 1219 1135 1300 1169 (2002).
2 26 0.999273955821991 844 1167 889 1194 4.1
2 26 0.9622527956962585 912 1167 952 1196 As
2 26 0.9383223056793213 943 1164 1083 1196 simulation
2 26 0.997994065284729 1088 1169 1164 1196 study
2 27 0.9980134963989258 891 1210 940 1247 In
2 27 0.9993667006492615 931 1215 999 1242 order
2 27 0.9977163076400757 1006 1212 1095 1247 explore
2 27 0.9999438524246216 1103 1212 1146 1242 the
2 27 0.9978851675987244 1153 1215 1219 1242 effect
2 27 0.8798249363899231 1225 1217 1264 1244 on
2 27 0.9955580830574036 1271 1212 1314 1242 the
2 27 0.9847780466079712 1321 1215 1424 1242 retrieved
2 27 0.9974912405014038 1435 1215 1513 1242 transit
2 28 0.9913289546966553 844 1247 975 1279 parameters
2 28 0.9980859756469727 980 1244 1012 1274 of
2 28 0.9987634420394897 1014 1244 1085 1279 fixing
2 28 0.9999910593032837 1087 1247 1120 1274 or
2 28 0.9998983144760132 1125 1244 1206 1279 having
2 28 0.9999834299087524 1211 1244 1255 1274 the
2 28 0.9999352693557739 1259 1244 1303 1274 the
2 28 0.9156498312950134 1309 1244 1379 1272 LDCs
2 28 0.9992542862892151 1382 1247 1416 1274 as
2 28 0.9994468092918396 1419 1242 1469 1276 free
2 28 0.9994938373565674 1471 1249 1513 1276 pa-
2 29 0.9881040453910828 844 1274 954 1308 rameters,
2 29 0.9821412563323975 959 1281 994 1301 we
2 29 0.9771406650543213 998 1276 1098 1301 simulate
2 29 0.9891231656074524 1101 1276 1182 1301 transit
2 29 0.955528736114502 1185 1274 1313 1308 lightcurves
2 29 0.9983958601951599 1314 1272 1372 1306 with
2 29 0.9996944665908813 1374 1272 1429 1306 unit
2 29 0.9995298385620117 1429 1270 1516 1311 period,
2 30 0.9837377071380615 846 1308 935 1333 circular
2 30 0.9998276233673096 943 1306 1012 1333 orbits
2 30 0.9996453523635864 1019 1301 1069 1338 and
2 30 0.9977501034736633 1074 1308 1111 1336 an
2 30 0.9693482518196106 1116 1306 1216 1333 assumed
2 30 0.9659395217895508 1224 1308 1324 1336 intensity
2 30 0.9975937008857727 1332 1304 1471 1336 distribution
2 30 1.0 1477 1304 1516 1333 for
2 31 0.9956018924713135 843 1336 888 1363 the
2 31 0.9978312849998474 891 1336 944 1363 host
2 31 0.999951958656311 948 1333 1001 1368 star
2 31 0.999967098236084 1001 1333 1033 1363 of
2 31 0.9999634027481079 1033 1336 1077 1363 the
2 31 0.9964603781700134 1082 1338 1195 1365 transiting
2 31 0.9969702959060669 1201 1338 1280 1365 planet.
2 31 0.9999581575393677 1287 1336 1339 1363 The
2 31 0.9956114888191223 1343 1336 1418 1363 choice
2 31 0.9999996423721313 1421 1333 1452 1363 of
2 31 0.9998358488082886 1453 1336 1515 1363 units
2 32 0.9998154044151306 844 1365 901 1393 such
2 32 0.994037389755249 906 1365 961 1393 that
2 32 0.9929009675979614 967 1363 994 1395 P
2 32 0.9953123331069946 999 1370 1027 1391 =
2 32 0.999879002571106 1035 1363 1057 1395 1
2 32 0.9999430179595947 1057 1363 1087 1397 is
2 32 0.9980450868606567 1088 1363 1140 1400 just
2 32 0.9999998807907104 1145 1365 1183 1395 for
2 32 0.9608992338180542 1188 1368 1326 1393 convenience
2 32 0.9999983310699463 1332 1363 1363 1393 of
2 32 0.9916027188301086 1368 1368 1473 1395 sampling
2 32 0.9261119365692139 1477 1365 1511 1395 di-
2 33 0.989700436592102 844 1395 915 1429 rectly
2 33 0.9995875954627991 917 1395 948 1427 in
2 33 0.9974842071533203 951 1395 1020 1429 phase
2 33 0.5123732686042786 1022 1393 1074 1427 and
2 33 0.9902280569076538 1075 1397 1120 1425 has
2 33 0.9971590042114258 1122 1400 1159 1427 no
2 33 0.959104061126709 1161 1397 1314 1429 consequences
2 33 0.9999983310699463 1319 1397 1356 1425 for
2 33 0.9999442100524902 1360 1397 1421 1425 what
2 33 0.9803447127342224 1427 1397 1511 1425 follows.
2 34 0.9972701668739319 844 1427 896 1455 The
2 34 0.995701253414154 902 1429 1015 1457 geometric
2 34 0.9985660910606384 1024 1427 1154 1459 parameters
2 34 0.9999985694885254 1159 1425 1192 1455 of
2 34 0.9995450377464294 1193 1427 1238 1455 the
2 34 0.9999312162399292 1243 1427 1322 1455 transit
2 34 0.6566518545150757 1329 1429 1369 1457 we.
2 34 0.9993263483047485 1372 1429 1418 1457 can
2 34 0.9999560117721558 1424 1427 1511 1455 retrieve
2 35 0.9924231171607971 846 1459 904 1487 from
2 35 0.9950436353683472 907 1461 954 1487 our
2 35 0.745905876159668 957 1459 1070 1484 simulated
2 35 0.9977286458015442 1075 1457 1135 1491 light
2 35 0.9829824566841125 1138 1461 1216 1487 curves
2 35 0.9881114959716797 1221 1464 1263 1487 are
2 35 0.9999634027481079 1266 1457 1308 1487 the
2 35 0.8939253687858582 1314 1459 1474 1491 planet-to-star
2 35 0.9994356036186218 1476 1459 1511 1487 ra-
2 36 0.9994242191314697 844 1489 898 1516 dius
2 36 0.9999048709869385 901 1487 969 1521 ratio,
2 36 0.5295071005821228 970 1491 996 1523 P
2 36 0.9967111349105835 996 1489 1027 1518 =
2 36 0.38194772601127625 1032 1487 1119 1521 Rp/Ra,
2 36 0.9996272325515747 1125 1487 1167 1516 the
2 36 0.9537127017974854 1171 1489 1305 1521 semi-major
2 36 0.999409556388855 1308 1489 1360 1516 axis
2 36 0.980169951915741 1363 1489 1395 1518 to
2 36 0.9090991616249084 1397 1489 1473 1516 stellar
2 36 0.9993640780448914 1476 1489 1511 1518 ra-
2 37 0.9970036149024963 843 1580 880 1610 on
2 37 0.9999850988388062 881 1578 925 1608 the
2 37 0.99986732006073 927 1580 985 1608 data
2 37 0.9996799230575562 986 1576 1048 1610 from
2 37 0.9995459914207458 1049 1578 1085 1608 all
2 37 0.9933708906173706 1087 1578 1201 1612 transiting
2 37 0.9099643230438232 1206 1578 1293 1612 planets
2 37 0.9954323768615723 1297 1580 1416 1608 discovered
2 37 0.9998237490653992 1419 1580 1452 1608 to
2 37 0.5551624298095703 1452 1578 1515 1612 date,
2 38 0.8258957266807556 843 1612 881 1640 we
2 38 0.9987614154815674 881 1610 961 1637 choose
2 38 0.9996010661125183 961 1610 993 1640 to
2 38 0.9941474199295044 993 1612 1091 1640 generate
2 38 0.997012734413147 1096 1612 1200 1640 synthetic
2 38 0.9994671940803528 1204 1610 1284 1637 transit
2 38 0.9576140642166138 1287 1612 1413 1642 lightcurves
2 38 0.9999648332595825 1411 1605 1453 1642 for
2 38 0.9996094107627869 1450 1608 1515 1642 plan-
2 39 0.9998496770858765 844 1642 885 1669 ets
2 39 0.9999608993530273 888 1640 944 1667 with
2 39 0.9992200136184692 949 1640 985 1667 all
2 39 0.993871808052063 990 1640 1033 1669 the
2 39 0.6033790707588196 1036 1637 1193 1669 combinations
2 39 0.9998754262924194 1196 1637 1229 1669 of
2 39 0.9926578402519226 1230 1640 1361 1672 parameters
2 39 0.49806907773017883 1369 1637 1453 1676 faR,p)
2 39 0.5980627536773682 1456 1635 1513 1669 with
2 40 0.9984737038612366 846 1672 919 1699 values
2 40 0.7066998481750488 920 1674 959 1703 aR
2 40 0.8170168995857239 959 1674 990 1701 =
2 40 0.5420417189598083 991 1669 1232 1703 (327,3.92,487,645,
2 40 0.9994144439697266 1227 1669 1290 1703 9.52,
2 40 0.6738671064376831 1285 1669 1411 1703 18.18,200)
2 40 0.9997723698616028 1414 1667 1466 1703 and
2 40 0.6240648627281189 1465 1674 1490 1706 P
2 41 0.31875374913215637 849 1703 975 1733 (0.01,0.06,
2 41 0.5386441946029663 967 1699 1154 1733 0.11,0.16,0.21).
2 41 0.9998477697372437 1158 1699 1190 1731 In
2 41 0.9991090893745422 1190 1701 1256 1729 order
2 41 0.9996711015701294 1256 1701 1288 1731 to
2 41 0.984517514705658 1290 1703 1374 1731 explore
2 41 0.9999886751174927 1376 1701 1419 1729 the
2 41 0.9285150766372681 1421 1701 1486 1729 effect
2 41 0.9999874830245972 1486 1699 1516 1729 of
2 42 0.9998143315315247 847 1733 943 1758 different
2 42 0.9998062252998352 949 1731 1032 1765 impact
2 42 0.6885024905204773 1036 1733 1174 1765 parameters,
2 42 0.997553288936615 1177 1729 1200 1763 b
2 42 0.994280219078064 1203 1738 1229 1758 =
2 42 0.7729280591011047 1235 1731 1340 1765 cos(i)ar,
2 42 0.9783934950828552 1347 1738 1384 1758 we
2 42 0.9998818635940552 1385 1733 1437 1761 also
2 42 0.520569920539856 1442 1731 1511 1758 varied
2 43 0.5617354512214661 843 1761 873 1793 b
2 43 0.9975062012672424 867 1763 927 1790 from
2 43 0.6080476641654968 928 1761 954 1793 0
2 43 0.9942294359207153 954 1763 986 1793 to
2 43 0.9966816306114197 988 1763 1030 1790 0.9
2 43 0.9989891648292542 1032 1761 1064 1793 in
2 43 0.9995946288108826 1066 1761 1130 1797 steps
2 43 0.9999990463256836 1133 1761 1164 1790 of
2 43 0.8334003686904907 1164 1763 1213 1790 0.1.
2 43 0.9637621641159058 1217 1763 1274 1790 This
2 43 0.9947184324264526 1279 1763 1361 1790 defines
2 43 0.9999728202819824 1366 1761 1413 1793 350
2 43 0.9987308382987976 1416 1763 1511 1790 different
2 44 0.9997995495796204 846 1793 925 1820 orbital
2 44 0.9437392950057983 930 1793 1091 1825 configurations
2 44 0.9999954700469971 1095 1793 1135 1820 for
2 44 0.9990198612213135 1135 1795 1182 1822 our
2 44 0.6552731394767761 1185 1795 1322 1820 simulations.
2 44 0.9995135068893433 1329 1793 1372 1820 For
2 44 0.9999117851257324 1374 1793 1431 1820 each
2 44 0.9997274279594421 1434 1793 1511 1820 orbital
2 45 0.7807142734527588 846 1822 1004 1857 configuration,
2 45 0.9838346242904663 1003 1825 1041 1852 we
2 45 0.8848207592964172 1040 1825 1153 1850 simulated
2 45 0.9984856247901917 1153 1822 1200 1854 100
2 45 0.995795488357544 1200 1825 1301 1852 noiseless,
2 45 0.9776430130004883 1305 1825 1414 1852 uniformly
2 45 0.982353925704956 1418 1822 1513 1857 sampled
2 46 0.7907832860946655 847 1857 970 1884 lightcurves
2 46 0.9997637867927551 969 1850 1028 1884 with
2 46 0.9967625141143799 1027 1850 1087 1884 1000
2 46 0.9965655207633972 1083 1854 1193 1882 in-transit
2 46 0.9999158382415771 1195 1852 1269 1886 points
2 46 0.999241828918457 1267 1850 1318 1884 and
2 46 0.9979512095451355 1316 1852 1363 1884 400
2 46 0.8452473282814026 1360 1852 1513 1884 out-of-transit
2 47 0.9999213218688965 846 1886 919 1914 points
2 47 0.999565064907074 923 1886 983 1914 each,
2 47 0.9998738765716553 990 1884 1064 1911 whose
2 47 0.9989632368087769 1067 1884 1138 1911 initial
2 47 0.9398430585861206 1143 1884 1209 1911 times
2 47 0.9995545744895935 1213 1886 1271 1914 were
2 47 0.9958524703979492 1274 1882 1387 1916 randomly
2 47 0.8649101853370667 1390 1882 1511 1916 perturbed.
2 48 0.9982703924179077 846 1914 888 1943 We
2 48 0.9997736811637878 888 1914 940 1941 first
2 48 0.7505376935005188 943 1916 1028 1941 assume
2 48 0.999575674533844 1033 1916 1114 1943 perfect
2 48 0.9991289973258972 1120 1916 1237 1943 knowledge
2 48 0.9999630451202393 1240 1911 1272 1941 of
2 48 0.9999549388885498 1271 1914 1314 1941 the
2 48 0.9937945604324341 1318 1916 1440 1943 underlying
2 48 0.548940122127533 1442 1911 1507 1946 inten
2 49 0.996276319026947 844 1975 889 2003 law
2 49 0.999923586845398 889 1975 946 2003 with
2 49 0.9999790191650391 946 1973 988 2003 the
2 49 0.9868664741516113 991 1975 1117 2005 coefficients
2 49 0.3549257814884186 1120 1975 1272 2010 c1,C2,C3,Ca)
2 49 0.9981489181518555 1276 1975 1377 2003 obtained
2 49 0.9997162222862244 1377 1973 1408 2005 in
2 49 0.5232852697372437 1408 1975 1494 2003 Section
2 50 0.9995192289352417 844 2005 885 2035 for
2 50 0.9982433319091797 888 2007 972 2032 models
2 50 0.9998719692230225 975 2003 1035 2037 with
2 50 0.9852033853530884 1038 2005 1098 2039 logg
2 50 0.9989445805549622 1101 2007 1130 2035 =
2 50 0.9993094205856323 1133 2003 1183 2039 4.5,
2 50 0.9988163709640503 1185 2003 1250 2037 solar
2 50 0.6063582301139832 1253 2005 1382 2037 metallicity,
2 51 0.9999402761459351 865 2092 915 2119 The
2 51 0.9999053478240967 914 2092 967 2119 level
2 51 0.9998997449874878 964 2090 994 2122 of
2 51 0.9996088147163391 991 2092 1038 2119 bias
2 51 0.9987336993217468 1036 2092 1082 2119 will
2 51 0.9996918439865112 1080 2094 1164 2122 depend,
2 51 0.9911918044090271 1166 2096 1240 2124 among
2 51 0.9999595880508423 1240 2092 1300 2119 other
2 51 0.8120962381362915 1301 2094 1379 2122 factors,
2 51 0.9994402527809143 1379 2094 1414 2122 on
2 51 0.9998846054077148 1411 2092 1452 2119 the
2 51 0.994408905506134 1450 2092 1505 2119 band
3 0 0.9996541738510132 114 678 158 708 the
3 0 0.9996953010559082 159 678 248 705 ATLAS
3 0 0.9991047978401184 253 680 342 708 models,
3 0 0.9996318817138672 344 676 403 710 with
3 0 0.9992324113845825 403 685 423 708 a
3 0 0.9974420070648193 424 682 491 708 mean
3 0 0.9956889748573303 492 680 605 705 difference
3 0 0.9999991655349731 605 678 638 708 of
3 0 0.23389571905136108 631 664 788 724 -0008E003
3 0 0.9999452829360962 844 680 901 708 with
3 0 0.9999066591262817 901 680 927 710 a
3 0 0.9972919821739197 928 682 1038 710 quadratic
3 0 0.9448866248130798 1041 678 1088 710 law
3 0 0.9993367791175842 1090 678 1161 705 which
3 0 0.9866617321968079 1162 682 1201 710 we
3 0 0.9311140179634094 1201 680 1240 708 we
3 0 0.9982051849365234 1242 680 1300 708 have
3 0 0.9976961016654968 1300 682 1355 708 seen
3 0 0.9995319843292236 1356 678 1384 710 is
3 0 0.9999533891677856 1384 680 1429 708 not
3 0 0.9985455274581909 1429 676 1486 710 able
3 0 0.999980092048645 1486 678 1516 708 to
4 0 0.9919662475585938 113 922 146 952 at
4 0 0.9820629358291626 146 922 264 957 predicting
4 0 0.9998325109481812 268 922 311 952 the
4 0 0.99614018201828 313 925 415 950 observed
4 0 0.886376678943634 419 922 489 950 LDCs
4 0 0.9997887015342712 492 922 549 950 with
4 0 0.9800773859024048 549 925 575 954 a
4 0 0.9945955872535706 573 925 639 952 mean
4 0 0.9944842457771301 642 925 754 950 difference
4 0 0.9999997615814209 757 920 788 950 of
4 0 0.9997164607048035 844 925 915 952 tween
4 0 0.9992936849594116 915 927 961 952 our
4 0 0.993446409702301 961 927 1014 952 own
4 0 0.9967567324638367 1015 925 1129 952 modelling
4 0 0.9999737739562988 1130 920 1161 952 of
4 0 0.9999165534973145 1159 922 1224 950 those
4 0 0.7252324223518372 1227 925 1309 952 profiles
4 0 0.9999794960021973 1313 922 1371 950 both
4 0 0.9993686079978943 1374 922 1469 950 between
4 0 0.9975766539573669 1471 920 1515 950 dif-
5 0 0.9441229701042175 844 984 901 1011 used
5 0 0.999579131603241 901 984 933 1014 to
5 0 0.9978650212287903 935 984 1007 1011 derive
5 0 0.9999570846557617 1009 984 1053 1011 the
5 0 0.9693030118942261 1054 984 1124 1011 LDCs
5 0 0.9952312111854553 1127 984 1185 1011 from
5 0 0.996924102306366 1187 984 1256 1011 them.
6 0 0.9363886713981628 109 1009 150 1046 is
6 0 0.7255972623825073 137 1011 197 1046 3.80
6 0 0.9936429262161255 197 1018 258 1046 away
6 0 0.9967707395553589 260 1014 318 1041 from
6 0 0.9983242154121399 319 1018 379 1043 zero.
7 0 0.9585410952568054 113 1507 187 1541 might
7 0 0.9999761581420898 187 1507 221 1537 be
7 0 0.9036364555358887 221 1507 321 1541 tempted
7 0 0.999841570854187 321 1509 353 1537 to
7 0 0.9999518394470215 352 1505 419 1539 think
7 0 0.9997252821922302 419 1505 474 1539 that
7 0 0.9976621866226196 478 1507 615 1541 Kepler-296e
7 0 0.9988872408866882 617 1507 697 1541 maybe
7 0 0.9999442100524902 697 1507 741 1537 did
7 0 0.9961854815483093 741 1509 786 1537 not
7 0 0.9998950958251953 843 1516 899 1550 dius
7 0 0.999163031578064 904 1521 969 1548 ratio,
7 0 0.5634384155273438 973 1523 1014 1550 aR
7 0 0.9351776242256165 1019 1521 1049 1548 =
7 0 0.18990635871887207 1054 1516 1125 1553 a/R4,
7 0 0.9997621178627014 1130 1516 1180 1550 and
7 0 0.9999620914459229 1185 1518 1229 1548 the
7 0 0.9984880685806274 1235 1518 1358 1546 inclination
7 0 0.9978609681129456 1364 1516 1397 1546 of
7 0 0.9999282360076904 1398 1518 1442 1548 the
7 0 0.9997873902320862 1445 1516 1513 1550 orbit,
7 1 0.9998654127120972 113 1539 174 1566 orbit
7 1 0.9998089671134949 179 1537 221 1566 the
7 1 0.536139965057373 222 1541 287 1566 same
7 1 0.9969295859336853 287 1539 339 1566 star
7 1 0.9993508458137512 339 1541 373 1569 as
7 1 0.9938623905181885 374 1537 512 1571 Kepler-296f
7 1 0.9987233281135559 512 1541 544 1569 as
7 1 0.9978762865066528 545 1539 636 1564 claimed
7 1 0.9968666434288025 638 1534 675 1573 by
7 1 0.999853253364563 676 1539 754 1566 Torres
7 1 0.9077481627464294 755 1539 786 1569 et
7 1 0.7921764254570007 843 1548 872 1578 i.
7 1 0.9999808073043823 867 1546 923 1580 The
7 1 0.9960502982139587 925 1550 1057 1576 simulations
7 1 0.998863697052002 1062 1550 1120 1578 were
7 1 0.997707724571228 1125 1550 1242 1578 performed
7 1 0.9996551275253296 1245 1550 1280 1580 as
7 1 0.9590272903442383 1284 1550 1369 1576 follows.
7 1 0.9989694356918335 1376 1548 1442 1582 First,
7 1 0.9352491497993469 1447 1548 1511 1576 based
8 0 0.9691630005836487 114 1811 180 1845 using
8 0 0.9755104780197144 180 1815 226 1841 our
8 0 0.9755457043647766 227 1811 356 1843 MC-SPAM
8 0 0.6786890625953674 358 1811 478 1845 algorithm.
8 1 0.5577419996261597 158 1877 302 1909 TRANSIT
8 1 0.9989523887634277 306 1882 436 1907 FITTING
9 0 0.9998887777328491 163 1932 197 1962 In
9 0 0.9999752044677734 198 1932 242 1962 the
9 0 0.998989999294281 242 1934 298 1968 past
9 0 0.5559014081954956 300 1932 392 1966 section,
9 0 0.9971449971199036 394 1934 434 1962 we
9 0 0.9886017441749573 436 1934 521 1962 showed
9 0 0.7168104648590088 526 1932 586 1966 that,
9 0 0.9998037219047546 587 1934 621 1964 as
9 0 0.701390266418457 621 1930 675 1964 first
9 0 0.9998239874839783 678 1934 746 1962 noted
9 0 0.9986814856529236 749 1930 786 1968 by
9 0 0.7937384247779846 843 1943 893 1978 sity
9 0 0.6442679166793823 894 1943 972 1978 profile
9 0 0.9865109920501709 973 1941 1012 1980 by
9 0 0.6167747378349304 1012 1946 1137 1980 generating
9 0 0.9993557333946228 1140 1941 1185 1978 the
9 0 0.988040030002594 1188 1946 1277 1973 transits
9 0 0.9994995594024658 1280 1943 1348 1978 using
9 0 0.9969922304153442 1350 1946 1393 1973 the
9 0 0.6417337656021118 1397 1946 1505 1973 non-linear
10 0 0.9972848892211914 1463 2007 1492 2035 =
10 1 0.6327724456787109 1387 2010 1456 2044 Vturb
11 0 0.9994155168533325 111 2115 169 2149 and,
11 0 0.9542096853256226 172 2115 234 2149 thus,
11 0 0.9996351003646851 235 2119 261 2149 a
11 0 0.9975916147232056 261 2117 371 2151 geometry
11 0 0.9983237385749817 376 2119 495 2147 dependent
11 0 0.9993917942047119 502 2119 604 2147 mapping
11 0 0.9977082014083862 607 2115 675 2149 using
11 0 0.9989339709281921 676 2115 786 2149 synthetic
11 0 0.9987817406654358 843 2119 902 2153 pass.
11 0 0.9998762607574463 902 2119 935 2149 In
11 0 0.9649444818496704 936 2122 1048 2149 particular,
11 0 0.985126256942749 1051 2119 1117 2147 issues
11 0 0.9315364956855774 1119 2119 1183 2147 noted
11 0 0.9997166991233826 1183 2117 1214 2149 in
11 0 0.999767005443573 1214 2119 1261 2147 this
11 0 0.9813829064369202 1263 2124 1329 2151 paper
11 0 0.9980058073997498 1330 2119 1403 2147 should
11 0 0.9907565712928772 1405 2117 1435 2149 in
11 0 0.9989407658576965 1437 2122 1498 2149 genera
12 0 0.9999021291732788 844 2147 878 2176 be
12 0 0.9888131022453308 875 2147 920 2174 less
12 0 0.9996856451034546 919 2149 988 2174 severe
12 0 0.9970912933349609 986 2147 1017 2176 in
12 0 0.998477041721344 1017 2147 1057 2174 the
12 0 0.8775339722633362 1057 2147 1158 2174 infra-red.
13 0 0.572473406791687 114 2208 145 2238 O
13 0 0.9994175434112549 143 2208 200 2236 2015
13 0 0.9992104768753052 200 2206 263 2240 RAS,
13 0 0.9998714923858643 264 2208 355 2233 MNRAS
13 0 0.9995237588882446 355 2206 413 2240 000,
13 0 0.9368647336959839 413 2208 466 2236 1-25
