block line confidence X1 Y1 X2 Y2 token
0 0 0.9999673366546631 1542 75 1567 109 2
1 0 0.9936787486076355 147 152 212 178 netic
1 0 0.9991588592529297 217 156 300 182 energy
1 0 0.969312310218811 305 148 444 180 functionals
1 0 0.999025821685791 444 154 479 180 as
1 0 0.9969949722290039 479 148 544 180 local
1 0 0.9882755279541016 547 148 682 180 variational
1 0 0.9996170997619629 687 150 801 182 problems
1 0 0.9993991851806641 801 146 836 182 in
1 0 0.9877693057060242 878 154 929 180 was
1 0 0.9927061200141907 933 148 989 180 also
1 0 0.9948126077651978 994 150 1120 182 supported
1 0 0.9987494945526123 1127 146 1167 184 by
1 0 0.988008975982666 1170 148 1313 186 asymptotic
1 0 0.6927472352981567 1314 143 1469 182 estimates35.
1 0 0.506356954574585 1482 146 1520 182 In
1 0 0.9706498980522156 1524 152 1565 180 or-
1 1 0.99965500831604 147 182 258 214 auxiliary
1 1 0.9955061674118042 265 182 378 214 potential
1 1 0.996572732925415 383 180 458 212 fields.
1 1 0.999876856803894 471 180 587 212 However,
1 1 0.9999614953994751 591 178 640 212 the
1 1 0.9997320771217346 640 180 758 219 proposed
1 1 0.999710738658905 760 180 835 212 refor-
1 1 0.9999922513961792 878 182 926 212 der
1 1 0.9999806880950928 924 182 957 212 to
1 1 0.9999024868011475 957 180 1100 210 understand
1 1 0.999964714050293 1099 178 1148 212 the
1 1 0.9812125563621521 1150 182 1326 214 underpinnings
1 1 0.9628642201423645 1328 180 1361 210 of
1 1 0.999937891960144 1358 180 1412 212 this
1 1 0.8985269665718079 1414 182 1563 214 discrepancy,
1 2 0.9983402490615845 149 214 258 240 mulation
1 2 0.9996169805526733 267 212 300 242 of
1 2 0.82346510887146 303 210 456 242 electrostatic
1 2 0.8424336314201355 463 212 612 242 interactions
1 2 0.9998087286949158 617 212 645 242 is
1 2 0.9990062117576599 652 212 748 244 notably
1 2 0.9722357988357544 755 210 835 242 differ-
1 2 0.9994062185287476 878 216 918 242 we
1 2 0.9992799162864685 918 216 966 242 use
1 2 0.9999593496322632 966 210 1016 244 the
1 2 0.9254306554794312 1017 212 1187 242 finite-element
1 2 0.9964479207992554 1190 210 1323 242 discretized
1 2 0.9950922727584839 1329 212 1454 244 real-space
1 2 0.9720134139060974 1459 214 1563 240 formula-
1 3 0.9852187037467957 146 247 194 277 ent
1 3 0.9566233158111572 195 242 258 275 from
1 3 0.861098051071167 263 244 371 277 previous
1 3 0.9994034767150879 376 244 458 277 works,
1 3 0.9998464584350586 463 242 517 275 and
1 3 0.997901201248169 519 242 617 275 enables
1 3 0.9966650605201721 620 244 669 275 the
1 3 0.9405166506767273 672 247 801 275 evaluation
1 3 0.9999972581863403 803 240 840 277 of
1 3 0.9999092817306519 878 242 934 275 tion
1 3 0.9999703168869019 934 240 971 277 of
1 3 0.9978169202804565 969 242 1112 275 orbital-free
1 3 0.9990730285644531 1117 244 1182 270 DFT
1 3 0.9993100166320801 1185 242 1238 277 and
1 3 0.9958469271659851 1243 247 1354 279 compute
1 3 0.9999741315841675 1358 242 1407 277 the
1 3 0.9868213534355164 1407 247 1510 279 vacancy
1 3 0.999426007270813 1515 242 1567 275 for-
1 4 0.9869627356529236 147 275 282 305 variational
1 4 0.6819436550140381 288 277 471 309 configurational
1 4 0.9992640614509583 476 275 554 307 forces
1 4 0.9913103580474854 557 277 730 309 corresponding
1 4 0.999967098236084 735 277 768 307 to
1 4 0.9999210834503174 770 275 835 307 both
1 4 0.9903821349143982 878 275 969 307 mation
1 4 0.9987826943397522 974 279 1060 311 energy
1 4 0.8499436974525452 1067 277 1138 311 using
1 4 0.9999141693115234 1142 275 1195 309 two
1 4 0.9393087029457092 1200 277 1321 309 boundary
1 4 0.8472991585731506 1328 275 1464 307 conditions:
1 4 0.6159899234771729 1479 272 1515 313 (i)
1 4 0.9993484616279602 1520 281 1563 309 pe-
1 5 0.9980900883674622 147 309 245 335 internal
1 5 0.9973205924034119 249 307 338 339 atomic
1 5 0.9942308664321899 340 307 478 337 relaxations
1 5 0.8376003503799438 479 311 514 339 as
1 5 0.9281150102615356 512 307 567 339 well
1 5 0.9995484948158264 569 311 602 339 as
1 5 0.9948731064796448 602 307 708 339 external
1 5 0.9787282347679138 708 305 758 339 cell
1 5 0.6708062291145325 758 307 835 339 relax-
1 5 0.9967858791351318 879 309 952 335 riodic
1 5 0.9997434020042419 959 309 1079 341 boundary
1 5 0.9989346861839294 1085 309 1221 339 conditions,
1 5 0.9930849075317383 1228 309 1354 341 equivalent
1 5 0.9999127388000488 1359 309 1396 341 to
1 5 0.6963582038879395 1399 309 1565 341 Fourier-space
1 6 0.9999105930328369 146 339 215 371 ation
1 6 0.9998794794082642 219 339 297 371 under
1 6 0.9998718500137329 298 343 325 371 a
1 6 0.9994413256645203 325 341 400 373 single
1 6 0.9407092332839966 405 339 546 369 framework.
1 6 0.9936368465423584 561 343 660 369 Further,
1 6 0.9998986721038818 669 341 717 371 the
1 6 0.9996134638786316 720 341 833 373 proposed
1 6 0.999757707118988 878 339 952 371 based
1 6 0.9758837819099426 957 341 1120 371 formulations;
1 6 0.9915264248847961 1128 337 1172 375 (ii)
1 6 0.9999083280563354 1175 339 1236 371 bulk
1 6 0.9962536096572876 1241 341 1351 367 Dirichlet
1 6 0.9979744553565979 1359 341 1480 373 boundary
1 6 0.997869610786438 1485 341 1562 367 condi-
1 7 0.9285972714424133 147 371 293 401 formulation
1 7 0.9310364723205566 297 373 413 406 naturally
1 7 0.9887351393699646 416 373 512 399 extends
1 7 0.9999619722366333 516 373 551 401 to
1 7 0.9998160004615784 552 371 692 401 all-electron
1 7 0.9968129992485046 693 371 835 401 orbital-free
1 7 0.9943740367889404 878 371 949 406 tions,
1 7 0.9999455213546753 957 373 1035 399 where
1 7 0.9996821880340576 1040 369 1090 403 the
1 7 0.9956372380256653 1095 373 1265 406 perturbations
1 7 0.9996292591094971 1271 371 1303 401 in
1 7 0.9999759197235107 1306 369 1356 403 the
1 7 0.9976396560668945 1361 373 1480 399 electronic
1 7 0.9966737031936646 1487 371 1565 403 struc-
1 8 0.9945365190505981 147 403 212 429 DFT
1 8 0.5206153392791748 214 403 363 433 calculations
1 8 0.9998377561569214 363 403 396 431 of
1 8 0.9973405003547668 395 403 469 436 warm
1 8 0.9999688863754272 469 401 544 433 dense
1 8 0.9928606152534485 546 399 690 431 matter16,17.
1 8 0.999221920967102 695 399 733 436 In
1 8 0.9996811151504517 730 401 780 436 the
1 8 0.9997764229774475 778 406 835 438 pro-
1 8 0.998755693435669 876 403 936 436 ture
1 8 0.9308947324752808 933 401 1024 440 arising
1 8 0.9996311664581299 1020 401 1074 436 due
1 8 0.9995991587638855 1072 403 1105 433 to
1 8 0.999872088432312 1104 401 1153 436 the
1 8 0.952287495136261 1150 406 1253 438 vacancy
1 8 0.9883058667182922 1256 406 1358 431 vanishes
1 8 0.9998534917831421 1359 408 1397 433 on
1 8 0.9998643398284912 1397 403 1442 431 the
1 8 0.9995957016944885 1444 403 1563 436 boundary
1 9 0.9999377727508545 147 436 220 468 posed
1 9 0.9988865256309509 230 436 353 468 real-space
1 9 0.9127041101455688 361 436 512 466 formulation,
1 9 0.9999833106994629 521 431 569 466 the
1 9 0.854396402835846 574 436 732 468 ground-state
1 9 0.9850100874900818 740 436 831 461 orbital-
1 9 0.9849112033843994 874 431 913 468 of
1 9 0.9995154142379761 909 431 959 466 the
1 9 0.7637550234794617 961 438 1140 468 computational
1 9 0.9953011274337769 1145 433 1248 466 domain.
1 9 0.9999182224273682 1261 433 1316 466 Our
1 9 0.9985285997390747 1318 436 1394 468 study
1 9 0.9623855948448181 1396 433 1504 472 suggests
1 9 0.999966025352478 1505 433 1567 466 that
1 10 0.9998936653137207 146 466 199 498 free
1 10 0.9994457364082336 200 466 268 498 DFT
1 10 0.732304036617279 272 468 373 500 problem
1 10 0.9991173148155212 378 466 406 498 is
1 10 0.9857741594314575 408 466 567 496 reformulated
1 10 0.9996517896652222 571 472 605 498 as
1 10 0.9996126294136047 605 472 644 498 an
1 10 0.9999357461929321 645 468 775 500 equivalent
1 10 0.9998762607574463 776 466 835 498 sad-
1 10 0.9989516735076904 879 468 946 494 while
1 10 0.9999384880065918 951 468 996 496 the
1 10 0.9840556383132935 997 470 1099 502 vacancy
1 10 0.9792433381080627 1102 466 1225 498 formation
1 10 0.9970314502716064 1228 470 1314 502 energy
1 10 0.9994513392448425 1316 466 1344 498 is
1 10 0.9994658827781677 1343 464 1399 498 well
1 10 0.9969415068626404 1401 466 1527 504 converged
1 10 0.9974985718727112 1527 466 1567 502 by
1 11 0.9997327923774719 146 496 192 530 dle
1 11 0.9999300241470337 194 500 263 532 point
1 11 0.996687114238739 268 500 371 532 problem
1 11 0.9999951124191284 376 498 410 528 of
1 11 0.9995585083961487 408 500 433 530 a
1 11 0.9917371869087219 436 500 498 526 local
1 11 0.845365047454834 504 500 629 526 functional
1 11 0.9978396892547607 634 498 665 528 in
1 11 0.9919686913490295 670 500 770 526 electron
1 11 0.9997039437294006 775 498 835 530 den-
1 11 0.9734213948249817 878 498 929 530 108
1 11 0.9999791383743286 933 502 999 528 atom
1 11 0.9988239407539368 1009 500 1105 526 cell-size
1 11 0.9976910352706909 1112 500 1183 532 using
1 11 0.9951658248901367 1190 500 1293 532 periodic
1 11 0.9650444388389587 1301 500 1421 532 boundary
1 11 0.8751440048217773 1427 500 1563 530 conditions,
1 12 0.6443721652030945 146 530 202 565 sity,
1 12 0.9815791845321655 210 530 363 560 electrostatic
1 12 0.9868272542953491 370 532 483 565 potential
1 12 0.9991875290870667 489 530 542 562 and
1 12 0.9999606609344482 546 528 595 562 the
1 12 0.9998887777328491 600 532 712 565 auxiliary
1 12 0.6488140225410461 720 532 833 565 potential
1 12 0.9999570846557617 878 532 926 562 the
1 12 0.9964630007743835 929 532 1049 558 electronic
1 12 0.9962047934532166 1055 532 1122 558 fields
1 12 0.9962640404701233 1128 539 1172 560 are
1 12 0.999717652797699 1172 530 1225 562 not
1 12 0.995155930519104 1226 532 1407 565 well-converged
1 12 0.9917073845863342 1412 528 1452 567 by
1 12 0.9998856782913208 1452 530 1505 562 this
1 12 0.9848071336746216 1507 528 1565 560 cell-
1 13 0.9999573230743408 147 565 214 590 fields
1 13 0.9979647397994995 219 560 308 599 (kernel
1 13 0.9969058632850647 312 565 443 597 potentials)
1 13 0.9490435123443604 449 565 586 597 accounting
1 13 0.9999997615814209 586 560 630 595 for
1 13 0.999956488609314 629 560 677 595 the
1 13 0.999783456325531 680 565 790 590 extended
1 13 0.9995148181915283 793 560 835 595 in-
1 13 0.9557892680168152 876 562 936 595 size.
1 13 0.9954828023910522 952 560 1001 595 On
1 13 0.9999659061431885 1002 560 1052 595 the
1 13 0.9998854398727417 1057 565 1125 590 other
1 13 0.9989797472953796 1133 565 1198 590 hand
1 13 0.9999469518661499 1205 560 1253 595 the
1 13 0.9980512857437134 1260 565 1318 590 bulk
1 13 0.9982581734657288 1326 565 1434 590 Dirichlet
1 13 0.9997270703315735 1444 565 1565 597 boundary
1 14 0.9988574981689453 149 597 270 623 teractions
1 14 0.9998565912246704 273 590 308 627 in
1 14 0.9999676942825317 310 590 358 625 the
1 14 0.9991564750671387 361 592 449 625 kinetic
1 14 0.9901357293128967 453 597 539 629 energy
1 14 0.941623330116272 544 592 679 625 functional.
1 14 0.9985021352767944 690 590 740 625 We
1 14 0.5169755816459656 740 592 835 631 employ
1 14 0.9985162615776062 878 592 1007 625 conditions
1 14 0.9983226656913757 1009 592 1075 625 show
1 14 0.999703586101532 1077 590 1133 625 well
1 14 0.9991961121559143 1135 595 1260 627 converged
1 14 0.9967856407165527 1265 597 1384 623 formation
1 14 0.9967138767242432 1391 601 1474 627 energy
1 14 0.9998691082000732 1475 599 1512 625 as
1 14 0.5459284782409668 1510 590 1565 625 well
1 15 0.9842590689659119 142 625 180 661 al
1 15 0.5687234401702881 172 627 327 659 higher-order
1 15 0.7462307810783386 332 625 503 655 finite-element
1 15 0.9994540810585022 504 625 572 657 basis
1 15 0.9999628067016602 576 627 609 657 to
1 15 0.9993163347244263 614 627 730 653 discretize
1 15 0.9998387098312378 735 627 783 657 the
1 15 0.999326229095459 783 625 836 657 for-
1 15 0.9998704195022583 878 629 911 657 as
1 15 0.99744713306427 911 627 1030 653 electronic
1 15 0.9961792230606079 1034 625 1102 657 fields
1 15 0.999762237071991 1102 625 1142 661 by
1 15 0.9993624091148376 1140 623 1190 657 cell
1 15 0.9998352527618408 1188 625 1250 657 sizes
1 15 0.9999222755432129 1250 625 1283 655 of
1 15 0.7151539921760559 1283 629 1371 655 1,000
1 15 0.9995759129524231 1374 631 1457 657 atoms,
1 15 0.9989103078842163 1462 625 1538 657 which
1 15 0.9999089241027832 1538 625 1565 657 is
1 16 0.9687684774398804 147 659 267 691 mulation,
1 16 0.9997096657752991 272 657 327 689 and
1 16 0.9323675632476807 333 661 486 685 demonstrate
1 16 0.9999828338623047 491 657 541 691 the
1 16 0.9868906736373901 542 659 642 691 optimal
1 16 0.9950858950614929 649 659 770 685 numerical
1 16 0.9767506122589111 776 663 833 687 con-
1 16 0.9971532821655273 878 657 1004 689 consistent
1 16 0.9992769360542297 1006 657 1067 689 with
1 16 0.9863696098327637 1069 659 1135 693 prior
1 16 0.7284444570541382 1138 659 1263 691 real-space
1 16 0.9913539290428162 1266 657 1419 687 calculations.
1 16 0.9998997449874878 1427 657 1490 689 This
1 16 0.9986289739608765 1492 657 1567 691 study
1 17 0.9985212683677673 146 693 257 726 vergence
1 17 0.9989544153213501 258 689 292 719 of
1 17 0.9998608827590942 292 691 353 717 both
1 17 0.9974431991577148 355 687 403 721 the
1 17 0.9726625084877014 405 691 562 724 ground-state
1 17 0.9950172305107117 564 693 652 726 energy
1 17 0.9989581108093262 652 687 707 721 and
1 17 0.7652153968811035 708 691 831 724 configura-
1 17 0.9985095858573914 878 691 966 717 reveals
1 17 0.9999712705612183 971 691 1027 717 that
1 17 0.9976789355278015 1032 691 1102 717 while
1 17 0.9638552665710449 1105 687 1211 726 periodic
1 17 0.9982643723487854 1215 691 1336 724 boundary
1 17 0.5009510517120361 1341 691 1470 719 conditions
1 17 0.9989199638366699 1472 689 1540 721 show
1 17 0.9999310970306396 1540 691 1567 721 a
1 18 0.9475038647651672 147 724 222 749 tional
1 18 0.9995606541633606 227 724 300 749 forces
1 18 0.9991044402122498 305 724 365 749 with
1 18 0.9453709125518799 368 724 459 756 respect
1 18 0.9999303817749023 461 724 496 751 to
1 18 0.9999693632125854 496 719 546 754 the
1 18 0.9901776909828186 546 721 720 751 discretization.
1 18 0.9996469020843506 728 721 833 754 Further,
1 18 0.9999439716339111 878 724 982 756 superior
1 18 0.9572126865386963 989 726 1140 756 convergence
1 18 0.999760091304779 1145 721 1178 751 in
1 18 0.9995328187942505 1185 724 1308 749 formation
1 18 0.9995218515396118 1316 724 1417 756 energies
1 18 0.9998605251312256 1422 721 1477 754 due
1 18 0.9999516010284424 1480 724 1514 751 to
1 18 0.9999663829803467 1517 719 1567 754 the
1 19 0.9897708892822266 146 758 187 784 we
1 19 0.9995726943016052 189 758 290 790 propose
1 19 0.9995772242546082 293 758 332 784 an
1 19 0.9953049421310425 337 756 433 782 efficient
1 19 0.9946130514144897 439 756 562 782 numerical
1 19 0.9997901320457458 567 756 683 788 approach
1 19 0.9998959302902222 688 756 722 784 to
1 19 0.8396708369255066 727 760 833 786 compute
1 19 0.517602264881134 878 754 1012 784 variational
1 19 0.999896764755249 1016 758 1099 782 nature
1 19 0.999992847442627 1104 754 1137 784 of
1 19 0.9992446899414062 1135 751 1182 786 the
1 19 0.9401475787162781 1183 756 1316 786 formalism,
1 19 0.9999150037765503 1319 756 1364 784 the
1 19 0.9995046854019165 1366 754 1426 786 true
1 19 0.9993081092834473 1427 756 1524 782 cell-size
1 19 0.9813057780265808 1525 749 1565 786 ef-
1 20 0.9999878406524658 146 784 194 818 the
1 20 0.999913215637207 192 784 275 816 saddle
1 20 0.9999595880508423 275 786 343 818 point
1 20 0.9965150356292725 345 786 449 818 problem
1 20 0.9997158646583557 449 784 479 816 in
1 20 0.970618724822998 481 784 581 816 electron
1 20 0.9377257823944092 582 786 680 818 density,
1 20 0.8477742075920105 683 788 833 812 electrostatic
1 20 0.99981290102005 878 784 939 816 fects
1 20 0.9998873472213745 942 786 1017 812 which
1 20 0.9995951056480408 1019 784 1077 816 also
1 20 0.9761765003204346 1079 790 1183 814 measure
1 20 0.7658878564834595 1185 790 1338 820 convergence
1 20 0.9999912977218628 1338 782 1374 818 of
1 20 0.5689603686332703 1374 786 1494 812 electronic
1 20 0.9571898579597473 1497 784 1565 816 fields
1 21 0.9901130199432373 147 818 260 850 potential
1 21 0.9999125003814697 263 816 317 848 and
1 21 0.9972823858261108 320 818 396 844 kernel
1 21 0.9946229457855225 403 818 526 850 potentials
1 21 0.9976270794868469 529 814 571 857 by
1 21 0.7632273435592651 571 822 700 850 expressing
1 21 0.9997885823249817 703 818 752 848 the
1 21 0.9998918771743774 752 816 835 848 saddle
1 21 0.9986940026283264 876 822 923 848 are
1 21 0.9975624084472656 924 818 1034 850 provided
1 21 0.9999324083328247 1037 816 1077 852 by
1 21 0.9999171495437622 1077 818 1125 848 the
1 21 0.9992552399635315 1123 816 1187 848 bulk
1 21 0.9966739416122437 1190 818 1298 844 Dirichlet
1 21 0.6346184015274048 1303 818 1424 850 boundary
1 21 0.9900587201118469 1427 816 1563 846 conditions.
1 22 0.9998757839202881 146 850 217 883 point
1 22 0.9992514252662659 224 850 327 883 problem
1 22 0.9927243590354919 333 852 368 880 as
1 22 0.9983080625534058 370 852 396 880 a
1 22 0.9968476891517639 400 848 464 880 fixed
1 22 0.9999599456787109 469 850 539 883 point
1 22 0.9996367692947388 546 850 655 876 iteration
1 22 0.9998213648796082 662 850 773 883 problem,
1 22 0.9996294975280762 781 848 836 880 and
1 22 0.996188223361969 876 846 926 880 We
1 22 0.9999169111251831 924 848 989 880 note
1 22 0.9994480013847351 989 848 1049 880 that
1 22 0.9996300935745239 1054 850 1099 878 the
1 22 0.9998363256454468 1104 850 1216 883 proposed
1 22 0.9447812438011169 1223 850 1348 883 real-space
1 22 0.9963129162788391 1353 848 1499 878 formulation
1 22 0.9995357990264893 1502 846 1565 880 with
1 23 0.9986912608146667 147 883 219 915 using
1 23 0.9999216794967651 219 885 247 913 a
1 23 0.8893120884895325 247 880 421 910 self-consistent
1 23 0.9995416402816772 426 878 486 910 field
1 23 0.9994791150093079 491 883 607 915 approach
1 23 0.9994426369667053 612 883 645 910 to
1 23 0.999713122844696 649 883 713 908 solve
1 23 0.9999806880950928 718 878 766 913 the
1 23 0.8727349638938904 770 883 833 908 fixed
1 23 0.6203646659851074 878 880 1047 910 finite-element
1 23 0.983691930770874 1049 880 1216 910 discretization
1 23 0.9978440999984741 1216 885 1260 910 are
1 23 0.9726357460021973 1261 883 1344 908 crucial
1 23 0.9994120597839355 1344 883 1377 910 to
1 23 0.9992396831512451 1376 883 1505 915 employing
1 23 0.9988402724266052 1505 878 1567 913 bulk
1 24 0.9909570217132568 146 1016 199 1048 free
1 24 0.9949878454208374 199 1016 267 1048 DFT
1 24 0.9989396929740906 267 1014 310 1050 for
1 24 0.9681853652000427 310 1016 346 1048 Al
1 24 0.999649167060852 345 1016 400 1048 and
1 24 0.998348593711853 400 1016 449 1052 Mg
1 24 0.9819069504737854 449 1016 567 1048 materials
1 24 0.9984509944915771 569 1018 675 1050 systems.
1 24 0.9785940647125244 682 1014 723 1048 To
1 24 0.999852180480957 722 1016 776 1048 this
1 24 0.9987886548042297 776 1016 835 1050 end,
1 24 0.9992732405662537 879 1014 971 1039 Section
1 24 0.9998723268508911 974 1011 1004 1044 II
1 24 0.9989877343177795 1006 1014 1110 1046 provides
1 24 0.9996781349182129 1110 1016 1137 1044 a
1 24 0.5549514889717102 1137 1014 1275 1046 description
1 24 0.9999986886978149 1278 1011 1311 1041 of
1 24 0.9995904564857483 1309 1014 1354 1041 the
1 24 0.9950698614120483 1356 1011 1497 1041 orbital-free
1 24 0.9983323216438293 1500 1014 1563 1039 DFT
1 25 0.9957450032234192 146 1052 187 1080 we
1 25 0.9573538303375244 189 1054 293 1080 compute
1 25 0.9996310472488403 298 1050 343 1078 the
1 25 0.9805994033813477 345 1050 403 1076 bulk
1 25 0.9976145029067993 406 1050 532 1082 properties
1 25 0.9860253930091858 534 1048 567 1078 of
1 25 0.9258568286895752 566 1048 609 1082 Al,
1 25 0.9983653426170349 609 1048 659 1084 Mg
1 25 0.9998016953468323 657 1048 710 1080 and
1 25 0.7021467685699463 712 1048 793 1082 Al-Mg
1 25 0.999519944190979 795 1050 835 1078 in-
1 25 0.9970607161521912 878 1046 987 1078 problem.
1 25 0.9994219541549683 1011 1046 1102 1072 Section
1 25 0.9911099672317505 1108 1041 1150 1076 III
1 25 0.999743640422821 1157 1050 1258 1076 presents
1 25 0.9957606196403503 1266 1046 1314 1076 the
1 25 0.9703038930892944 1318 1046 1432 1078 proposed
1 25 0.9508678913116455 1439 1046 1565 1078 real-space
1 26 0.9109348654747009 147 1082 300 1112 termetallics,
1 26 0.9998096823692322 303 1080 358 1112 and
1 26 0.9975557327270508 361 1087 466 1112 compare
1 26 0.9961082339286804 471 1080 498 1110 it
1 26 0.9998738765716553 499 1080 562 1112 with
1 26 0.6721280813217163 566 1080 713 1110 Kohn-Sham
1 26 0.9916589856147766 720 1082 790 1108 DFT.
1 26 0.9998447895050049 795 1078 836 1112 As
1 26 0.7839316725730896 878 1076 1024 1108 formulation
1 26 0.9994474053382874 1027 1072 1065 1108 of
1 26 0.999716579914093 1065 1074 1113 1108 the
1 26 0.7532745599746704 1117 1076 1258 1106 orbital-free
1 26 0.923339307308197 1266 1078 1329 1104 DFT
1 26 0.9993149042129517 1338 1078 1447 1110 problem,
1 26 0.999862790107727 1455 1074 1504 1108 the
1 26 0.9965640902519226 1505 1080 1563 1106 con-
1 27 0.9804258346557617 147 1112 287 1142 orbital-free
1 27 0.9943673014640808 290 1115 353 1140 DFT
1 27 0.9896790981292725 356 1112 415 1147 only
1 27 0.9652251601219177 418 1115 504 1140 admits
1 27 0.7351476550102234 508 1115 569 1140 local
1 27 0.5124574303627014 572 1115 785 1147 pseudopotentials,
1 27 0.9996300935745239 790 1115 835 1142 the
1 27 0.9654081463813782 879 1108 1020 1140 figurational
1 27 0.9995842576026917 1025 1110 1099 1136 forces
1 27 0.9993098974227905 1102 1110 1228 1136 associated
1 27 0.9998005032539368 1230 1106 1291 1138 with
1 27 0.990998387336731 1293 1110 1416 1136 structural
1 27 0.9882763028144836 1421 1108 1563 1140 relaxations,
1 28 0.8281175494194031 147 1142 297 1173 Kohn-Sham
1 28 0.9987252354621887 300 1145 366 1170 DFT
1 28 0.975943922996521 368 1145 517 1175 calculations
1 28 0.9998401403427124 519 1149 564 1175 are
1 28 0.9975208640098572 569 1147 693 1173 conducted
1 28 0.9820152521133423 698 1145 768 1179 using
1 28 0.9999561309814453 770 1142 835 1175 both
1 28 0.9978440999984741 876 1138 929 1170 and
1 28 0.9998414516448975 933 1140 981 1170 the
1 28 0.8386402130126953 982 1138 1152 1168 finite-element
1 28 0.9574803709983826 1157 1138 1324 1168 discretization
1 28 0.999424934387207 1328 1138 1361 1168 of
1 28 0.9997332692146301 1362 1140 1407 1168 the
1 28 0.99432772397995 1411 1138 1563 1170 formulation.
1 29 0.9824715256690979 146 1175 210 1207 local
1 29 0.9995262622833252 214 1175 268 1207 and
1 29 0.9984103441238403 273 1179 388 1205 non-local
1 29 0.5387223362922668 398 1177 597 1209 psedupotentials.
1 29 0.6814358234405518 614 1175 672 1207 Our
1 29 0.9196275472640991 675 1175 766 1207 studies
1 29 0.9873573780059814 770 1175 835 1207 indi-
1 29 0.9992591738700867 879 1173 971 1198 Section
1 29 0.9983194470405579 971 1168 1011 1203 IV
1 29 0.9667649865150452 1012 1173 1122 1198 discusses
1 29 0.9999746084213257 1123 1168 1172 1203 the
1 29 0.9160047769546509 1172 1173 1293 1198 numerical
1 29 0.9392828345298767 1296 1173 1489 1205 implementation
1 29 0.9999829530715942 1490 1170 1524 1200 of
1 29 0.9999773502349854 1519 1168 1567 1203 the
1 30 0.9971565008163452 147 1211 214 1237 cates
1 30 0.9993622899055481 219 1207 277 1239 that
1 30 0.9949129819869995 282 1209 330 1239 the
1 30 0.999733030796051 332 1207 395 1239 bulk
1 30 0.9970071911811829 400 1209 526 1241 properties
1 30 0.9171620607376099 532 1209 655 1241 computed
1 30 0.9888452887535095 662 1209 733 1241 using
1 30 0.9915516376495361 740 1209 831 1235 orbital-
1 30 0.9951162338256836 878 1203 1024 1233 formulation
1 30 0.9998362064361572 1024 1200 1079 1235 and
1 30 0.9991965889930725 1079 1205 1183 1237 presents
1 30 0.9997864365577698 1183 1207 1221 1235 an
1 30 0.9986374974250793 1223 1205 1321 1231 efficient
1 30 0.986858606338501 1324 1205 1445 1231 numerical
1 30 0.9990894794464111 1447 1200 1567 1239 approach
1 31 0.9999861717224121 146 1237 199 1271 free
1 31 0.9938380122184753 197 1239 263 1271 DFT
1 31 0.9999997615814209 260 1237 305 1271 for
1 31 0.9131831526756287 303 1237 346 1274 Al,
1 31 0.9953711628913879 345 1239 398 1276 Mg
1 31 0.9978756904602051 390 1239 444 1271 and
1 31 0.9772844314575195 444 1239 527 1274 Al-Mg
1 31 0.8895032405853271 526 1239 695 1271 intermetallics
1 31 0.9987439513206482 695 1243 740 1269 are
1 31 0.9998051524162292 737 1237 771 1274 in
1 31 0.9999203681945801 768 1237 836 1278 good
1 31 0.9999971389770508 876 1233 919 1267 for
1 31 0.999976634979248 918 1233 966 1267 the
1 31 0.9992399215698242 967 1237 1067 1263 solution
1 31 0.9999282360076904 1069 1235 1102 1265 of
1 31 0.999421238899231 1100 1233 1148 1267 the
1 31 0.9993593096733093 1148 1237 1228 1263 saddle
1 31 0.9999710321426392 1231 1235 1303 1269 point
1 31 0.998734176158905 1304 1237 1429 1269 real-space
1 31 0.9957433342933655 1431 1233 1565 1265 variational
1 32 0.9958630800247192 147 1274 277 1306 agreement
1 32 0.9998006224632263 278 1274 338 1299 with
1 32 0.9093413949012756 338 1271 488 1301 Kohn-Sham
1 32 0.9268451929092407 489 1274 559 1299 DET.
1 32 0.999707043170929 562 1269 609 1304 We
1 32 0.9993281364440918 610 1274 697 1299 further
1 32 0.9936087131500244 700 1274 833 1306 investigate
1 32 0.9992693066596985 878 1269 987 1301 problem.
1 32 0.9993816614151001 1001 1269 1092 1295 Section
1 32 0.9988571405410767 1099 1265 1127 1297 V
1 32 0.9986819624900818 1130 1269 1233 1301 presents
1 32 0.999961256980896 1236 1265 1284 1299 the
1 32 0.9918621778488159 1286 1269 1409 1295 numerical
1 32 0.9873328804969788 1414 1271 1565 1301 convergence
1 33 0.8782894015312195 147 1306 195 1336 the
1 33 0.995492696762085 194 1310 305 1336 accuracy
1 33 0.9999992847442627 307 1304 338 1332 of
1 33 0.99809330701828 335 1304 476 1334 orbital-free
1 33 0.9975342750549316 479 1306 542 1332 DFT
1 33 0.9898395538330078 542 1301 582 1340 by
1 33 0.9989514350891113 582 1306 713 1338 computing
1 33 0.9886232018470764 717 1306 762 1334 the
1 33 0.9976257681846619 763 1306 833 1332 inter-
1 33 0.9999710321426392 878 1297 964 1329 results
1 33 0.9987097978591919 967 1295 1006 1332 of
1 33 0.9999265670776367 1007 1299 1052 1327 the
1 33 0.9531167149543762 1062 1299 1231 1329 finite-element
1 33 0.9755277633666992 1238 1299 1407 1329 discretization
1 33 0.9999655485153198 1411 1295 1450 1329 of
1 33 0.9999555349349976 1452 1299 1497 1327 the
1 33 0.9275246262550354 1502 1297 1565 1329 real-
1 34 0.9878586530685425 149 1338 234 1364 atomic
1 34 0.9987767338752747 235 1334 312 1366 forces
1 34 0.9998806715011597 310 1334 341 1364 in
1 34 0.9850291609764099 341 1334 429 1366 Aland
1 34 0.9861605167388916 429 1334 483 1370 Mg,
1 34 0.9993209838867188 484 1334 561 1366 which
1 34 0.9812393188476562 562 1342 605 1364 are
1 34 0.9983322024345398 605 1334 660 1366 also
1 34 0.9995521903038025 659 1336 690 1366 in
1 34 0.9940529465675354 688 1336 753 1370 good
1 34 0.9989367127418518 755 1338 835 1370 agree-
1 34 0.9978331923484802 878 1332 951 1364 space
1 34 0.999286949634552 949 1332 1102 1362 formulation,
1 34 0.9999833106994629 1104 1327 1152 1362 the
1 34 0.9991129040718079 1152 1336 1261 1362 accuracy
1 34 0.9820603132247925 1261 1329 1314 1362 and
1 34 0.8057538270950317 1314 1332 1489 1364 transferability
1 34 0.8191211819648743 1490 1329 1527 1362 oft
1 34 0.9999675750732422 1517 1327 1567 1362 the
1 35 0.68527752161026 146 1370 214 1396 ment
1 35 0.9983056783676147 219 1366 282 1398 with
1 35 0.8493602275848389 285 1366 436 1396 Kohn-Sham
1 35 0.9801236987113953 441 1368 508 1394 DFT
1 35 0.9949892163276672 512 1366 667 1396 calculations.
1 35 0.9999793767929077 683 1366 740 1398 Our
1 35 0.9996893405914307 743 1366 835 1398 studies
1 35 0.9784946441650391 878 1364 1002 1396 real-space
1 35 0.9293704032897949 1006 1362 1145 1392 orbital-free
1 35 0.999143123626709 1150 1364 1213 1390 DFT
1 35 0.5169247388839722 1216 1364 1339 1390 formalism
1 35 0.9999997615814209 1341 1359 1386 1394 for
1 35 0.8615143299102783 1386 1362 1469 1396 Al-Mg
1 35 0.9977232813835144 1472 1364 1563 1390 materi-
1 36 0.954380452632904 149 1402 302 1426 demonstrate
1 36 0.9351662993431091 303 1398 363 1430 that
1 36 0.9980148077011108 363 1398 501 1428 orbital-free
1 36 0.9880861043930054 504 1400 569 1426 DFT
1 36 0.9998733997344971 569 1398 595 1430 is
1 36 0.7072258591651917 597 1402 702 1426 accurate.
1 36 0.9926970601081848 703 1398 757 1430 and
1 36 0.9926550388336182 755 1398 835 1430 trans-
1 36 0.9999452829360962 876 1392 919 1426 als
1 36 0.9985435009002686 921 1396 1017 1428 system,
1 36 0.9999377727508545 1022 1392 1075 1426 and
1 36 0.9999674558639526 1079 1392 1127 1426 the
1 36 0.9994809031486511 1128 1394 1203 1428 study
1 36 0.9998948574066162 1206 1394 1240 1424 of
1 36 0.9999713897705078 1240 1392 1288 1426 the
1 36 0.9969910383224487 1289 1392 1346 1426 role
1 36 0.999981164932251 1344 1390 1381 1426 of
1 36 0.9811146855354309 1381 1392 1504 1430 boundary
1 36 0.9949437975883484 1507 1398 1563 1424 con-
1 37 0.9984267950057983 147 1433 234 1458 ferable
1 37 0.9997239708900452 239 1435 317 1460 across
1 37 0.9998717308044434 317 1435 343 1463 a
1 37 0.9656408429145813 343 1433 405 1458 wide
1 37 0.9239230751991272 406 1435 483 1467 range
1 37 0.9999246597290039 483 1430 516 1460 of
1 37 0.9993351101875305 516 1433 642 1465 properties
1 37 0.9999997615814209 644 1428 688 1463 for
1 37 0.8600963354110718 688 1428 732 1465 Al,
1 37 0.9971935153007507 733 1430 781 1467 Mg
1 37 0.999483585357666 783 1430 836 1463 and
1 37 0.9897834658622742 878 1424 966 1456 ditions
1 37 0.999842643737793 967 1430 1006 1456 on
1 37 0.999945878982544 1007 1424 1054 1458 the
1 37 0.9266531467437744 1055 1428 1152 1454 cell-size
1 37 0.9994388222694397 1155 1424 1238 1456 effects
1 37 0.9993138313293457 1236 1422 1271 1458 in
1 37 0.9991196990013123 1273 1428 1394 1454 electronic
1 37 0.9995079040527344 1396 1426 1514 1458 structure
1 37 0.9993222951889038 1514 1424 1565 1456 cal-
1 38 0.9132707118988037 147 1463 230 1497 Al-Mg
1 38 0.9137440323829651 230 1465 405 1495 intermetallics,
1 38 0.9874337315559387 406 1463 461 1495 and
1 38 0.9990841150283813 459 1467 508 1493 can
1 38 0.9868033528327942 508 1463 544 1495 be
1 38 0.9995099306106567 541 1463 602 1495 used
1 38 0.9996771812438965 602 1465 634 1493 to
1 38 0.9996699094772339 634 1463 707 1497 study
1 38 0.9953174591064453 708 1465 833 1497 properties
1 38 0.9971778392791748 879 1460 991 1486 culations
1 38 0.9999809265136719 996 1454 1032 1491 of
1 38 0.9999841451644897 1034 1458 1102 1493 point
1 38 0.9995620846748352 1108 1456 1205 1488 defects.
1 38 0.6788191199302673 1223 1458 1268 1486 We
1 38 0.7088080048561096 1275 1458 1354 1491 finally
1 38 0.9982753992080688 1361 1456 1472 1488 conclude
1 38 0.9998528957366943 1477 1456 1540 1488 with
1 39 0.9999399185180664 146 1495 179 1525 of
1 39 0.9994194507598877 174 1493 245 1525 these
1 39 0.9989136457443237 245 1497 360 1523 materials
1 39 0.998749852180481 363 1499 459 1525 systems
1 39 0.9440614581108093 461 1493 519 1525 that
1 39 0.9998303651809692 521 1495 609 1527 require
1 39 0.6813299059867859 610 1495 788 1527 computational
1 39 0.9994674324989319 790 1495 835 1523 do-
1 39 0.9416131973266602 878 1497 996 1523 summary
1 39 0.999311089515686 996 1488 1050 1523 and
1 39 0.9995477795600891 1052 1488 1150 1521 outlook
1 39 0.9995597004890442 1150 1486 1185 1523 in
1 39 0.996678352355957 1183 1488 1278 1521 Section
1 39 0.9941794872283936 1281 1486 1328 1521 VI.
2 0 0.999487042427063 147 913 217 947 point
2 0 0.9995989203453064 220 915 327 941 iteration
2 0 0.9991616010665894 333 915 441 947 problem.
3 0 0.9980772733688354 879 915 987 941 Dirichlet
3 0 0.9995564818382263 992 915 1112 947 boundary
3 0 0.9780899286270142 1113 915 1250 945 conditions,
3 0 0.9988560676574707 1255 915 1328 941 which
3 0 0.9947722554206848 1331 915 1414 941 enable
3 0 0.9999748468399048 1414 910 1462 945 the
3 0 0.9999074935913086 1460 913 1535 947 study
3 0 0.9997358918190002 1535 913 1572 945 of
3 1 0.9999542236328125 904 979 961 1011 The
3 1 0.9985866546630859 966 981 1095 1009 remainder
3 1 0.868369996547699 1100 979 1133 1009 of
3 1 0.9991185069084167 1135 977 1185 1011 the
3 1 0.9989429116249084 1187 983 1265 1016 paper
3 1 0.9998612403869629 1270 979 1298 1011 is
3 1 0.9986156225204468 1303 981 1424 1014 organized
3 1 0.9934806823730469 1429 983 1465 1011 as
3 1 0.9989443421363831 1470 981 1562 1007 follows.
4 0 0.8566256761550903 172 949 381 988 Wesubsequently
4 0 0.896202802658081 381 953 516 986 investigate
4 0 0.9994660019874573 517 953 562 981 the
4 0 0.9817806482315063 562 956 674 988 accuracy
4 0 0.9996998310089111 672 951 727 983 and
4 0 0.9973656535148621 727 956 831 981 transfer-
4 0 0.9991894364356995 878 945 976 971 isolated
4 0 0.9996680021286011 979 943 1069 975 defects
4 0 0.9998704195022583 1070 945 1100 973 in
4 0 0.9991718530654907 1102 943 1168 975 bulk.
5 0 0.9978349804878235 147 983 230 1018 ability
5 0 0.9999886751174927 232 983 265 1014 of
5 0 0.9976493716239929 263 983 312 1018 the
5 0 0.9781654477119446 315 990 423 1016 proposed
5 0 0.995537519454956 431 986 554 1018 real-space
5 0 0.5932866930961609 559 983 705 1016 formulation
5 0 0.9999972581863403 705 981 742 1018 of
5 0 0.9934446811676025 740 986 831 1011 orbital-
6 0 0.8034889698028564 146 1525 225 1557 mains
6 0 0.9959267377853394 224 1525 283 1557 that
6 0 0.9438953995704651 282 1529 328 1555 are
6 0 0.9953687191009521 325 1527 373 1557 not
6 0 0.9965518712997437 373 1527 493 1553 accessible
6 0 0.9953433871269226 494 1527 566 1559 using
6 0 0.955710232257843 564 1525 712 1555 Kohn-Sham
6 0 0.9980660080909729 713 1525 786 1557 DFT.
6 0 0.9999943971633911 788 1527 836 1557 For
6 1 0.9992927312850952 149 1561 257 1587 instance,
6 1 0.9999163150787354 263 1557 295 1587 in
6 1 0.9997797608375549 297 1555 346 1589 the
6 1 0.9995385408401489 348 1559 443 1591 present
6 1 0.9998111128807068 448 1559 522 1594 study
6 1 0.9988565444946289 526 1566 564 1585 we
6 1 0.8841454982757568 569 1559 693 1591 computed
6 1 0.9999723434448242 697 1555 745 1589 the
6 1 0.9359376430511475 748 1559 833 1585 forma-
6 2 0.9990602135658264 146 1589 204 1622 tion
6 2 0.9980680346488953 204 1594 290 1626 energy
6 2 0.9993786811828613 292 1589 328 1622 of
6 2 0.3902493417263031 323 1585 358 1626 B'
6 2 0.846199631690979 360 1589 443 1624 Al-Mg
6 2 0.9744798541069031 446 1589 511 1624 alloy
6 2 0.9441091418266296 512 1591 645 1624 containing
6 2 0.9995218515396118 645 1589 697 1622 879
6 2 0.9995725750923157 698 1594 778 1619 atoms
6 2 0.9999099969863892 780 1589 813 1619 in
6 2 0.999914288520813 811 1594 836 1622 a
6 3 0.9953112006187439 146 1622 204 1654 unit
6 3 0.9977741837501526 204 1622 255 1654 cell
6 3 0.9991369843482971 257 1624 386 1656 employing
6 3 0.9998043179512024 391 1624 436 1652 the
6 3 0.9991357922554016 441 1624 554 1656 proposed
6 3 0.9751428961753845 559 1624 683 1656 real-space
6 3 0.9653391242027283 688 1622 835 1652 formulation
6 4 0.9990485310554504 144 1682 185 1718 be
6 4 0.7612739205360413 185 1686 343 1718 prohibitively
6 4 0.9997444748878479 346 1686 468 1718 expensive
6 4 0.994742751121521 471 1686 542 1720 using
6 4 0.7694814205169678 544 1684 693 1714 Kohn-Sham
6 4 0.9545512795448303 697 1686 766 1712 DFT.
6 5 0.9999630451202393 172 1723 222 1757 We
6 5 0.9988184571266174 225 1727 305 1759 finally
6 5 0.5778024196624756 310 1727 446 1759 investigate
6 5 0.9976845979690552 449 1727 498 1757 the
6 5 0.7016055583953857 499 1725 600 1757 cell-size
6 5 0.9997482895851135 602 1725 685 1757 effects
6 5 0.9984548091888428 687 1723 722 1759 in
6 5 0.9999666213989258 722 1723 771 1757 the
6 5 0.9948769211769104 773 1725 835 1757 elec-
6 6 0.9972296357154846 146 1757 227 1789 tronic
6 6 0.7950633764266968 230 1761 345 1787 structure
6 6 0.9998542070388794 350 1757 381 1787 of
6 6 0.9998252987861633 385 1759 454 1791 point
6 6 0.9890566468238831 461 1761 552 1787 defects,
6 6 0.9996267557144165 561 1757 592 1787 in
6 6 0.9970756769180298 597 1759 722 1791 particular
6 6 0.9999104738235474 723 1763 750 1791 a
6 6 0.9957813024520874 752 1763 833 1787 mono-
6 7 0.9840153455734253 146 1821 272 1854 mulations
6 7 0.9999455213546753 277 1821 310 1851 of
6 7 0.936087429523468 312 1821 453 1851 orbital-free
6 7 0.9985079169273376 459 1824 524 1849 DFT
6 7 0.915030300617218 531 1824 592 1849 have
6 7 0.9971559047698975 597 1824 720 1856 suggested
6 7 0.6908586621284485 727 1824 783 1849 that
6 7 0.9998410940170288 788 1824 836 1854 the
6 8 0.9997684359550476 149 1856 270 1882 formation
6 8 0.998860239982605 275 1858 363 1890 energy
6 8 0.9976468682289124 366 1854 403 1886 of
6 8 0.9972702860832214 400 1858 428 1886 a
6 8 0.9279676675796509 428 1858 605 1888 mono-vacancy
6 8 0.9995623230934143 610 1854 644 1884 in
6 8 0.9939242005348206 644 1851 683 1886 Al
6 8 0.9997978806495667 685 1854 713 1884 is
6 8 0.7481080293655396 717 1854 773 1886 well
6 8 0.9914513230323792 776 1860 835 1884 con-
6 9 0.999945878982544 147 1886 230 1920 verged
6 9 0.9888293147087097 235 1884 277 1922 by
6 9 0.9996274709701538 280 1884 381 1916 108-256
6 9 0.9997629523277283 386 1888 454 1914 atom
6 9 0.9361940622329712 459 1879 599 1918 cell-sizes22.
6 9 0.9969172477722168 620 1886 735 1918 However,
6 9 0.9967617392539978 745 1890 833 1914 coarse-
7 0 0.9979819059371948 896 1521 937 1557 II.
7 0 0.9296817779541016 961 1527 1187 1551 ORBITAL-FRDE
7 0 0.9999176263809204 1191 1523 1333 1553 DENSITY
7 0 0.995347797870636 1338 1523 1542 1553 FUNCTIONAL
7 1 0.9994621872901917 903 1626 962 1658 The
7 1 0.8983324766159058 962 1628 1120 1660 ground-state
7 1 0.9984014630317688 1123 1630 1210 1662 energy
7 1 0.9999604225158691 1208 1624 1246 1660 of
7 1 0.9996709823608398 1241 1630 1268 1658 a
7 1 0.9988704323768616 1266 1628 1349 1660 charge
7 1 0.9984118938446045 1351 1626 1445 1658 neutral
7 1 0.9851239323616028 1449 1628 1533 1654 materia
7 2 0.9949583411216736 878 1692 971 1725 density
7 2 0.8546718955039978 974 1690 1100 1723 functional
7 2 0.9998681545257568 1102 1692 1188 1725 theory
7 2 0.997875452041626 1188 1690 1218 1720 is
7 2 0.9426055550575256 1218 1692 1288 1727 given
7 2 0.5662974715232849 1288 1684 1356 1727 by1.7
8 0 0.999964714050293 1157 1555 1288 1579 THEORY
9 0 0.9999910593032837 146 1654 182 1686 of
9 0 0.9755692481994629 180 1654 320 1684 orbital-free
9 0 0.9987849593162537 325 1654 396 1686 DFT,
9 0 0.9729814529418945 401 1652 451 1686 but
9 0 0.9999617338180542 453 1652 501 1686 the
9 0 0.9992994070053101 503 1658 571 1684 same
9 0 0.8386898040771484 576 1656 665 1688 system
9 0 0.9988686442375183 669 1658 720 1684 was
9 0 0.9953296184539795 725 1656 798 1682 found
9 0 0.9993870258331299 803 1656 836 1684 to
9 0 0.9986125230789185 876 1662 967 1695 system
9 0 0.9978491067886353 971 1660 1104 1692 containing
9 0 0.9932689070701599 1105 1656 1145 1690 M
9 0 0.9956679344177246 1148 1660 1225 1686 nuclei
9 0 0.9907397031784058 1228 1656 1283 1690 and
9 0 0.9940569400787354 1284 1658 1316 1688 N
9 0 0.995625376701355 1319 1658 1416 1690 valence
9 0 0.9997252821922302 1419 1660 1530 1686 electrons
9 1 0.9915794134140015 146 1793 249 1826 vacancy
9 1 0.9995337724685669 255 1789 287 1819 in
9 1 0.7549204230308533 292 1787 337 1821 Al.
9 1 0.9999128580093384 356 1791 425 1817 Prior
9 1 0.9872865080833435 433 1791 522 1817 studies
9 1 0.9985920786857605 531 1791 600 1824 using
9 1 0.989101231098175 609 1789 776 1819 Fourier-based
9 1 0.9997312426567078 783 1789 835 1821 for-
9 1 0.8512195944786072 879 1783 979 1821 E(p,R)
9 1 0.9648218750953674 977 1789 1011 1815 =
9 1 0.21489477157592773 1009 1787 1535 1819 TOE.OHEwARh.t8
9 2 0.999326229095459 147 1918 244 1950 grained
9 2 0.9824588298797607 244 1918 368 1950 real-space
9 2 0.8496049046516418 370 1916 519 1946 calculations
9 2 0.9901946187019348 517 1916 582 1948 have
9 2 0.9994379878044128 582 1918 703 1950 suggested
9 2 0.9923499226570129 703 1916 763 1948 that
9 2 0.9564887285232544 762 1916 835 1948 much
9 2 0.9996016621589661 879 1920 974 1946 denotes
9 2 0.9985584616661072 979 1918 1024 1946 the
9 2 0.997786283493042 1025 1920 1105 1946 vector
9 2 0.9471272230148315 1108 1918 1241 1950 containing
9 2 0.9998985528945923 1245 1918 1289 1946 the
9 2 0.9934276342391968 1293 1918 1406 1950 positions
9 2 0.9956861734390259 1406 1914 1444 1950 of
9 2 0.9992209672927856 1442 1916 1479 1948 M
9 2 0.997951090335846 1479 1916 1563 1948 nuclei.
9 3 0.9995423555374146 147 1950 224 1983 larger
9 3 0.9719778299331665 227 1950 335 1976 cell-sizes
9 3 0.9999661445617676 338 1948 371 1978 of
9 3 0.9650322794914246 371 1950 420 1980 the
9 3 0.985607385635376 421 1950 489 1976 order
9 3 0.9998972415924072 493 1948 526 1978 of
9 3 0.998840868473053 526 1948 597 1980 1,000
9 3 0.9071436524391174 599 1948 679 1980 atoms
9 3 0.9956555366516113 680 1952 728 1983 are
9 3 0.9994075298309326 728 1950 833 1983 required
9 3 0.6151160597801208 876 1946 916 1980 In.
9 3 0.9999796152114868 916 1946 966 1980 the
9 3 0.9998959302902222 972 1948 1059 1985 above,
9 3 0.9098725318908691 1065 1946 1104 1983 Ts
9 3 0.99970942735672 1112 1948 1211 1980 denotes
9 3 0.9992719292640686 1218 1950 1266 1980 the
9 3 0.9959112405776978 1275 1950 1361 1976 kinetic
9 3 0.9981246590614319 1369 1952 1457 1985 energy
9 3 0.9999898672103882 1465 1948 1499 1978 of
9 3 0.995622456073761 1502 1955 1565 1978 non-
9 4 0.9999998807907104 146 1978 190 2013 for
9 4 0.9425317645072937 192 1985 343 2015 convergence
9 4 0.9999496936798096 346 1980 380 2010 of
9 4 0.9753957390785217 381 1985 484 2017 vacancy
9 4 0.9972056746482849 489 1983 612 2008 formation
9 4 0.9872046709060669 617 1978 750 2017 energies30,
9 4 0.9998527765274048 758 1983 833 2008 which
9 4 0.9986318945884705 878 1983 1014 2015 interacting
9 4 0.986979603767395 1017 1983 1137 2015 electrons,
9 4 0.8378152251243591 1138 1980 1190 2015 Erc
9 4 0.9996709823608398 1190 1980 1218 2010 is
9 4 0.9937012195587158 1218 1983 1266 2013 the
9 4 0.7641984820365906 1266 1983 1519 2013 exchange-correlation
9 4 0.9997277855873108 1520 1985 1563 2010 en-
10 0 0.972802460193634 906 1884 1100 1922 wherepdenotes
10 0 0.9996606111526489 1100 1886 1145 1914 the
10 0 0.8697544932365417 1147 1886 1343 1918 electron-density
10 0 0.9973359704017639 1339 1884 1394 1918 and
10 0 0.9992274045944214 1391 1882 1426 1918 R
10 0 0.9966687560081482 1421 1888 1455 1914 =
10 0 0.3426155745983124 1452 1882 1550 1920 (RI,R,
