block line confidence X1 Y1 X2 Y2 token
0 0 0.8235564231872559 1278 272 1502 302 YITP-SB-17-22
1 0 0.5838717222213745 239 464 337 513 Soft
1 0 0.9863418936729431 351 466 556 511 Graviton
1 0 0.997806966304779 574 466 781 513 Emission
1 0 0.9996742010116577 791 464 848 517 at
1 0 0.9998730421066284 859 466 974 522 High
1 0 0.9605205059051514 982 461 1075 517 and
1 0 0.9419432878494263 1089 466 1190 513 Low
1 0 0.729369580745697 1205 468 1401 522 Energies
1 0 0.7948814630508423 1409 472 1460 515 in
2 0 0.98321932554245 521 534 707 582 Yukawa
2 0 0.9796523451805115 715 528 808 584 and
2 0 0.9958754181861877 820 532 964 580 Scalar
2 0 0.9967693090438843 977 534 1178 582 Theories
3 0 0.9991745352745056 703 646 848 685 Hualong
3 0 0.8208651542663574 858 646 987 678 Gervais
4 0 0.9743223786354065 476 691 561 732 C.N.
4 0 0.9991149306297302 571 696 660 736 Yang
4 0 0.5352364778518677 670 698 818 730 Institute
4 0 0.999251663684845 826 691 883 734 for
4 0 0.9950599074363708 889 696 1082 728 Theoretical
4 0 0.9970249533653259 1095 696 1225 734 Physics
4 1 0.9935951828956604 478 745 544 779 and
4 1 0.8853384256362915 557 749 760 782 Department
4 1 0.9650055766105652 768 743 810 782 of
4 1 0.9993564486503601 816 745 947 784 Physics
4 1 0.9971761703491211 954 741 1024 782 and
4 1 0.9218763113021851 1034 745 1223 784 Astronomy
5 0 0.9996278285980225 340 790 444 837 Stony
5 0 0.9996022582054138 451 792 561 831 Brook
5 0 0.9995566010475159 572 799 750 831 University,
5 0 0.9999735355377197 765 794 866 835 Stony
5 0 0.9938051700592041 876 794 992 833 Brook,
5 0 0.984063982963562 1001 794 1065 829 NY
5 0 0.9994608759880066 1077 797 1265 829 11794-3840
5 0 0.9997163414955139 1275 790 1358 831 USA
6 0 0.5289443135261536 733 872 813 915 May
6 0 0.9996176958084106 820 870 878 915 29,
6 0 0.9977571368217468 884 874 967 906 2020
6 1 0.9662136435508728 783 1003 918 1026 Abstract
7 0 0.9986043572425842 323 1054 373 1089 We
7 0 0.9999656677246094 373 1057 453 1091 study
7 0 0.9473580121994019 456 1057 607 1087 corrections
7 0 0.9999837875366211 609 1059 644 1087 to
7 0 0.9998493194580078 645 1054 697 1087 the
7 0 0.9974294304847717 695 1054 752 1087 soft
7 0 0.9998505115509033 755 1059 869 1091 graviton
7 0 0.7538190484046936 874 1059 986 1082 theorem
7 0 0.8337697982788086 989 1057 1025 1089 at
7 0 0.99395352602005 1024 1054 1065 1089 all
7 0 0.9977138042449951 1065 1057 1128 1091 loop
7 0 0.9951163530349731 1133 1059 1218 1084 orders
7 0 0.9999707937240601 1220 1052 1256 1089 in
7 0 0.9971392154693604 1258 1059 1364 1084 Yukawa
7 0 0.9928624033927917 1366 1054 1422 1087 and
7 1 0.9978923201560974 277 1093 361 1125 scalar
7 1 0.7323395609855652 363 1095 478 1127 theories,
7 1 0.9979859590530396 483 1093 549 1125 both
7 1 0.9999735355377197 549 1095 582 1125 in
7 1 0.9994705319404602 582 1093 634 1125 the
7 1 0.9996342658996582 634 1091 698 1132 high
7 1 0.9939595460891724 698 1097 791 1130 energy
7 1 0.7083410024642944 791 1093 848 1125 and
7 1 0.999893069267273 850 1093 903 1125 low
7 1 0.9985514283180237 903 1097 996 1130 energy
7 1 0.9884912967681885 996 1095 1102 1127 regions.
7 1 0.9996107220649719 1112 1093 1140 1123 It
7 1 0.9998101592063904 1140 1093 1168 1123 is
7 1 0.9682756662368774 1170 1095 1248 1121 found
7 1 0.99977046251297 1253 1095 1313 1121 that
7 1 0.999832034111023 1314 1091 1366 1125 the
7 1 0.9998981952667236 1364 1093 1424 1125 tree
7 2 0.9999055862426758 278 1130 345 1162 level
7 2 0.9919123649597168 346 1130 403 1164 soft
7 2 0.5085550546646118 410 1134 519 1160 theorem
7 2 0.9995372295379639 522 1130 557 1166 is
7 2 0.7408992648124695 561 1134 682 1160 corrected
7 2 0.9999363422393799 688 1130 730 1168 by
7 2 0.9990668892860413 735 1134 828 1160 matrix
7 2 0.863825261592865 833 1134 951 1160 elements
7 2 0.9971871972084045 957 1130 1064 1168 coupled
7 2 0.7333616018295288 1070 1134 1104 1162 to
7 2 0.9999985694885254 1107 1130 1158 1162 the
7 2 0.8431776165962219 1163 1134 1284 1160 Riemann
7 2 0.9041776657104492 1291 1136 1421 1160 curvature
7 3 0.9967695474624634 278 1173 365 1198 tensor
7 3 0.9765276908874512 368 1168 405 1200 of
7 3 0.996613085269928 406 1170 536 1198 linearized
7 3 0.9943650960922241 541 1168 645 1207 gravity.
7 3 0.946536123752594 660 1170 762 1196 Further
7 3 0.989010751247406 768 1173 914 1196 corrections
7 3 0.9995630383491516 921 1175 1016 1200 appear
7 3 0.9999830722808838 1020 1170 1052 1200 in
7 3 0.9999943971633911 1055 1166 1108 1200 the
7 3 0.9997702240943909 1108 1166 1175 1207 high
7 3 0.99882572889328 1178 1177 1270 1203 energy
7 3 0.9999550580978394 1273 1168 1364 1207 region
7 3 0.9840131998062134 1366 1168 1422 1200 and
7 4 0.9998076558113098 278 1211 322 1237 we
7 4 0.9998847246170044 323 1205 431 1243 develop
7 4 0.9991075396537781 433 1209 458 1239 a
7 4 0.9997684359550476 459 1211 546 1243 power
7 4 0.9980212450027466 551 1209 669 1241 counting
7 4 0.9809808731079102 675 1209 806 1241 technique
7 4 0.9999713897705078 811 1209 846 1237 to
7 4 0.9992378950119019 850 1205 951 1243 classify
7 4 0.9990395903587341 954 1205 996 1239 all
7 4 0.9999165534973145 997 1205 1062 1237 such
7 4 0.9987640380859375 1069 1207 1130 1241 loop
7 4 0.9824084639549255 1137 1211 1283 1235 corrections
7 4 0.9976412057876587 1289 1209 1421 1241 according
7 5 0.9996968507766724 275 1243 315 1278 to
7 5 0.9999374151229858 313 1241 385 1276 their
7 5 0.9982335567474365 386 1243 464 1276 order
7 5 0.8239436149597168 466 1243 499 1274 of
7 5 0.9797637462615967 503 1246 654 1278 magnitude.
7 5 0.9997642636299133 660 1241 730 1276 This
7 5 0.9890527129173279 732 1241 803 1274 leads
7 5 0.9999712705612183 806 1246 840 1274 to
7 5 0.9999946355819702 841 1241 894 1276 the
7 5 0.9973690509796143 896 1248 1062 1271 construction
7 5 0.9497052431106567 1069 1243 1102 1274 of
7 5 0.9969180822372437 1102 1243 1236 1274 factorized
7 5 0.9885033965110779 1243 1248 1419 1271 contributions
7 6 0.999946117401123 278 1284 313 1312 to
7 6 0.999640703201294 315 1280 366 1314 the
7 6 0.9997934699058533 366 1280 421 1314 soft
7 6 0.9861393570899963 429 1286 546 1312 theorem,
7 6 0.9999707937240601 552 1284 587 1312 to
7 6 0.9848443865776062 592 1284 670 1310 which
7 6 0.9998682737350464 677 1286 718 1312 we
7 6 0.9966995120048523 722 1282 800 1316 apply
7 6 0.999936580657959 803 1286 843 1312 an
7 6 0.99483722448349 848 1286 956 1312 analysis
7 6 0.9849444031715393 962 1284 1095 1314 analogous
7 6 0.9999092817306519 1102 1284 1135 1312 to
7 6 0.9720265865325928 1137 1280 1220 1312 Low's
7 6 0.6693881750106812 1226 1284 1336 1310 theorem
7 6 0.9991610050201416 1343 1284 1421 1310 based
7 7 0.9999407529830933 278 1325 317 1351 on
7 7 0.9999837875366211 320 1319 371 1353 the
7 7 0.9988948702812195 376 1321 547 1353 gravitational
7 7 0.9998170733451843 554 1319 632 1351 Ward
7 7 0.9898804426193237 639 1321 750 1353 identity.
7 7 0.9999792575836182 762 1321 798 1353 In
7 7 0.9987236857414246 800 1319 858 1351 this
7 7 0.9873204231262207 863 1325 976 1351 analysis,
7 7 0.9991494417190552 982 1325 1025 1351 we
7 7 0.9939711093902588 1029 1321 1170 1353 emphasize
7 7 0.9990295171737671 1173 1319 1225 1351 the
7 7 0.9999415874481201 1226 1319 1284 1351 role
7 7 0.9997662901878357 1289 1321 1377 1353 played
7 7 0.9999468326568604 1382 1319 1422 1357 by
8 0 0.9442654848098755 278 1355 330 1390 the
8 0 0.578310489654541 332 1359 441 1385 external
8 0 0.968815803527832 448 1357 602 1387 kinematics.
9 0 0.9790623188018799 202 1458 413 1497 Contents
9 1 0.9999850988388062 197 1540 222 1572 1
9 1 0.9488259553909302 247 1540 456 1570 Introduction
10 0 0.9999868869781494 1479 1538 1500 1572 1
10 1 1.0 1479 1611 1504 1645 5
10 2 0.9999939203262329 1480 1652 1504 1686 6
10 3 0.999981164932251 1467 1692 1504 1725 14
11 0 0.9999904632568359 197 1611 222 1645 2
11 0 0.9785393476486206 250 1615 418 1647 Expansion
11 0 0.9990719556808472 425 1611 468 1645 of
11 0 0.9993664622306824 469 1611 529 1643 the
11 0 0.9939760565757751 536 1611 650 1643 Elastic
11 0 0.9904244542121887 660 1615 833 1647 Amplitude
11 1 0.998902440071106 245 1654 293 1684 2.1
11 1 0.8748419284820557 322 1652 413 1684 Power
11 1 0.9990710020065308 418 1652 556 1690 Counting
11 1 0.6033364534378052 566 1667 582 1686 :
11 2 0.9993307590484619 245 1690 295 1725 2.2
11 2 0.9957985281944275 323 1697 511 1720 Factorization
11 2 0.9871348738670349 516 1690 554 1727 of
11 2 0.9998236298561096 554 1690 609 1725 the
11 2 0.9945895671844482 614 1695 712 1720 Elastic
11 2 0.9712661504745483 722 1695 874 1727 Amplitude
