block line confidence X1 Y1 X2 Y2 token
0 0 0.9979650974273682 518 146 605 180 Testing
0 0 0.9991312623023987 607 148 673 175 small
0 0 0.6068910360336304 675 146 741 180 study
0 0 0.9894910454750061 743 146 817 180 effects
0 0 0.9919557571411133 820 148 851 178 in
0 0 0.5086012482643127 851 146 994 178 multivariate
0 0 0.804486095905304 993 146 1153 180 meta-analysis
1 0 0.9996978044509888 1505 150 1519 175 1
2 0 0.9997933506965637 206 226 239 258 1.
2 0 0.9335409998893738 264 226 474 258 Introduction
3 0 0.9992497563362122 232 301 271 338 In
3 0 0.9998674392700195 272 301 326 335 the
3 0 0.9990750551223755 327 301 386 335 last
3 0 0.9008620977401733 390 306 487 333 several
3 0 0.9957642555236816 494 301 618 342 decades,
3 0 0.7775124907493591 623 306 776 338 systematic
3 0 0.8271432518959045 783 306 891 333 reviews
3 0 0.9929100871086121 896 301 954 335 and
3 0 0.6028786897659302 959 306 1161 338 meta-analyses
3 0 0.9993501305580139 1167 306 1235 333 have
3 0 0.9988570213317871 1240 301 1360 335 received
3 0 0.9134652614593506 1366 306 1510 340 increasing
3 1 0.9964686632156372 205 376 340 408 attention
3 1 0.9999765157699585 345 376 381 411 in
3 1 0.9771686792373657 386 376 563 411 comparative
3 1 0.9639503359794617 570 376 747 408 effectiveness
3 1 0.8845898509025574 754 379 872 406 research
3 1 0.9593578577041626 878 374 938 408 and
3 1 0.9007081985473633 943 376 1158 408 evidence-based
3 1 0.8334510922431946 1166 376 1303 408 medicine.
3 1 0.9173099994659424 1311 376 1510 411 Meta-analysis
3 2 0.9996474981307983 205 447 234 481 is
3 2 0.9990262985229492 239 452 268 484 a
3 2 0.9926163554191589 271 447 413 479 statistical
3 2 0.9685436487197876 423 449 566 484 procedure
3 2 0.9999229907989502 575 447 641 481 that
3 2 0.6776227951049805 649 447 783 479 combines
3 2 0.9999721050262451 789 445 844 481 the
3 2 0.9879236817359924 851 449 946 477 results
3 2 0.99885094165802 956 447 991 481 of
3 2 0.9861432909965515 996 449 1117 484 multiple
3 2 0.9470592737197876 1127 449 1253 479 scientific
3 2 0.9996378421783447 1263 449 1369 477 studies.
3 2 0.9983808994293213 1379 445 1419 481 In
3 2 0.9666461944580078 1424 452 1508 479 meta-
3 3 0.9982579350471497 205 518 332 559 analysis,
3 3 0.9973280429840088 339 523 416 550 small
3 3 0.9614244103431702 424 518 512 559 study
3 3 0.8928959369659424 518 523 610 550 eftects
3 3 0.9995718598365784 621 520 705 559 (SSE)
3 3 0.9999138116836548 713 520 743 552 is
3 3 0.9998007416725159 746 523 773 555 a
3 3 0.9355181455612183 778 520 941 552 well-known
3 3 0.999721109867096 948 518 1051 552 critical
3 3 0.975676953792572 1057 518 1117 552 and
3 3 0.9987217783927917 1124 523 1287 555 challenging
3 3 0.9957137107849121 1295 523 1366 550 issue
3 3 0.9969810843467712 1374 518 1440 552 that
3 3 0.97798091173172 1447 525 1510 559 may
3 4 0.995540201663971 208 593 327 621 threaten
3 4 0.9999910593032837 337 589 392 625 the
3 4 0.997214138507843 398 589 510 630 validity
3 4 0.9968558549880981 516 589 555 625 of
3 4 0.9997324347496033 558 589 612 625 the
3 4 0.911815345287323 620 593 717 621 results
3 4 0.9982103109359741 726 589 815 632 (Song
3 4 0.9999157190322876 822 593 857 628 et
3 4 0.5748128890991211 860 587 914 632 al.,
3 4 0.9999837875366211 920 593 999 628 2000;
3 4 0.9998064637184143 1012 593 1109 621 Sutton
3 4 0.9999682903289795 1119 593 1153 623 et
3 4 0.8567427396774292 1159 587 1213 632 al.,
3 4 0.9941428303718567 1219 593 1309 628 2000).
3 4 0.8931031227111816 1322 589 1511 630 """Small-study"
3 5 0.7693015336990356 205 662 310 696 "effects"""
3 5 0.9998049139976501 319 664 348 696 is
3 5 0.999890923500061 348 666 374 698 a
3 5 0.9939093589782715 377 666 482 701 generic
3 5 0.9956789612770081 487 666 557 694 term
3 5 0.9983251690864563 562 662 608 698 for
3 5 0.999903678894043 612 662 663 698 the
3 5 0.8454672694206238 668 666 849 698 phenomenon
3 5 0.9999465942382812 854 662 920 696 that
3 5 0.5738332271575928 925 666 1028 694 smaller
3 5 0.9984129667282104 1035 662 1138 696 studies
3 5 0.7418545484542847 1143 664 1295 696 sometimes
3 5 0.999975323677063 1300 662 1376 696 show
3 5 0.6885619759559631 1379 664 1508 698 different,
3 6 0.9997994303703308 205 735 284 769 often
3 6 0.999563992023468 289 735 386 776 larger,
3 6 0.8826739192008972 394 737 539 769 treatment
3 6 0.9586315751075745 545 735 641 769 effects
3 6 0.9999675750732422 647 735 718 769 than
3 6 0.998989999294281 726 737 801 774 large
3 6 0.994516909122467 807 742 875 769 ones
3 6 0.8952692151069641 886 737 991 772 (Sterne
3 6 0.9983130693435669 998 735 1057 772 and
3 6 0.9966298937797546 1064 735 1159 776 Egger,
3 6 0.9992401599884033 1167 735 1259 776 2001).
3 6 0.9891307353973389 1267 735 1332 772 One
3 6 0.9980854988098145 1337 733 1374 772 of
3 6 0.9994261264801025 1377 735 1431 772 the
3 6 0.9973170161247253 1437 742 1510 769 most
3 7 0.9951279163360596 205 808 368 840 well-known
3 7 0.9806156754493713 373 813 468 840 reason
3 7 0.996747612953186 470 806 516 842 for
3 7 0.9999262094497681 518 806 583 842 SSE
3 7 0.9995265007019043 584 808 613 842 is
3 7 0.8433193564414978 617 810 778 845 publication
3 7 0.9924972057342529 783 808 846 842 bias
3 7 0.997418999671936 849 806 931 849 (PB),
3 7 0.999897837638855 933 806 969 845 in
3 7 0.9973245859146118 972 810 1056 838 which
3 7 0.9998829364776611 1062 813 1125 840 case
3 7 0.9999673366546631 1127 806 1180 842 the
3 7 0.9998835325241089 1183 810 1280 838 chance
3 7 0.9999638795852661 1285 808 1321 842 of
3 7 0.9999669790267944 1319 810 1343 845 a
3 7 0.9961375594139099 1343 808 1424 842 small
3 7 0.9993044137954712 1426 810 1510 845 study
3 8 0.9767646193504333 206 881 290 920 being
3 8 0.9817912578582764 290 879 432 920 published
3 8 0.9995130300521851 434 879 503 913 does
3 8 0.9998668432235718 505 881 560 915 not
3 8 0.9530643820762634 563 881 667 915 depend
3 8 0.9999302625656128 671 883 710 913 on
3 8 0.9999524354934692 713 879 757 915 its
3 8 0.9076390266418457 755 879 867 920 quality,
3 8 0.9979221224784851 870 879 927 915 but
3 8 0.9987630844116211 927 886 967 913 on
3 8 0.9999228715896606 969 879 1012 915 its
3 8 0.8465355634689331 1014 879 1095 913 effect
3 8 0.9995643496513367 1096 881 1161 918 size,
3 8 0.9354376196861267 1166 881 1330 915 significance
3 8 0.8466796278953552 1334 883 1371 913 or
3 8 0.7220354080200195 1372 879 1508 913 direction.
3 9 0.9641551971435547 203 947 237 989 A
3 9 0.7339404225349426 243 950 363 991 possible
3 9 0.9990045428276062 368 959 463 984 reason
3 9 0.8126537203788757 471 957 502 986 IS
3 9 0.9998693466186523 508 952 573 986 that
3 9 0.9996892213821411 583 954 691 982 authors
3 9 0.9900373220443726 702 954 768 982 tend
3 9 0.9999805688858032 778 954 814 984 to
3 9 0.999782383441925 820 957 914 991 report
3 9 0.9987272620201111 920 952 1070 993 significant
3 9 0.9997699856758118 1078 959 1114 986 or
3 9 0.995433509349823 1122 954 1235 989 positive
3 9 0.9988419413566589 1243 952 1342 986 results
3 9 0.9984760880470276 1350 959 1385 986 or
3 9 0.9993991851806641 1392 954 1510 989 journals
3 10 0.9979546070098877 205 1025 274 1059 tend
3 10 0.9999659061431885 281 1027 316 1057 to
3 10 0.9997580647468567 324 1027 431 1062 publish
3 10 0.9994688630104065 439 1027 541 1055 studies
3 10 0.639802873134613 549 1025 618 1059 with
3 10 0.9884568452835083 625 1027 772 1062 significant
3 10 0.9997288584709167 781 1032 817 1059 or
3 10 0.9862977266311646 823 1027 938 1062 positive
3 10 0.9982203841209412 946 1027 1049 1055 results.
3 10 0.9984945058822632 1062 1027 1167 1055 Besides
3 10 0.9998724460601807 1177 1025 1235 1062 PB,
3 10 0.939487636089325 1243 1030 1366 1057 outcome
3 10 0.9955620765686035 1374 1030 1511 1064 reporting
3 11 0.9999411106109619 205 1096 269 1132 bias
3 11 0.9568803310394287 274 1096 374 1137 (ORB)
3 11 0.9949620962142944 381 1096 439 1132 and
3 11 0.9954012632369995 445 1096 549 1130 clinical
3 11 0.9629756212234497 554 1096 751 1137 heterogeneity
3 11 0.9072703719139099 757 1094 817 1137 (i.e.
3 11 0.994638979434967 823 1098 969 1132 variability
3 11 0.9999682903289795 975 1098 1011 1132 in
3 11 0.9999022483825684 1014 1096 1067 1132 the
3 11 0.9965426325798035 1072 1100 1251 1135 participants,
3 11 0.9797133207321167 1259 1098 1448 1130 interventions
3 11 0.996366024017334 1452 1096 1511 1130 and
4 0 0.7818361520767212 205 1171 353 1206 outcomes)
4 0 0.999972939491272 358 1169 397 1206 in
4 0 0.9948552846908569 398 1169 479 1203 small
4 0 0.9952996969223022 486 1171 586 1199 studies
4 0 0.9779760241508484 592 1176 644 1203 are
4 0 0.9994763731956482 646 1169 709 1203 also
4 0 0.8109720349311829 712 1174 860 1208 important
4 0 0.9994993209838867 865 1176 973 1201 sources
4 0 0.9987217783927917 977 1167 1025 1203 for
4 0 0.996831476688385 1028 1169 1099 1203 SSE.
5 0 0.9999465942382812 234 1240 298 1276 SSE
5 0 0.943035364151001 302 1244 447 1279 (including
5 0 0.9999963045120239 450 1242 510 1279 PB)
5 0 0.9997755885124207 512 1238 544 1279 is
5 0 0.9676405191421509 544 1242 670 1276 arguably
5 0 0.9998512268066406 673 1240 726 1276 the
5 0 0.9998581409454346 726 1244 843 1279 greatest
5 0 0.9955281615257263 847 1244 936 1272 threat
5 0 0.9997530579566956 940 1244 975 1274 to
5 0 0.9993628859519958 975 1242 1030 1276 the
5 0 0.992155134677887 1019 1247 1137 1274 validity
5 0 0.8726540803909302 1140 1242 1372 1276 ofmeta-analysis
5 0 0.9990100860595703 1376 1240 1536 1281 (Schwarzer
5 1 0.9998836517333984 205 1317 240 1352 et
5 1 0.9501293897628784 243 1311 297 1356 al.,
5 1 0.9892870187759399 302 1313 394 1354 2015).
5 1 0.9851493835449219 403 1315 554 1347 Erroneous
5 1 0.9219167232513428 558 1315 725 1347 conclusions
5 1 0.9999809265136719 731 1322 786 1347 can
5 1 0.9999408721923828 794 1315 867 1349 arise
5 1 0.761141300201416 872 1313 944 1347 from
5 1 0.9983680844306946 949 1320 978 1349 a
5 1 0.7906486392021179 982 1317 1179 1349 meta-analysis
5 1 0.930392324924469 1187 1313 1214 1347 if
5 1 0.9999521970748901 1219 1313 1285 1347 SSE
5 1 0.9994080066680908 1292 1315 1319 1347 is
5 1 0.9997759461402893 1324 1315 1381 1349 not
5 1 0.9396631717681885 1387 1317 1510 1352 properly
5 2 0.9990140199661255 205 1386 353 1420 accounted
5 2 0.9991126656532288 358 1384 413 1420 for.
5 2 0.9999890327453613 419 1384 474 1420 For
5 2 0.6357776522636414 479 1388 608 1423 example,
5 2 0.9817290902137756 618 1391 781 1416 conclusions
5 2 0.8561233878135681 789 1388 859 1416 from
5 2 0.9969623684883118 867 1388 967 1416 several
5 2 0.9520355463027954 975 1388 1177 1423 meta-analyses
5 2 0.9999895095825195 1185 1393 1255 1418 were
5 2 0.9997715353965759 1261 1386 1332 1420 later
5 2 0.958075225353241 1340 1388 1423 1416 found
5 2 0.9954196214675903 1431 1388 1466 1418 to
5 2 0.9998444318771362 1471 1384 1513 1420 be
5 3 0.9963474869728088 205 1459 386 1491 contradicted
5 3 0.9994878768920898 390 1457 431 1498 by
5 3 0.8807054758071899 436 1461 597 1493 mega-trials
5 3 0.989439070224762 604 1457 702 1498 (Egger
5 3 0.9178107976913452 704 1457 764 1493 and
5 3 0.998988687992096 765 1457 865 1498 Smith,
5 3 0.8085227012634277 870 1457 961 1498 1995).
5 3 0.9999781847000122 964 1457 1003 1493 In
5 3 0.9999426603317261 1004 1457 1057 1493 the
5 3 0.9997350573539734 1057 1457 1116 1491 last
5 3 0.9984879493713379 1120 1461 1175 1489 two
5 3 0.9994168281555176 1177 1457 1301 1498 decades,
5 3 0.9995703101158142 1305 1464 1330 1496 a
5 3 0.8276076316833496 1332 1461 1408 1496 great
5 3 0.998513400554657 1411 1457 1476 1491 deal
5 3 0.9984788298606873 1477 1455 1515 1493 of
5 4 0.9810945987701416 206 1532 284 1560 effort
5 4 0.9999513626098633 290 1528 345 1564 has
5 4 0.9998514652252197 350 1528 421 1564 been
5 4 0.9887135028839111 428 1532 539 1560 devoted
5 4 0.9999932050704956 547 1532 581 1562 to
5 4 0.9709958434104919 587 1532 676 1560 better
5 4 0.9974238872528076 683 1534 818 1569 reporting
5 4 0.9993709921836853 827 1532 965 1566 protocols,
5 4 0.9994046688079834 972 1530 1032 1564 risk
5 4 0.9966539144515991 1033 1528 1072 1564 of
5 4 0.9341285824775696 1074 1528 1137 1564 bias
5 4 0.8859056830406189 1140 1532 1298 1566 evaluation,
5 4 0.993243396282196 1305 1528 1363 1564 and
5 4 0.9939053654670715 1368 1530 1510 1564 statistical
5 5 0.952579140663147 206 1605 329 1633 methods
5 5 0.9998573064804077 339 1605 374 1635 to
5 5 0.9998748302459717 382 1605 473 1633 detect
5 5 0.8503208160400391 481 1601 539 1635 and
5 5 0.9987994432449341 550 1608 649 1633 correct
5 5 0.999498724937439 659 1601 707 1637 for
5 5 0.9998482465744019 712 1601 776 1635 SSE
5 5 0.9929395914077759 783 1601 867 1635 based
5 5 0.9999874830245972 875 1608 915 1635 on
5 5 0.9993177652359009 925 1605 1048 1640 reported
5 5 0.9859128594398499 1059 1605 1161 1633 studies
5 5 0.9154552221298218 1172 1603 1324 1637 (Rothstein
5 5 0.9999551773071289 1334 1605 1368 1635 et
5 5 0.8938949704170227 1372 1598 1426 1644 al.,
5 5 0.9998272061347961 1432 1603 1510 1640 2006;
6 0 0.859287440776825 206 1674 327 1708 Biirkner
6 0 0.9501611590385437 332 1674 390 1710 and
6 0 0.9979123473167419 395 1674 520 1715 Doebler,
6 0 0.9996442794799805 526 1674 617 1715 2014).
7 0 0.9840542674064636 234 1747 342 1788 Among
7 0 0.9996566772460938 345 1745 398 1781 the
7 0 0.9999113082885742 400 1751 484 1786 many
7 0 0.9964333772659302 489 1751 629 1777 statistical
7 0 0.9485043883323669 636 1747 762 1781 methods
7 0 0.9996150732040405 767 1751 807 1781 on
7 0 0.999895453453064 810 1747 870 1781 this
7 0 0.9942671656608582 873 1749 952 1786 issue,
7 0 0.9997366070747375 959 1747 1053 1781 funnel
7 0 0.999974250793457 1059 1749 1132 1786 plots
7 0 0.9999481439590454 1137 1747 1206 1781 have
7 0 0.9886088371276855 1211 1747 1282 1781 been
7 0 0.9907439351081848 1287 1749 1437 1783 commonly
7 0 0.9279702305793762 1442 1747 1511 1781 used
7 1 0.9999666213989258 203 1820 242 1857 to
7 1 0.9936943650245667 243 1818 331 1859 study
7 1 0.9929627776145935 335 1818 407 1852 SSE.
7 1 0.9641017913818359 416 1822 533 1850 Because
7 1 0.9999810457229614 539 1818 592 1854 the
7 1 0.997068464756012 597 1822 725 1857 precision
7 1 0.9199825525283813 731 1820 767 1854 of
7 1 0.9997506737709045 768 1825 809 1852 an
7 1 0.9869855046272278 815 1820 957 1852 estimated
7 1 0.9784876704216003 964 1820 1109 1852 treatment
7 1 0.962428867816925 1114 1818 1196 1852 effect
7 1 0.9915269017219543 1203 1820 1334 1854 generally
7 1 0.9981335997581482 1339 1820 1473 1852 increases
7 1 0.9997305274009705 1474 1827 1513 1854 as
7 2 0.999843955039978 205 1889 260 1930 the
7 2 0.9150513410568237 261 1891 368 1932 sample
7 2 0.9998894929885864 371 1891 431 1927 size
7 2 0.9961265921592712 434 1889 471 1927 of
7 2 0.9664506316184998 473 1895 634 1930 component
7 2 0.8690094947814941 642 1895 744 1923 studies
7 2 0.974065363407135 751 1895 889 1927 increases,
7 2 0.9894410371780396 896 1891 996 1925 results
7 2 0.7871179580688477 1001 1891 1074 1925 from
7 2 0.8025064468383789 1080 1893 1158 1920 small
7 2 0.9992539286613464 1167 1895 1269 1920 studies
7 2 0.999291181564331 1277 1893 1402 1927 typically
7 2 0.9999222755432129 1410 1895 1510 1923 scatter
7 3 0.9996575117111206 205 1962 305 2003 widely
7 3 0.9999809265136719 308 1964 347 2000 at
7 3 0.9995794892311096 353 1962 407 1998 the
7 3 0.9911082983016968 415 1966 521 1994 bottom
7 3 0.9984766840934753 529 1964 565 1998 of
7 3 0.9999641180038452 568 1962 623 1998 the
7 3 0.9993108510971069 629 1964 722 1998 funnel
7 3 0.9999518394470215 730 1966 801 2003 plot,
7 3 0.9976658821105957 809 1964 889 1998 while
7 3 0.9999057054519653 896 1964 977 1998 those
7 3 0.5328395366668701 985 1964 1057 1998 from
7 3 0.9992901086807251 1062 1964 1153 2005 larger
7 3 0.7046608924865723 1161 1966 1263 1994 studies
7 3 0.9992294311523438 1271 1968 1372 1996 scatter
7 3 0.990799069404602 1381 1966 1510 2000 narrowly
