block line confidence X1 Y1 X2 Y2 token
0 0 0.9992938041687012 1542 77 1567 109 2
1 0 0.9998611211776733 146 148 214 180 netic
1 0 0.9985103011131287 215 150 302 186 energy
1 0 0.9183072447776794 305 148 443 180 functionals
1 0 0.999810516834259 444 152 478 180 as
1 0 0.9950855374336243 479 146 544 180 local
1 0 0.9968218803405762 547 148 682 180 variational
1 0 0.9993497729301453 685 150 801 182 problems
1 0 0.9988239407539368 801 146 836 182 in
1 0 0.9997839331626892 876 150 931 182 was
1 0 0.9999693632125854 934 146 989 180 also
1 0 0.9986478686332703 994 150 1120 182 supported
1 0 0.9997499585151672 1127 148 1167 184 by
1 0 0.7871235609054565 1170 148 1313 186 asymptotic
1 0 0.6499525904655457 1318 146 1464 178 estimates35.
1 0 0.9999877214431763 1485 148 1519 178 In
1 0 0.9904875159263611 1522 148 1565 182 or-
1 1 0.9825400710105896 146 178 260 216 auxiliary
1 1 0.9785407185554504 262 178 380 216 potential
1 1 0.9890003204345703 385 182 456 208 fields.
1 1 0.9999806880950928 471 180 586 212 However,
1 1 0.9999966621398926 592 182 637 210 the
1 1 0.9935969114303589 642 180 758 219 proposed
1 1 0.9992535710334778 760 180 835 212 refor-
1 1 0.9964374303817749 878 182 923 210 der
1 1 0.9873078465461731 923 182 957 210 to
1 1 0.998230516910553 957 180 1099 210 understand
1 1 0.9997437596321106 1100 178 1148 212 the
1 1 0.9244423508644104 1148 182 1324 214 underpinnings
1 1 0.9822854995727539 1326 178 1361 214 of
1 1 0.9991931319236755 1358 180 1411 212 this
1 1 0.8713867664337158 1412 182 1560 214 discrepancy,
1 2 0.9512134790420532 147 210 258 242 mulation
1 2 0.9992502331733704 263 208 300 244 of
1 2 0.5807690024375916 303 212 458 242 electrostatic
1 2 0.9912404417991638 464 212 610 242 interactions
1 2 0.9993114471435547 617 212 645 242 is
1 2 0.978158175945282 650 212 747 244 notably
1 2 0.9644138813018799 755 210 835 242 differ-
1 2 0.9999188184738159 879 214 918 242 we
1 2 0.9998902082443237 919 216 966 242 use
1 2 0.999785840511322 967 210 1016 244 the
1 2 0.5885186195373535 1016 210 1187 242 finite-element
1 2 0.9896685481071472 1190 210 1324 242 discretized
1 2 0.9993983507156372 1329 212 1454 244 real-space
1 2 0.9982420206069946 1457 210 1563 242 formula-
1 3 0.9999562501907349 144 242 194 277 ent
1 3 0.9608548879623413 195 242 260 275 from
1 3 0.9995741248130798 262 242 373 281 previous
1 3 0.9984492063522339 378 244 458 277 works,
1 3 0.9974645376205444 464 242 516 277 and
1 3 0.8012848496437073 519 242 615 275 enables
1 3 0.9998692274093628 619 240 667 275 the
1 3 0.9988168478012085 670 242 801 275 evaluation
1 3 0.9562169313430786 805 242 836 272 of
1 3 0.999958872795105 878 242 933 275 tion
1 3 0.9960615038871765 936 242 969 272 of
1 3 0.7568711042404175 969 242 1112 275 orbital-free
1 3 0.9607857465744019 1117 242 1183 275 DFT
1 3 0.9996262788772583 1185 242 1238 275 and
1 3 0.9337272047996521 1243 247 1353 279 compute
1 3 0.9999316930770874 1359 244 1404 272 the
1 3 0.9993539452552795 1411 249 1509 275 vacancy
1 3 0.9995241165161133 1517 244 1565 275 for-
1 4 0.9981909394264221 147 275 282 307 variational
1 4 0.8878832459449768 287 277 471 309 configurational
1 4 0.9964597821235657 478 275 554 307 forces
1 4 0.8889234662055969 557 277 732 309 corresponding
1 4 0.9919859170913696 735 277 771 309 to
1 4 0.9999605417251587 770 275 835 307 both
1 4 0.984351634979248 879 279 967 305 mation
1 4 0.9997084736824036 976 279 1062 311 energy
1 4 0.9991644620895386 1067 277 1138 311 using
1 4 0.995254397392273 1142 277 1195 309 two
1 4 0.9990020394325256 1200 277 1321 309 boundary
1 4 0.5525604486465454 1328 275 1464 307 conditions:
1 4 0.9810546636581421 1479 272 1514 311 (i)
1 4 0.9241304993629456 1520 281 1563 309 pe-
1 5 0.9996408224105835 146 307 247 339 internal
1 5 0.8780422210693359 249 307 338 339 atomic
1 5 0.9604365229606628 340 307 478 339 relaxations
1 5 0.9997979998588562 479 311 512 339 as
1 5 0.9989331364631653 512 305 569 339 well
1 5 0.9974607229232788 569 311 602 339 as
1 5 0.9775915145874023 602 307 708 339 external
1 5 0.9986591339111328 708 305 758 339 cell
1 5 0.9302335381507874 757 307 835 339 relax-
1 5 0.9986922144889832 876 305 954 339 riodic
1 5 0.9994832277297974 957 309 1079 341 boundary
1 5 0.9950447082519531 1084 307 1221 339 conditions,
1 5 0.9984930753707886 1226 309 1356 341 equivalent
1 5 0.9999042749404907 1361 309 1394 339 to
1 5 0.9224612712860107 1399 309 1563 341 Fourier-space
1 6 0.9990461468696594 146 339 215 371 ation
1 6 0.9998579025268555 220 339 297 371 under
1 6 0.999809205532074 298 341 323 373 a
1 6 0.9999043941497803 325 339 401 373 single
1 6 0.9965001344680786 405 339 546 369 framework.
1 6 0.9376832246780396 559 339 662 371 Further,
1 6 0.9997445940971375 670 341 715 369 the
1 6 0.9776731729507446 720 341 833 373 proposed
1 6 0.9889671206474304 878 339 952 371 based
1 6 0.9478867053985596 956 339 1120 371 formulations;
1 6 0.9746154546737671 1128 337 1172 375 (ii)
1 6 0.8986578583717346 1175 339 1236 373 bulk
1 6 0.9458253383636475 1243 341 1351 367 Dirichlet
1 6 0.8927813768386841 1358 337 1480 375 boundary
1 6 0.9980891346931458 1484 339 1563 371 condi-
1 7 0.9782841801643372 146 371 293 401 formulation
1 7 0.9997814297676086 295 369 415 408 naturally
1 7 0.8742802739143372 415 371 514 403 extends
1 7 0.9999598264694214 516 373 549 401 to
1 7 0.6172716021537781 551 371 692 403 all-electron
1 7 0.79141765832901 693 371 835 401 orbital-free
1 7 0.9999312162399292 878 371 951 403 tions,
1 7 0.999646782875061 959 373 1035 399 where
1 7 0.9999922513961792 1042 373 1087 401 the
1 7 0.6846519112586975 1094 373 1263 406 perturbations
1 7 0.9999958276748657 1271 371 1303 401 in
1 7 0.9996737241744995 1308 373 1356 403 the
1 7 0.9864561557769775 1361 373 1480 399 electronic
1 7 0.9360358119010925 1489 375 1562 401 struc-
1 8 0.9908637404441833 146 401 214 433 DFT
1 8 0.9886081218719482 214 401 363 433 calculations
1 8 0.9796289801597595 363 403 395 433 of
1 8 0.98186856508255 396 406 468 431 warm
1 8 0.9996597766876221 469 401 544 433 dense
1 8 0.7021390795707703 544 397 688 436 matter16,17,
1 8 0.9999833106994629 697 401 730 431 In
1 8 0.9997228980064392 732 401 780 436 the
1 8 0.9977232813835144 778 406 836 440 pro-
1 8 0.9998503923416138 876 403 936 436 ture
1 8 0.9974477291107178 934 403 1022 436 arising
1 8 0.9957992434501648 1020 401 1074 436 due
1 8 0.9999486207962036 1072 403 1104 433 to
1 8 0.9999109506607056 1105 403 1150 431 the
1 8 0.9935126900672913 1150 406 1251 438 vacancy
1 8 0.9997438788414001 1255 401 1359 433 vanishes
1 8 0.9997336268424988 1359 406 1396 433 on
1 8 0.9999352693557739 1397 403 1442 431 the
1 8 0.9992468357086182 1442 403 1562 436 boundary
1 9 0.9939186573028564 147 436 222 470 posed
1 9 0.9994454979896545 230 436 353 468 real-space
1 9 0.9831933975219727 360 431 514 470 formulation,
1 9 0.9998794794082642 519 431 569 466 the
1 9 0.997806966304779 574 436 732 468 ground-state
1 9 0.5362815260887146 740 436 833 461 orbital-
1 9 0.955962598323822 876 433 909 464 of
1 9 0.9999982118606567 911 436 956 464 the
1 9 0.7230427861213684 961 436 1140 468 computational
1 9 0.9528248310089111 1145 433 1248 466 domain.
1 9 0.9999791383743286 1260 433 1316 466 Our
1 9 0.9989439845085144 1319 436 1392 468 study
1 9 0.6674708724021912 1399 440 1502 466 suggests
1 9 0.9999676942825317 1507 433 1565 466 that
1 10 0.9142724871635437 146 466 200 498 free
1 10 0.9994532465934753 200 464 267 498 DFT
1 10 0.7145671248435974 272 468 373 500 problem
1 10 0.9999129772186279 378 466 406 498 is
1 10 0.9693654179573059 406 466 567 498 reformulated
1 10 0.9997410178184509 571 470 604 498 as
1 10 0.999936580657959 604 472 642 498 an
1 10 0.9810495972633362 645 468 773 500 equivalent
1 10 0.8370712399482727 776 466 835 498 sad-
1 10 0.9999666213989258 876 466 949 498 while
1 10 0.9999936819076538 949 468 997 498 the
1 10 0.997944176197052 997 470 1099 502 vacancy
1 10 0.9963423609733582 1102 466 1225 498 formation
1 10 0.9995138645172119 1228 470 1314 502 energy
1 10 0.9998929500579834 1316 466 1344 498 is
1 10 0.9995543360710144 1344 466 1399 498 well
1 10 0.9953846335411072 1399 466 1527 504 converged
1 10 0.9998140931129456 1527 466 1565 502 by
1 11 0.9997522234916687 147 500 190 528 dle
1 11 0.999916672706604 192 500 263 534 point
1 11 0.6713736653327942 268 500 371 532 problem
1 11 0.980504035949707 376 498 410 528 of
1 11 0.9999411106109619 408 500 431 530 a
1 11 0.9800118207931519 434 498 499 530 local
1 11 0.9895675778388977 504 500 629 526 functional
1 11 0.9995843768119812 634 500 665 528 in
1 11 0.9998492002487183 669 500 770 526 electron
1 11 0.9939404726028442 773 498 835 530 den-
1 11 0.9990755319595337 879 500 928 530 108
1 11 0.8338851928710938 931 498 1002 530 atom
1 11 0.9922990202903748 1006 496 1107 528 cell-size
1 11 0.9926112294197083 1110 496 1185 537 using
1 11 0.9979660511016846 1188 496 1294 534 periodic
1 11 0.9981483221054077 1298 496 1422 534 boundary
1 11 0.9946262240409851 1427 498 1562 530 conditions,
1 12 0.980043888092041 144 528 205 569 sity,
1 12 0.9982920289039612 210 530 363 560 electrostatic
1 12 0.9334337115287781 370 532 483 565 potential
1 12 0.9998224377632141 489 528 542 562 and
1 12 0.9990146160125732 549 532 597 562 the
1 12 0.9832549095153809 599 528 713 567 auxiliary
1 12 0.9914848208427429 720 532 833 565 potential
1 12 0.9990026354789734 876 528 926 562 the
1 12 0.9889335632324219 928 532 1049 558 electronic
1 12 0.9991577863693237 1055 532 1122 558 fields
1 12 0.9999803304672241 1125 537 1172 560 are
1 12 0.9998772144317627 1172 530 1223 562 not
1 12 0.7562736868858337 1225 528 1409 567 well-converged
1 12 0.9998735189437866 1412 530 1450 567 by
1 12 0.9996230602264404 1452 530 1505 562 this
1 12 0.9994804263114929 1507 528 1563 560 cell-
1 13 0.9020541906356812 146 560 217 595 fields
1 13 0.9380552768707275 219 560 308 599 (kernel
1 13 0.9995337724685669 312 565 443 597 potentials)
1 13 0.9982483386993408 448 560 587 599 accounting
1 13 0.9984934329986572 586 560 629 597 for
1 13 0.9999735355377197 630 565 675 592 the
1 13 0.9555745720863342 679 565 791 590 extended
1 13 0.9999560117721558 795 565 833 592 in-
1 13 0.9983609318733215 876 562 934 595 size.
1 13 0.997557520866394 952 560 999 595 On
1 13 0.9999991655349731 1004 565 1049 592 the
1 13 0.5272774696350098 1057 565 1125 590 other
1 13 0.9586325287818909 1132 560 1200 592 hand
1 13 0.9987033605575562 1205 560 1253 595 the
1 13 0.9998464584350586 1258 560 1319 592 bulk
1 13 0.5410546064376831 1326 565 1434 590 Dirichlet
1 13 0.9938218593597412 1442 560 1565 599 boundary
1 14 0.982980489730835 149 597 270 623 teractions
1 14 0.9999760389328003 277 595 307 625 in
1 14 0.9999947547912598 312 595 356 623 the
1 14 0.9992114305496216 363 595 448 620 kinetic
1 14 0.9914149641990662 453 597 539 629 energy
1 14 0.9864699244499207 546 592 677 625 functional.
1 14 0.9999529123306274 692 595 737 623 We
1 14 0.9951621890068054 742 595 833 627 employ
1 14 0.9973691701889038 876 592 1007 625 conditions
1 14 0.9985637068748474 1009 592 1077 625 show
1 14 0.9992114305496216 1077 590 1132 625 well
1 14 0.9992515444755554 1133 595 1258 627 converged
1 14 0.9963250756263733 1263 592 1386 625 formation
1 14 0.9977327585220337 1389 597 1475 629 energy
1 14 0.9998038411140442 1477 599 1510 625 as
1 14 0.999794065952301 1510 592 1563 625 well
1 15 0.9999008178710938 146 627 170 659 a
1 15 0.5550639629364014 170 623 328 661 higher-order
1 15 0.808035671710968 330 625 501 655 finite-element
1 15 0.9988988637924194 504 625 572 657 basis
1 15 0.9998772144317627 576 627 609 655 to
1 15 0.9685443639755249 610 625 732 657 discretize
1 15 0.999942421913147 737 627 781 655 the
1 15 0.999190628528595 783 625 836 657 for-
1 15 0.9989073276519775 876 629 913 661 as
1 15 0.9994670748710632 911 627 1030 653 electronic
1 15 0.9424756169319153 1032 625 1102 657 fields
1 15 0.9999058246612549 1102 625 1140 661 by
1 15 0.9997575879096985 1140 623 1188 657 cell
1 15 0.9998862743377686 1188 623 1250 657 sizes
1 15 0.9756615161895752 1250 625 1281 655 of
1 15 0.4590998888015747 1281 623 1374 661 -1,000
1 15 0.9553361535072327 1372 627 1460 659 atoms,
1 15 0.997835099697113 1462 625 1538 657 which
1 15 0.9984061121940613 1538 625 1565 657 is
1 16 0.9969094395637512 146 657 267 689 mulation,
1 16 0.9850184321403503 273 657 327 689 and
1 16 0.987228512763977 332 657 488 687 demonstrate
1 16 0.9999948740005493 491 655 539 689 the
1 16 0.9379817247390747 542 659 642 691 optimal
1 16 0.9404666423797607 647 657 771 689 numerical
1 16 0.9991188645362854 776 661 833 687 con-
1 16 0.9994982481002808 876 657 1004 689 consistent
1 16 0.9999948740005493 1006 657 1067 689 with
1 16 0.9652256369590759 1067 655 1137 696 prior
1 16 0.99968421459198 1137 659 1263 691 real-space
1 16 0.9650816917419434 1265 657 1421 689 calculations.
1 16 0.9986756443977356 1427 655 1490 687 This
1 16 0.9877074360847473 1490 659 1565 691 study
1 17 0.9916636943817139 146 693 257 726 vergence
1 17 0.9775241613388062 258 689 290 719 of
1 17 0.9994131326675415 292 691 353 717 both
1 17 0.999962329864502 356 691 401 719 the
1 17 0.9894223809242249 403 687 564 726 ground-state
1 17 0.999129593372345 564 689 654 728 energy
1 17 0.9974648952484131 652 689 705 724 and
1 17 0.7567007541656494 708 691 833 724 configura-
1 17 0.9277024865150452 878 691 966 717 reveals
1 17 0.9999386072158813 969 689 1029 721 that
1 17 0.9997400641441345 1030 689 1102 721 while
1 17 0.9988969564437866 1107 691 1210 724 periodic
1 17 0.9407508969306946 1213 687 1338 726 boundary
1 17 0.9977025389671326 1339 689 1470 721 conditions
1 17 0.9994915723800659 1472 689 1542 721 show
1 17 0.9999505281448364 1545 696 1565 719 a
1 18 0.9997294545173645 146 721 224 754 tional
1 18 0.9996367692947388 225 719 302 751 forces
1 18 0.9999922513961792 303 719 366 754 with
1 18 0.9296392202377319 366 724 459 756 respect
1 18 0.9998688697814941 461 724 496 751 to
1 18 0.9999954700469971 498 724 542 751 the
1 18 0.7619415521621704 544 719 722 751 discretization.
1 18 0.9997113347053528 728 721 833 754 Further,
1 18 0.9989283680915833 876 724 982 756 superior
1 18 0.9992450475692749 987 726 1140 756 convergence
1 18 0.9999562501907349 1145 724 1178 751 in
1 18 0.9155160188674927 1185 724 1306 749 formation
1 18 0.9557160139083862 1314 724 1417 756 energies
1 18 0.9993966817855835 1424 721 1477 754 due
1 18 0.9999061822891235 1480 724 1514 751 to
1 18 0.8940544724464417 1519 719 1567 754 the
1 19 0.9994828701019287 146 758 187 786 we
1 19 0.9981681108474731 189 758 290 790 propose
1 19 0.9999716281890869 292 758 332 784 an
1 19 0.8534034490585327 335 756 431 782 efficient
1 19 0.9901905059814453 438 754 564 786 numerical
1 19 0.99904865026474 567 756 683 788 approach
1 19 0.9998612403869629 688 756 722 784 to
1 19 0.8156204223632812 725 756 833 788 compute
1 19 0.6516917943954468 878 754 1014 784 variational
1 19 0.9896638989448547 1014 754 1102 786 nature
1 19 0.9980714917182922 1102 754 1135 784 of
1 19 0.9998120665550232 1133 751 1182 786 the
1 19 0.9115053415298462 1182 754 1316 786 formalism,
1 19 0.9999613761901855 1318 751 1366 786 the
1 19 0.9998679161071777 1366 754 1426 786 true
1 19 0.7129228115081787 1426 751 1527 784 cell-size
1 19 0.8613624572753906 1529 754 1563 782 ef-
1 20 0.9999587535858154 147 786 192 814 the
1 20 0.9924699664115906 190 784 275 816 saddle
1 20 0.999758780002594 273 786 343 818 point
1 20 0.9993748068809509 345 786 448 818 problem
1 20 0.9996627569198608 449 784 479 816 in
1 20 0.9945618510246277 479 784 582 816 electron
1 20 0.9945816397666931 581 782 680 820 density,
1 20 0.9778556227684021 680 784 835 816 electrostatic
1 20 0.9902984499931335 878 784 941 816 fects
1 20 0.9982781410217285 942 786 1017 812 which
1 20 0.9997922778129578 1020 784 1077 816 also
1 20 0.9880594611167908 1077 788 1183 814 measure
1 20 0.9994950294494629 1185 788 1338 820 convergence
1 20 0.9990473389625549 1339 784 1371 814 of
1 20 0.9958170056343079 1372 786 1492 812 electronic
1 20 0.9694408178329468 1497 786 1563 812 fields
1 21 0.9415217041969299 147 818 260 850 potential
1 21 0.9973610043525696 263 814 317 848 and
1 21 0.9916326403617859 320 818 396 844 kernel
1 21 0.9961392283439636 403 818 526 850 potentials
1 21 0.9998289346694946 529 814 567 852 by
1 21 0.9935696125030518 569 818 700 850 expressing
1 21 0.9995835423469543 705 818 748 846 the
1 21 0.9997394680976868 752 818 833 844 saddle
1 21 0.9992769360542297 878 822 923 848 are
1 21 0.9936570525169373 924 818 1034 850 provided
1 21 0.9997811913490295 1037 814 1075 852 by
1 21 0.8830356001853943 1075 816 1125 850 the
1 21 0.999884843826294 1123 816 1187 848 bulk
1 21 0.9654828906059265 1190 818 1298 844 Dirichlet
1 21 0.9987080097198486 1301 814 1426 852 boundary
1 21 0.8580093383789062 1427 816 1562 848 conditions.
1 22 0.9999262094497681 147 848 217 883 point
1 22 0.8356601595878601 224 850 328 883 problem
1 22 0.9954959154129028 333 852 368 880 as
1 22 0.9999266862869263 370 852 396 880 a
1 22 0.5111028552055359 398 846 464 878 fixed
1 22 0.9999845027923584 469 848 539 883 point
1 22 0.6693093776702881 547 850 655 876 iteration
1 22 0.9986949563026428 662 846 776 885 problem,
1 22 0.9990307092666626 781 848 835 880 and
1 22 0.9997174143791199 878 846 926 880 We
1 22 0.999977707862854 924 848 989 880 note
1 22 0.9941743016242981 989 846 1050 878 that
1 22 0.9998155236244202 1052 846 1100 880 the
1 22 0.9898607730865479 1104 850 1218 883 proposed
1 22 0.9949049949645996 1221 846 1349 885 real-space
1 22 0.9989087581634521 1353 848 1499 878 formulation
1 22 0.9975420236587524 1505 850 1563 876 with
1 23 0.9925553202629089 147 883 219 915 using
1 23 0.9999309778213501 220 883 245 913 a
1 23 0.8575220108032227 247 880 421 910 self-consistent
1 23 0.9828988313674927 426 878 486 913 field
1 23 0.9989239573478699 491 883 605 915 approach
1 23 0.999968409538269 610 883 645 910 to
1 23 0.9946088790893555 647 883 715 908 solve
1 23 0.9726816415786743 718 878 766 913 the
1 23 0.9950364232063293 770 883 833 908 fixed
1 23 0.643810510635376 878 880 1047 910 finite-element
1 23 0.7466385960578918 1047 880 1216 910 discretization
1 23 0.9858778715133667 1215 885 1260 910 are
1 23 0.9994590878486633 1260 883 1344 908 crucial
1 23 0.9999285936355591 1344 883 1376 910 to
1 23 0.813944399356842 1377 883 1505 915 employing
1 23 0.9983853101730347 1505 880 1565 913 bulk
1 24 0.7269874811172485 146 1016 200 1048 free
1 24 0.9977413415908813 200 1014 267 1046 DFT
1 24 0.9988068342208862 268 1018 308 1046 for
1 24 0.9993139505386353 312 1016 345 1046 Al
1 24 0.9991362690925598 345 1016 400 1048 and
1 24 0.9999892711639404 400 1016 448 1052 Mg
1 24 0.9034443497657776 449 1016 567 1048 materials
1 24 0.6803433895111084 569 1018 675 1050 systems.
1 24 0.997962236404419 682 1014 723 1048 To
1 24 0.9999639987945557 722 1016 776 1048 this
1 24 0.9994938373565674 776 1016 833 1050 end,
1 24 0.853584885597229 878 1014 971 1039 Section
1 24 0.9997289776802063 974 1011 1002 1041 II
1 24 0.9997404217720032 1006 1014 1110 1046 provides
1 24 0.9981591105461121 1112 1014 1137 1044 a
1 24 0.9979075193405151 1135 1009 1276 1048 description
1 24 0.9846612811088562 1278 1011 1309 1041 of
1 24 0.9999886751174927 1309 1014 1354 1041 the
1 24 0.5467211008071899 1356 1011 1497 1041 orbital-free
1 24 0.980362057685852 1500 1014 1563 1039 DFT
1 25 0.9997887015342712 146 1052 187 1080 we
1 25 0.9764373898506165 185 1050 297 1082 compute
1 25 0.9999402761459351 298 1050 343 1078 the
1 25 0.9999665021896362 343 1048 405 1080 bulk
1 25 0.8561683297157288 406 1050 532 1082 properties
1 25 0.9729102253913879 534 1048 566 1078 of
1 25 0.9750334024429321 564 1046 609 1082 Al,
1 25 0.9999806880950928 610 1046 659 1082 Mg
1 25 0.9960700273513794 657 1048 708 1082 and
1 25 0.9937093257904053 707 1046 796 1084 Al-Mg
1 25 0.9853689074516296 793 1048 835 1082 in-
1 25 0.8180505633354187 879 1046 989 1078 problem.
1 25 0.9024308323860168 1009 1046 1100 1072 Section
1 25 0.9999949932098389 1108 1041 1150 1076 III
1 25 0.9999449253082275 1155 1046 1260 1078 presents
1 25 0.9836949110031128 1265 1041 1313 1076 the
1 25 0.9684905409812927 1316 1044 1434 1082 proposed
1 25 0.7086609601974487 1439 1041 1565 1080 real-space
1 26 0.6339586973190308 146 1080 298 1112 termetallics,
1 26 0.9904639720916748 303 1078 358 1112 and
1 26 0.740051805973053 360 1082 468 1115 compare
1 26 0.999969482421875 471 1080 498 1110 it
1 26 0.9999908208847046 501 1078 562 1112 with
1 26 0.9987488985061646 566 1080 715 1110 Kohn-Sham
1 26 0.9950803518295288 718 1078 791 1112 DFT.
1 26 0.9998663663864136 795 1078 836 1112 As
1 26 0.9824522733688354 878 1076 1022 1108 formulation
1 26 0.9964320659637451 1029 1076 1062 1106 of
1 26 0.9998724460601807 1065 1074 1113 1108 the
1 26 0.5379279255867004 1115 1076 1258 1106 orbital-free
1 26 0.9997581839561462 1263 1074 1331 1108 DFT
1 26 0.9936503767967224 1334 1074 1449 1112 problem,
1 26 0.9994068145751953 1455 1074 1504 1108 the
1 26 0.9985730648040771 1507 1080 1563 1106 con-
1 27 0.9126366376876831 146 1112 288 1142 orbital-free
1 27 0.9998810291290283 288 1110 356 1145 DFT
1 27 0.9900720119476318 355 1112 415 1147 only
1 27 0.9897727370262146 416 1112 506 1145 admits
1 27 0.9958897233009338 506 1110 571 1145 local
1 27 0.5460997819900513 572 1115 785 1147 pseudopotentials,
1 27 0.9999420642852783 788 1112 836 1147 the
1 27 0.6667219996452332 879 1108 1020 1140 figurational
1 27 0.9997639060020447 1024 1106 1100 1138 forces
1 27 0.9868541955947876 1102 1110 1228 1136 associated
1 27 0.9999810457229614 1230 1106 1291 1138 with
1 27 0.9958598017692566 1293 1106 1417 1138 structural
1 27 0.9519199728965759 1419 1108 1562 1138 relaxations,
1 28 0.9990032315254211 147 1142 297 1175 Kohn-Sham
1 28 0.998620867729187 298 1140 366 1175 DFT
1 28 0.9357324838638306 366 1142 516 1173 calculations
1 28 0.9984517097473145 517 1147 566 1177 are
1 28 0.9934107661247253 566 1142 695 1175 conducted
1 28 0.9745895266532898 698 1140 770 1181 using
1 28 0.9998983144760132 770 1142 835 1177 both
1 28 0.9992425441741943 876 1138 929 1170 and
1 28 0.9999761581420898 931 1136 979 1170 the
1 28 0.9802542328834534 981 1138 1152 1168 finite-element
1 28 0.9621128439903259 1157 1138 1323 1168 discretization
1 28 0.9300584197044373 1328 1138 1359 1168 of
1 28 0.9997056126594543 1361 1136 1409 1170 the
1 28 0.8323700428009033 1411 1138 1562 1168 formulation.
1 29 0.9983200430870056 146 1173 212 1207 local
1 29 0.9839613437652588 214 1173 268 1207 and
1 29 0.8520681858062744 273 1175 390 1207 non-local
1 29 0.6716014742851257 398 1177 595 1209 psedupotentials.
1 29 0.999835729598999 615 1175 672 1207 Our
1 29 0.9950605034828186 675 1175 766 1207 studies
1 29 0.8947038054466248 770 1175 835 1207 indi-
1 29 0.9985752105712891 879 1173 971 1198 Section
1 29 0.9878992438316345 971 1168 1011 1203 IV
1 29 0.9951818585395813 1012 1173 1122 1198 discusses
1 29 0.9997366070747375 1125 1173 1168 1200 the
1 29 0.9916223883628845 1168 1170 1294 1203 numerical
1 29 0.703374445438385 1294 1173 1489 1205 implementation
1 29 0.9988780617713928 1490 1170 1522 1200 of
1 29 0.9999704360961914 1520 1173 1565 1198 the
1 30 0.99676114320755 146 1207 215 1239 cates
1 30 0.9960173964500427 219 1207 278 1239 that
1 30 0.9999949932098389 280 1205 330 1239 the
1 30 0.5831429362297058 332 1205 395 1239 bulk
1 30 0.9970499277114868 396 1207 527 1246 properties
1 30 0.742989182472229 532 1209 655 1241 computed
1 30 0.9594221711158752 660 1205 735 1246 using
1 30 0.5536426901817322 738 1207 833 1239 orbital-
1 30 0.990028440952301 878 1203 1024 1233 formulation
1 30 0.9997194409370422 1024 1203 1079 1235 and
1 30 0.9997019171714783 1079 1205 1183 1237 presents
1 30 0.9999467134475708 1183 1207 1221 1233 an
1 30 0.9819394946098328 1223 1205 1319 1231 efficient
1 30 0.9961764812469482 1323 1205 1444 1231 numerical
1 30 0.9994895458221436 1447 1205 1563 1237 approach
1 31 0.9996907711029053 144 1237 199 1271 free
1 31 0.9752360582351685 197 1239 265 1271 DFT
1 31 0.9998602867126465 262 1241 302 1269 for
1 31 0.8228232264518738 303 1237 346 1274 Al,
1 31 0.9995002746582031 345 1237 393 1274 Mg
1 31 0.994796097278595 391 1239 444 1274 and
1 31 0.9904116988182068 444 1239 527 1274 Al-Mg
1 31 0.9896038770675659 526 1239 697 1271 intermetallics
1 31 0.9817288517951965 695 1241 740 1269 are
1 31 0.998062789440155 738 1241 770 1269 in
1 31 0.9998849630355835 768 1241 833 1276 good
1 31 0.9997110962867737 876 1233 919 1267 for
1 31 0.9998335838317871 918 1233 966 1267 the
1 31 0.953009307384491 967 1237 1067 1263 solution
1 31 0.9815486073493958 1069 1235 1100 1265 of
1 31 0.9999580383300781 1102 1235 1145 1263 the
1 31 0.9998902082443237 1147 1235 1231 1267 saddle
1 31 0.9998947381973267 1231 1235 1301 1269 point
1 31 0.9908341765403748 1301 1233 1429 1271 real-space
1 31 0.9583407640457153 1431 1235 1563 1265 variational
1 32 0.9632453322410583 146 1274 278 1306 agreement
1 32 0.9999680519104004 275 1271 338 1304 with
1 32 0.9976235032081604 338 1271 489 1301 Kohn-Sham
1 32 0.992653489112854 489 1274 557 1299 DFT.
1 32 0.9998756647109985 564 1274 607 1299 We
1 32 0.9994435906410217 609 1274 697 1299 further
1 32 0.9988833069801331 697 1269 835 1308 investigate
1 32 0.9425114989280701 879 1267 989 1299 problem.
1 32 0.9970236420631409 1001 1265 1095 1297 Section
1 32 0.9985824823379517 1099 1265 1125 1297 V
1 32 0.9990342855453491 1130 1269 1233 1301 presents
1 32 0.9998107552528381 1236 1265 1284 1299 the
1 32 0.7468109726905823 1288 1269 1409 1295 numerical
1 32 0.9977939128875732 1416 1269 1563 1299 convergence
1 33 0.9991310238838196 146 1301 194 1336 the
1 33 0.9984580278396606 192 1306 305 1338 accuracy
1 33 0.9998809099197388 307 1304 338 1334 of
1 33 0.8930453658103943 335 1304 478 1336 orbital-free
1 33 0.9843814373016357 478 1304 544 1336 DFT
1 33 0.9992965459823608 544 1306 581 1338 by
1 33 0.9935507774353027 581 1306 715 1338 computing
1 33 0.9999569654464722 717 1306 762 1334 the
1 33 0.9885882139205933 762 1304 835 1336 inter-
1 33 0.9981964230537415 878 1297 964 1329 results
1 33 0.996164083480835 969 1299 1002 1329 of
1 33 0.9999212026596069 1009 1299 1054 1327 the
1 33 0.8437150120735168 1062 1297 1230 1329 finite-element
1 33 0.9833787083625793 1238 1297 1407 1329 discretization
1 33 0.9862604737281799 1414 1297 1445 1327 of
1 33 0.98780757188797 1452 1299 1500 1329 the
1 33 0.9629985094070435 1504 1297 1565 1329 real-
1 34 0.9858404397964478 146 1334 235 1366 atomic
1 34 0.9980210065841675 235 1334 312 1366 forces
1 34 0.9999473094940186 310 1334 340 1364 in
1 34 0.7850103378295898 341 1334 378 1366 Al
1 34 0.9992926120758057 376 1334 428 1366 and
1 34 0.9212154150009155 428 1334 484 1372 Mg,
1 34 0.999976634979248 484 1334 561 1368 which
1 34 0.9222519993782043 561 1336 605 1364 are
1 34 0.9923943281173706 604 1334 660 1366 also
1 34 0.999953031539917 659 1334 688 1364 in
1 34 0.9999488592147827 688 1336 755 1370 good
1 34 0.974470317363739 755 1336 833 1370 agree-
1 34 0.9988738894462585 876 1332 949 1366 space
1 34 0.9789790511131287 949 1329 1102 1362 formulation,
1 34 0.9997567534446716 1105 1332 1148 1359 the
1 34 0.9593195915222168 1148 1332 1261 1364 accuracy
1 34 0.9949411153793335 1260 1327 1314 1362 and
1 34 0.967041552066803 1313 1327 1490 1366 transferability
1 34 0.9741065502166748 1490 1329 1522 1359 of
1 34 0.9999469518661499 1520 1332 1563 1359 the
1 35 0.9341474771499634 146 1370 214 1396 ment
1 35 0.9999715089797974 219 1366 282 1398 with
1 35 0.9987518787384033 285 1366 436 1396 Kohn-Sham
1 35 0.9999524354934692 439 1364 509 1396 DFT
1 35 0.9804739952087402 512 1366 669 1396 calculations.
1 35 0.9996750354766846 685 1366 740 1398 Our
1 35 0.9966012239456177 745 1368 833 1394 studies
1 35 0.7348907589912415 878 1364 1002 1396 real-space
1 35 0.9188840985298157 1004 1362 1145 1392 orbital-free
1 35 0.9190928339958191 1147 1359 1215 1392 DFT
1 35 0.9870024919509888 1216 1364 1339 1390 formalism
1 35 0.9998853206634521 1341 1359 1384 1394 for
1 35 0.7673255801200867 1386 1362 1469 1396 Al-Mg
1 35 0.7243199348449707 1469 1362 1563 1394 materi-
1 36 0.9981498718261719 147 1398 303 1428 demonstrate
1 36 0.9999363422393799 303 1396 361 1430 that
1 36 0.884564220905304 361 1398 503 1428 orbital-free
1 36 0.9996895790100098 503 1396 571 1428 DFT
1 36 0.9998000264167786 567 1398 595 1428 is
1 36 0.9970393776893616 597 1400 703 1426 accurate
1 36 0.9990630745887756 702 1398 757 1430 and
1 36 0.8157285451889038 758 1400 833 1426 trans-
1 36 0.9999768733978271 876 1392 919 1426 als
1 36 0.7805459499359131 921 1396 1016 1428 system,
1 36 0.9941743016242981 1020 1392 1075 1426 and
1 36 0.9998611211776733 1079 1392 1127 1426 the
1 36 0.9991223216056824 1128 1394 1203 1428 study
1 36 0.996129035949707 1206 1394 1240 1424 of
1 36 0.9999938011169434 1240 1392 1288 1426 the
1 36 0.9999873638153076 1289 1392 1344 1426 role
1 36 0.9763019680976868 1346 1394 1379 1424 of
1 36 0.9807388782501221 1379 1392 1504 1430 boundary
1 36 0.9952768087387085 1507 1398 1563 1424 con-
1 37 0.9787455797195435 147 1433 234 1458 ferable
1 37 0.9786277413368225 239 1435 317 1460 across
1 37 0.999956488609314 318 1433 341 1463 a
1 37 0.999995231628418 343 1433 405 1458 wide
1 37 0.964451789855957 406 1433 481 1467 range
1 37 0.7460793852806091 483 1430 514 1460 of
1 37 0.9996546506881714 516 1433 642 1465 properties
1 37 0.999915361404419 644 1428 687 1463 for
1 37 0.5429477691650391 688 1428 732 1465 Al,
1 37 0.9999895095825195 733 1430 781 1467 Mg
1 37 0.9992110729217529 781 1430 835 1463 and
1 37 0.9994736313819885 878 1424 966 1456 ditions
1 37 0.9998364448547363 966 1430 1004 1456 on
1 37 0.9998645782470703 1006 1424 1054 1458 the
1 37 0.9774501323699951 1054 1424 1153 1456 cell-size
1 37 0.99960857629776 1155 1424 1238 1456 effects
1 37 0.9999867677688599 1240 1426 1270 1456 in
1 37 0.9995831847190857 1271 1424 1396 1456 electronic
1 37 0.962929904460907 1394 1426 1514 1458 structure
1 37 0.9664135575294495 1514 1424 1565 1456 cal-
1 38 0.9698448181152344 147 1463 234 1499 Al-Mg
1 38 0.5599616169929504 229 1460 408 1499 intermetallics,
1 38 0.9993405938148499 406 1463 459 1495 and
1 38 0.9998235106468201 459 1465 508 1495 can
1 38 0.9367474317550659 508 1463 544 1495 be
1 38 0.9985988736152649 541 1463 602 1495 used
1 38 0.9999748468399048 602 1465 634 1493 to
1 38 0.9907853603363037 630 1463 707 1497 study
1 38 0.8277603387832642 708 1465 833 1497 properties
1 38 0.9931395649909973 878 1460 991 1486 culations
1 38 0.9998631477355957 996 1458 1029 1488 of
1 38 0.999869704246521 1034 1458 1102 1493 point
1 38 0.9991629123687744 1108 1456 1203 1488 defects.
1 38 0.9998260140419006 1221 1454 1270 1491 We
1 38 0.7410420775413513 1275 1458 1354 1493 finally
1 38 0.888788104057312 1362 1460 1470 1486 conclude
1 38 0.9617534875869751 1477 1456 1538 1488 with
1 38 0.9999793767929077 1543 1465 1563 1486 a
1 39 0.9998799562454224 146 1495 179 1523 of
1 39 0.9998922348022461 174 1493 245 1525 these
1 39 0.9997254014015198 244 1493 361 1525 materials
1 39 0.9987555742263794 361 1495 461 1527 systems
1 39 0.9990776777267456 461 1493 519 1525 that
1 39 0.9987210631370544 519 1495 610 1527 require
1 39 0.9241917729377747 607 1495 790 1527 computational
1 39 0.9402651190757751 786 1493 833 1527 do-
1 39 0.7858924865722656 878 1495 994 1521 summary
1 39 0.981336772441864 996 1488 1049 1523 and
1 39 0.9595066905021667 1052 1488 1148 1521 outlook
1 39 0.9996733665466309 1152 1488 1182 1521 in
1 39 0.999972939491272 1185 1488 1278 1521 Section
1 39 0.9856849908828735 1281 1486 1326 1521 VI.
2 0 0.9997528195381165 146 915 217 949 point
2 0 0.9913541674613953 220 915 327 941 iteration
2 0 0.6804957389831543 332 915 441 947 problem.
3 0 0.996819257736206 879 915 987 941 Dirichlet
3 0 0.9992803931236267 991 910 1113 949 boundary
3 0 0.9582050442695618 1112 910 1253 949 conditions,
3 0 0.9335060119628906 1253 913 1329 945 which
3 0 0.7374226450920105 1329 913 1416 945 enable
3 0 0.9999513626098633 1416 915 1460 943 the
3 0 0.9998950958251953 1460 913 1535 947 study
3 0 0.974257230758667 1535 913 1565 943 of
3 1 0.9999184608459473 904 979 962 1011 The
3 1 0.9105437397956848 966 981 1095 1009 remainder
3 1 0.980278730392456 1100 979 1132 1009 of
3 1 0.9999983310699463 1137 981 1182 1009 the
3 1 0.999735414981842 1188 983 1265 1016 paper
3 1 0.9994865655899048 1268 979 1298 1011 is
3 1 0.9977900981903076 1303 981 1424 1014 organized
3 1 0.9996808767318726 1429 983 1464 1009 as
3 1 0.9994200468063354 1469 977 1563 1009 follows.
4 0 0.9967846870422363 174 951 222 986 We
4 0 0.9806416630744934 219 953 380 986 subsequently
4 0 0.9959791898727417 381 953 516 986 investigate
4 0 0.9964932799339294 516 951 564 986 the
4 0 0.9997833371162415 562 958 672 983 accuracy
4 0 0.975904643535614 672 951 725 986 and
4 0 0.9932206869125366 725 951 835 983 transfer-
4 0 0.9858456254005432 878 943 976 975 isolated
4 0 0.9988234639167786 979 943 1069 975 defects
4 0 0.9999896287918091 1070 945 1102 973 in
4 0 0.9680602550506592 1102 943 1170 975 bulk.
5 0 0.9844689965248108 147 983 230 1018 ability
5 0 0.9934437274932861 230 981 265 1018 of
5 0 0.9951891899108887 263 983 312 1018 the
5 0 0.6027541756629944 313 986 425 1018 proposed
5 0 0.6652814149856567 431 986 556 1018 real-space
5 0 0.9692378044128418 559 983 703 1016 formulation
5 0 0.8149164915084839 705 981 740 1018 of
5 0 0.9776169061660767 738 983 833 1016 orbital-
6 0 0.9960702657699585 146 1525 225 1557 mains
6 0 0.9998694658279419 224 1525 282 1557 that
6 0 0.9935006499290466 282 1529 325 1555 are
6 0 0.9994045495986938 325 1527 373 1557 not
6 0 0.9998065829277039 371 1525 494 1557 accessible
6 0 0.9774707555770874 494 1525 564 1559 using
6 0 0.9981978535652161 564 1525 713 1557 Kohn-Sham
6 0 0.9897695779800415 715 1525 835 1557 DFT.For
6 1 0.9967555403709412 144 1555 260 1594 instance,
6 1 0.9998606443405151 263 1557 295 1587 in
6 1 0.9998492002487183 298 1559 346 1589 the
6 1 0.9996523857116699 348 1559 443 1591 present
6 1 0.999679446220398 446 1557 521 1591 study
6 1 0.9987247586250305 524 1561 566 1589 we
6 1 0.8547306060791016 569 1559 693 1591 computed
6 1 0.9999971389770508 697 1555 745 1589 the
6 1 0.9723127484321594 750 1559 831 1585 forma-
6 2 0.9995798468589783 146 1589 202 1622 tion
6 2 0.9945104122161865 204 1591 290 1624 energy
6 2 0.9533902406692505 292 1589 325 1619 of
6 2 0.9235326647758484 327 1589 356 1622 B'
6 2 0.9486716389656067 360 1589 446 1626 Al-Mg
6 2 0.9997410178184509 446 1589 511 1624 alloy
6 2 0.9994798302650452 509 1587 645 1626 containing
6 2 0.9998558759689331 649 1591 697 1622 879
6 2 0.9953135251998901 697 1589 780 1622 atoms
6 2 0.9998470544815063 780 1591 811 1619 in
6 2 0.9998810291290283 811 1594 836 1622 a
6 3 0.9997022747993469 146 1622 204 1654 unit
6 3 0.9985467791557312 207 1622 255 1652 cell
6 3 0.9995813965797424 257 1624 388 1656 employing
6 3 0.9996465444564819 391 1624 436 1652 the
6 3 0.9865256547927856 439 1624 554 1656 proposed
6 3 0.6419567465782166 559 1624 683 1656 real-space
6 3 0.8390210270881653 688 1622 835 1652 formulation
6 4 0.9999641180038452 144 1682 184 1718 be
6 4 0.8339073657989502 184 1684 345 1723 prohibitively
6 4 0.9994674324989319 346 1686 468 1718 expensive
6 4 0.9909237027168274 469 1682 544 1723 using
6 4 0.9991219639778137 544 1684 693 1716 Kohn-Sham
6 4 0.9339842796325684 697 1686 768 1712 DFT.
6 5 0.999993085861206 172 1723 222 1757 We
6 5 0.9944011569023132 224 1725 305 1759 finally
6 5 0.9974629878997803 310 1727 444 1759 investigate
6 5 0.9998596906661987 451 1727 496 1755 the
6 5 0.6988335251808167 499 1725 600 1757 cell-size
6 5 0.9605321884155273 604 1727 683 1753 effects
6 5 0.9998106360435486 688 1725 720 1755 in
6 5 0.999930739402771 725 1727 770 1755 the
6 5 0.9904206991195679 771 1725 835 1757 elec-
6 6 0.9995299577713013 146 1757 227 1789 tronic
6 6 0.9847348928451538 229 1761 345 1787 structure
6 6 0.9445186257362366 350 1757 381 1787 of
6 6 0.9999691247940063 383 1757 454 1791 point
6 6 0.9997386336326599 459 1757 554 1789 defects,
6 6 0.9999687671661377 561 1757 592 1787 in
6 6 0.9833390712738037 597 1759 722 1791 particular
6 6 0.999819815158844 723 1761 750 1789 a
6 6 0.9783202409744263 752 1763 833 1787 mono-
6 7 0.9977384805679321 146 1793 250 1826 vacancy
6 7 0.9999772310256958 255 1789 287 1819 in
6 7 0.9879705309867859 290 1787 337 1821 Al.
6 7 0.997974693775177 356 1791 425 1817 Prior
6 7 0.8800945281982422 433 1791 521 1817 studies
6 7 0.9724650382995605 529 1791 600 1826 using
6 7 0.5475301742553711 607 1789 776 1819 Fourier-based
6 7 0.9306735992431641 783 1787 835 1821 for-
6 8 0.9990413784980774 147 1824 270 1849 mulations
6 8 0.7969313859939575 277 1821 308 1851 of
6 8 0.8189836740493774 312 1821 453 1851 orbital-free
6 8 0.9889651536941528 458 1821 524 1854 DFT
6 8 0.5578716397285461 529 1821 594 1854 have
6 8 0.9816666841506958 597 1824 718 1856 suggested
6 8 0.9995736479759216 727 1824 783 1849 that
6 8 0.999983549118042 790 1824 835 1851 the
6 9 0.8184533715248108 147 1856 270 1882 formation
6 9 0.997677743434906 275 1856 363 1888 energy
6 9 0.9526342749595642 366 1854 400 1884 of
6 9 0.9997536540031433 401 1856 426 1886 a
6 9 0.8475936651229858 428 1856 604 1886 mono-vacancy
6 9 0.9999769926071167 610 1854 642 1884 in
6 9 0.9816321134567261 645 1851 692 1886 Al
6 9 0.9992700219154358 685 1854 713 1884 is
6 9 0.9861389994621277 717 1851 773 1884 well
6 9 0.9989194869995117 776 1858 833 1884 con-
6 10 0.9972707629203796 147 1886 234 1922 verged
6 10 0.999889612197876 237 1884 275 1920 by
6 10 0.6019303202629089 282 1884 380 1916 108-256
6 10 0.9927431344985962 386 1888 454 1914 atom
6 10 0.7155298590660095 459 1877 600 1918 cell-sizes22,
6 10 0.989164412021637 620 1884 735 1916 However,
6 10 0.9579756855964661 745 1890 833 1916 coarse-
7 0 0.9919813275337219 896 1523 936 1557 II.
7 0 0.96665358543396 959 1523 1188 1553 ORBITAL-FREE
7 0 0.8792216181755066 1193 1523 1333 1553 DENSITY
7 0 0.9421196579933167 1336 1523 1545 1553 FUNCTIONAL
7 1 0.9999749660491943 904 1624 961 1658 The
7 1 0.9800480008125305 962 1624 1122 1662 ground-state
7 1 0.9982155561447144 1120 1626 1211 1665 energy
7 1 0.9687458872795105 1210 1624 1245 1660 of
7 1 0.9998383522033691 1241 1628 1265 1658 a
7 1 0.9996906518936157 1265 1626 1351 1662 charge
7 1 0.9930583238601685 1353 1626 1445 1658 neutral
7 1 0.9710206985473633 1447 1626 1565 1658 materials
7 2 0.9937665462493896 876 1688 972 1727 density
7 2 0.9736517667770386 972 1686 1102 1725 functional
7 2 0.9995365142822266 1104 1690 1190 1727 theory
7 2 0.998465895652771 1188 1690 1216 1720 is
7 2 0.9799585938453674 1216 1690 1288 1725 given
7 2 0.7904543876647949 1286 1680 1358 1729 byl7
8 0 0.9998016953468323 1153 1553 1288 1583 THEORY
9 0 0.9471359848976135 146 1654 179 1684 of
9 0 0.8654073476791382 179 1654 322 1684 orbital-free
9 0 0.6287244558334351 325 1652 396 1686 DFT,
9 0 0.9999583959579468 403 1654 451 1684 but
9 0 0.998939573764801 454 1652 501 1686 the
9 0 0.9933552742004395 504 1658 571 1684 same
9 0 0.9861122965812683 576 1656 664 1688 system
9 0 0.9977982044219971 669 1658 720 1684 was
9 0 0.9860287308692932 723 1652 800 1684 found
9 0 0.9999707937240601 803 1656 835 1684 to
9 0 0.8511890769004822 878 1660 967 1692 system
9 0 0.9921338558197021 969 1660 1102 1692 containing
9 0 0.9954332113265991 1108 1658 1142 1688 M
9 0 0.9924322366714478 1148 1660 1225 1686 nuclei
9 0 0.9998220801353455 1226 1658 1281 1690 and
9 0 0.9763535261154175 1284 1658 1316 1688 N
9 0 0.9933822154998779 1321 1660 1412 1686 valence
9 0 0.9980031847953796 1419 1660 1530 1686 electrons
9 0 0.999962568283081 1533 1660 1565 1688 in
10 0 0.8637113571166992 906 1886 987 1918 where,
10 0 0.9516847133636475 977 1888 1004 1916 P
10 0 0.9961127638816833 1001 1886 1100 1918 denotes
10 0 0.9940831065177917 1100 1886 1148 1916 the
10 0 0.7456526756286621 1142 1886 1341 1918 electron-density
10 0 0.9970756769180298 1341 1884 1392 1916 and
10 0 0.9996354579925537 1391 1886 1422 1914 R
10 0 0.6843602061271667 1426 1888 1454 1918 =
10 0 0.4987219572067261 1449 1879 1618 1925 {Ri,Rz....,
10 0 0.48358869552612305 1610 1882 1680 1922 RM)
11 0 0.9931365251541138 147 1918 242 1950 grained
11 0 0.9061276316642761 244 1918 370 1950 real-space
11 0 0.9969282746315002 370 1916 519 1948 calculations
11 0 0.990628182888031 517 1916 582 1948 have
11 0 0.9429473876953125 581 1918 702 1950 suggested
11 0 0.6007689237594604 703 1916 763 1948 that
11 0 0.999777615070343 762 1916 835 1948 much
11 0 0.9987187385559082 878 1916 976 1948 denotes
11 0 0.9999827146530151 979 1918 1024 1946 the
11 0 0.9779695272445679 1027 1920 1105 1946 vector
11 0 0.9992243051528931 1108 1918 1241 1950 containing
11 0 0.9999783039093018 1245 1916 1291 1950 the
11 0 0.9934483170509338 1293 1918 1407 1950 positions
11 0 0.9597273468971252 1409 1916 1441 1946 of
11 0 0.9995682835578918 1441 1918 1475 1946 M
11 0 0.9983686804771423 1479 1916 1565 1948 nuclei.
11 1 0.9999176263809204 146 1948 222 1983 larger
11 1 0.9982258677482605 227 1948 337 1980 cell-sizes
11 1 0.999833345413208 338 1948 370 1976 of
11 1 0.9987694621086121 370 1946 420 1980 the
11 1 0.963261067867279 420 1950 489 1976 order
11 1 0.7438567280769348 493 1948 524 1978 of
11 1 0.9997654557228088 526 1948 597 1983 1,000
11 1 0.9714988470077515 599 1950 679 1976 atoms
11 1 0.9942147135734558 680 1952 727 1978 are
11 1 0.5564460158348083 727 1950 833 1983 required
11 1 0.9993178844451904 878 1948 911 1978 In
11 1 0.9999277591705322 918 1946 967 1980 the
11 1 0.999778687953949 972 1948 1055 1980 above,
11 1 0.756897509098053 1067 1946 1102 1983 T,
11 1 0.9996874332427979 1112 1948 1211 1980 denotes
11 1 0.9999204874038696 1220 1948 1268 1978 the
11 1 0.9992520213127136 1275 1950 1361 1976 kinetic
11 1 0.9974197149276733 1367 1948 1459 1987 energy
11 1 0.9822599291801453 1465 1948 1497 1978 of
11 1 0.9985256791114807 1502 1948 1565 1980 non-
11 2 0.999969482421875 144 1978 189 2013 for
11 2 0.9991777539253235 192 1983 343 2015 convergence
11 2 0.9808579087257385 346 1980 378 2010 of
11 2 0.9583046436309814 381 1983 484 2015 vacancy
11 2 0.8357536196708679 489 1983 612 2008 formation
11 2 0.9726660847663879 617 1974 747 2015 energies30,
11 2 0.9515357613563538 758 1983 833 2008 which
11 2 0.9927321076393127 874 1978 1016 2017 interacting
11 2 0.9859969019889832 1016 1980 1135 2013 electrons,
11 2 0.30413228273391724 1140 1978 1190 2015 Esc
11 2 0.9983370304107666 1190 1980 1218 2010 is
11 2 0.9999768733978271 1218 1983 1263 2010 the
11 2 0.4913027286529541 1263 1978 1522 2017 exclange-corelation
11 2 0.9995726943016052 1520 1985 1563 2010 en-
