block line confidence X1 Y1 X2 Y2 token
0 0 0.9975906610488892 245 206 337 238 While
0 0 0.6489197611808777 343 212 373 240 a
0 0 0.9998867511749268 378 204 411 242 is
0 0 0.9882778525352478 418 206 489 238 fixed
0 0 0.9996453523635864 499 208 536 240 at
0 0 0.9999616146087646 541 204 566 240 2
0 0 0.9590197205543518 571 197 644 247 A-1,
0 0 0.9989032745361328 652 204 682 244 B
0 0 0.9978718757629395 685 204 718 242 is
0 0 0.997164785861969 727 210 806 236 taken
0 0 0.9999668598175049 818 210 851 240 at
0 0 0.999969482421875 861 206 914 240 the
0 0 0.999955415725708 923 210 999 236 three
0 0 0.8931540250778198 1007 206 1130 238 different
0 0 0.99891197681427 1140 206 1231 238 values
0 0 0.999869704246521 1238 204 1298 247 0.1,
0 0 0.576706051826477 1304 204 1364 247 0.3,
0 0 0.9951659440994263 1371 201 1432 242 and
0 0 0.9992534518241882 1441 206 1504 240 1.02
0 1 0.8105552196502686 197 266 229 307 A
0 1 0.857650101184845 229 277 433 309 corresponding
0 1 0.9999845027923584 438 272 476 309 to
0 1 0.9706992506980896 478 277 625 309 increasing
0 1 0.9979609251022339 630 272 768 311 couplings
0 1 0.8410372138023376 773 272 891 305 between
0 1 0.9999886751174927 896 270 949 307 the
0 1 0.999576985836029 956 272 984 305 R
0 1 0.9938136339187622 987 270 1045 305 and
0 1 0.621277928352356 1049 270 1079 311 @
0 1 0.9882809519767761 1079 272 1246 305 coordinates
0 1 0.9998711347579956 1250 270 1288 307 in
0 1 0.999794065952301 1289 270 1343 307 the
0 1 0.9950149655342102 1344 275 1502 305 interaction
0 2 0.8005426526069641 199 343 297 375 region.
0 2 0.9981787204742432 305 335 368 375 Eis
0 2 0.9988783001899719 370 337 438 380 kept
0 2 0.9998676776885986 438 339 476 375 at
0 2 0.9993696808815002 478 339 527 373 0.5
0 2 0.4480750858783722 526 335 620 382 eV,ji
0 2 0.9999880790710449 620 339 659 375 at
0 2 0.9919551014900208 659 339 692 378 0,
0 2 0.8522401452064514 693 341 727 380 p
0 2 0.9998002648353577 725 343 758 373 at
0 2 0.9995033740997314 762 337 820 380 2/3
0 2 0.9289229512214661 821 343 896 378 amu,
0 2 0.9967756867408752 899 345 936 373 m
0 2 0.9998482465744019 936 339 974 375 at
0 2 0.99955815076828 977 337 1034 380 1/2
0 2 0.9943028688430786 1034 341 1102 373 amu
0 2 0.9986209869384766 1104 339 1163 371 and
0 2 0.9875184893608093 1165 341 1195 371 T
0 2 0.9994329810142517 1188 337 1228 373 at
0 2 0.9999794960021973 1230 337 1251 371 1
0 2 0.9931433200836182 1255 333 1294 371 A.
0 2 0.9339249134063721 1299 337 1341 380 Ri
0 2 0.9955534338951111 1343 335 1404 375 and
0 2 0.7916610836982727 1409 339 1450 378 R2
0 2 0.8787424564361572 1452 343 1505 375 are
0 3 0.9991278052330017 197 403 268 438 both
0 3 0.9607627391815186 273 406 355 438 taken
0 3 0.999946117401123 358 403 396 440 at
0 3 0.9999984502792358 398 403 421 440 4
0 3 0.9974397420883179 423 397 464 444 A,
0 3 0.9979774355888367 468 403 576 442 beyond
0 3 0.9974051117897034 581 406 667 438 which
0 3 0.9931996464729309 672 403 752 444 V(R,
0 3 0.15466183423995972 748 406 783 444 @)
0 3 0.9986581802368164 788 406 823 442 is
0 3 0.9973735809326172 823 408 964 440 negligibly
0 3 0.9937699437141418 967 406 1047 438 small
0 3 0.9980837106704712 1052 403 1110 438 and
0 3 0.9998905658721924 1115 403 1168 438 the
0 3 0.9985040426254272 1168 408 1308 440 integrand
0 3 0.9999607801437378 1313 408 1349 440 in
0 3 0.9185421466827393 1349 403 1404 446 Eq.
0 3 0.9963518381118774 1409 403 1507 444 (11)is
0 4 0.999760091304779 195 476 222 507 a
0 4 0.9966614246368408 224 476 346 502 constant
0 4 0.9918053150177002 350 470 388 507 of
0 4 0.9251284003257751 390 474 498 500 motion.
0 4 0.9999752044677734 509 470 572 504 The
0 4 0.9947192668914795 576 472 720 502 collisional
0 4 0.8316013216972351 723 474 840 507 systems
0 4 0.9573941230773926 843 474 971 507 resulting
0 4 0.6237900257110596 976 470 1047 504 from
0 4 0.9998825788497925 1050 470 1104 504 the
0 4 0.9989107847213745 1105 476 1230 509 previous
0 4 0.9819285869598389 1231 472 1397 511 parameters
0 4 0.995272696018219 1399 472 1504 504 involve
0 5 0.998244047164917 197 543 292 575 strong
0 5 0.9853358864784241 293 541 483 573 interferences,
0 5 0.9972012042999268 484 541 524 575 as
0 5 0.9999173879623413 524 539 617 571 shown
0 5 0.9992801547050476 619 537 660 580 by
0 5 0.9999194145202637 660 537 713 571 the
0 5 0.9976229071617126 713 543 791 569 exact
0 5 0.5902406573295593 796 543 926 575 quantum
0 5 0.9872629046440125 928 539 1006 571 state
0 5 0.9933034777641296 1006 539 1190 571 distributions
0 5 0.3860875368118286 1191 530 1318 586 Pas(E)
0 5 0.5816375613212585 1316 543 1348 573 -
0 5 0.4639507532119751 1353 537 1500 577 San(E)
0 6 0.5830458402633667 197 603 333 642 displayed
0 6 0.9999058246612549 335 603 373 640 in
0 6 0.9975165128707886 373 601 434 644 Fig.
0 6 0.999206006526947 439 603 463 640 1
0 6 0.9979838132858276 468 605 542 640 (blue
0 6 0.9986659288406372 547 603 640 635 circles
0 6 0.9992119073867798 645 605 790 635 connected
0 6 0.9891359806060791 793 601 838 646 by
0 6 0.9967105388641357 838 603 936 635 dotted
0 6 0.9740334749221802 941 610 1080 642 segments;
0 6 0.9961624145507812 1085 608 1137 640 see
0 6 0.9806909561157227 1137 599 1201 640 Ref.
0 6 0.999984622001648 1196 599 1228 629 54
0 6 0.9985309839248657 1231 603 1278 638 for
0 6 0.962552011013031 1279 608 1359 640 some
0 6 0.9979413151741028 1361 603 1459 635 details
0 6 0.9998812675476074 1462 612 1504 638 on
1 0 0.9989479184150696 197 670 270 704 their
1 0 0.7816144227981567 273 670 468 708 calculations).
1 0 0.9977722764015198 478 672 557 704 Since
1 0 0.9027899503707886 562 670 599 708 Ji
1 0 0.864311933517456 604 674 634 706 =
1 0 0.9496778249740601 635 670 667 711 0,
1 0 0.9997001886367798 674 678 717 704 we
1 0 0.9999889135360718 720 672 790 704 note
1 0 0.7064688801765442 793 670 864 704 from
1 0 0.9777562618255615 869 668 926 713 Eq.
1 0 0.9926230907440186 929 668 977 713 (4)
1 0 0.9999958276748657 982 670 1047 704 that
1 0 0.187077596783638 1050 661 1092 713 C1
1 0 0.410748690366745 1094 676 1125 704 =
1 0 0.27427950501441956 1125 668 1173 713 01.
2 0 0.9999656677246094 247 736 300 771 For
2 0 0.999177873134613 305 732 335 775 B
2 0 0.9456127285957336 338 739 373 775 =
2 0 0.987149715423584 375 736 408 775 0,
2 0 0.9999970197677612 415 739 494 771 there
2 0 0.9984973669052124 498 732 532 773 is
2 0 0.9988586902618408 534 745 577 771 no
2 0 0.9970683455467224 582 741 707 773 coupling
2 0 0.9925506114959717 717 741 833 766 between
2 0 0.9802839159965515 841 734 876 773 R
2 0 0.997696578502655 879 736 937 771 and
2 0 0.28955718874931335 942 734 972 775 6
2 0 0.9653888940811157 976 736 1035 771 and
2 0 0.9227277040481567 1040 734 1072 773 J
2 0 0.9983646273612976 1074 736 1158 777 keeps
2 0 0.9984868764877319 1162 736 1316 775 constantly
2 0 0.9208215475082397 1321 736 1404 777 equal
2 0 0.9998742341995239 1409 739 1449 773 to
2 0 0.7868473529815674 1452 734 1502 779 hji
2 1 0.9972246885299683 197 803 297 842 during
2 1 0.999996542930603 300 803 353 837 the
2 1 0.9924646615982056 358 803 484 835 collision.
2 1 0.9946503043174744 498 803 604 842 Calling
2 1 0.5285031199455261 607 801 683 842 t(Ri,
2 1 0.6868686676025391 687 799 740 844 R2)
2 1 0.9999911785125732 745 801 798 837 the
2 1 0.9967030882835388 803 803 873 835 time
2 1 0.9996895790100098 878 805 914 837 to
2 1 0.9984982013702393 916 807 957 844 go
2 1 0.9259613752365112 961 803 1032 835 from
2 1 0.9442856907844543 1040 801 1082 844 Ri
2 1 0.9997995495796204 1085 803 1125 837 to
2 1 0.999625563621521 1127 801 1180 837 the
2 1 0.9939593076705933 1183 805 1341 835 interaction
2 1 0.9949648976325989 1346 803 1439 842 region
2 1 0.9941605925559998 1444 799 1504 840 and
3 0 0.8789782524108887 197 870 268 902 back
3 0 0.9993333220481873 273 874 310 906 to
3 0 0.669558048248291 313 867 366 910 R2,
3 0 0.9956215023994446 371 876 415 904 we
3 0 0.9967765212059021 418 870 489 904 have
4 0 0.9974836707115173 247 1164 335 1205 Using
4 0 0.9313771724700928 337 1162 391 1207 Eq.
4 0 0.9716630578041077 396 1162 453 1205 (4),
4 0 0.9988031387329102 456 1173 503 1198 we
4 0 0.9998915195465088 506 1164 574 1198 thus
4 0 0.9998304843902588 577 1166 665 1198 arrive
4 0 0.9984464049339294 670 1168 705 1196 at
5 0 0.9997134804725647 245 1463 315 1495 with
5 0 0.9646584391593933 322 1458 360 1499 Pi
5 0 0.9993752837181091 365 1460 448 1501 given
5 0 0.999855637550354 449 1458 496 1503 by
5 0 0.9319964051246643 498 1458 554 1501 Eq.
5 0 0.9970874190330505 561 1460 612 1497 (5).
5 0 0.9647590517997742 627 1465 703 1491 From
5 0 0.9943065047264099 710 1460 778 1501 Eqs.
6 0 0.9998370409011841 903 1458 974 1501 (14),
6 0 0.9926313161849976 979 1460 1039 1495 and
6 0 0.9999375343322754 1044 1460 1097 1495 the
6 0 0.9997190833091736 1100 1460 1162 1493 fact
6 0 0.9999539852142334 1165 1460 1231 1495 that
6 0 0.666041374206543 1236 1460 1314 1501 t(Ri,
6 0 0.7478376030921936 1314 1463 1367 1499 R2)
6 0 0.9983659386634827 1374 1463 1445 1495 does
6 0 0.9999001026153564 1449 1463 1504 1495 not
7 0 0.9998534917831421 195 1527 303 1566 depend
7 0 0.9999603033065796 310 1533 350 1559 on
7 0 0.5366060137748718 353 1525 405 1570 01,
7 0 0.999808132648468 408 1533 451 1559 we
7 0 0.999948263168335 454 1527 549 1559 obtain
8 0 0.7639152407646179 250 1746 295 1781 002
8 0 0.9604104161262512 250 1776 292 1804 001
8 0 0.8878107666969299 302 1774 328 1802 Ji
8 0 0.9993276596069336 337 1755 371 1793 is
8 0 0.9954336285591125 371 1755 541 1793 represented
8 0 0.9997866749763489 542 1755 581 1791 in
8 0 0.9970743656158447 584 1755 645 1796 Fig.
8 0 0.9995809197425842 647 1753 677 1793 2
8 0 0.6796883940696716 677 1755 723 1791 for
8 0 0.9993231296539307 727 1753 758 1796 B
8 0 0.7668504118919373 758 1761 790 1789 =
8 0 0.997418999671936 793 1757 816 1791 0
8 0 0.997048556804657 821 1755 879 1789 and
8 0 0.9991521835327148 884 1755 937 1789 the
8 0 0.9980373978614807 941 1757 1019 1789 three
8 0 0.9843549728393555 1024 1757 1115 1789 values
8 0 0.9897571802139282 1120 1757 1273 1796 previously
8 0 0.997071385383606 1278 1757 1439 1789 considered.
8 0 0.9151672720909119 1449 1755 1504 1789 For
8 1 0.9789231419563293 202 1824 222 1845 B
8 1 0.9910484552383423 227 1821 312 1862 equal
8 1 0.9998620748519897 317 1819 375 1862 0.1,
8 1 0.9999368190765381 381 1821 434 1856 the
8 1 0.9979520440101624 438 1821 566 1860 coupling
8 1 0.9966171383857727 569 1819 602 1858 is
8 1 0.9966127276420593 605 1821 685 1856 small
8 1 0.9988641738891602 693 1821 752 1856 and
8 1 0.8603441715240479 762 1815 806 1843 002
8 1 0.527961015701294 806 1836 843 1873 Ji
8 1 0.9982971549034119 853 1821 962 1862 slightly
8 1 0.9975302815437317 969 1824 1102 1854 oscillates
8 1 0.6730316281318665 1108 1824 1213 1856 around
8 1 0.9977291226387024 1221 1821 1251 1854 1.
8 1 0.999967098236084 1266 1821 1321 1856 For
8 1 0.9990235567092896 1328 1821 1353 1858 B
8 1 0.9998264908790588 1358 1821 1441 1862 equal
8 1 0.987598717212677 1445 1819 1504 1862 0.3,
8 2 0.9990493655204773 197 1888 252 1922 the
8 2 0.9989538192749023 255 1892 378 1925 coupling
8 2 0.9994654059410095 381 1884 416 1925 is
8 2 0.9995939135551453 420 1894 547 1927 stronger,
8 2 0.9999661445617676 556 1890 624 1922 thus
8 2 0.9991681575775146 629 1892 735 1925 leading
8 2 0.9993183612823486 742 1892 778 1925 to
8 2 0.7622554302215576 783 1890 944 1922 oscillations
8 2 0.9973042011260986 949 1890 1054 1922 around
8 2 0.99989914894104 1062 1888 1085 1925 1
8 2 0.9897329211235046 1087 1886 1125 1922 of
8 2 0.9985398054122925 1125 1888 1215 1929 larger
8 2 0.8694416880607605 1221 1892 1376 1925 amplitude.
8 2 0.9999363422393799 1387 1888 1427 1922 In
8 2 0.902423083782196 1432 1888 1502 1922 both
8 3 0.9999198913574219 199 1963 280 1989 cases,
8 3 0.9987536668777466 288 1955 416 1993 however,
8 3 0.6019336581230164 425 1946 471 1980 002
8 3 0.5362688302993774 425 1972 469 2006 801
8 3 0.27143415808677673 468 1970 508 2004 TJi
8 3 0.9989281296730042 512 1952 547 1991 is
8 3 0.9930996894836426 549 1955 634 1987 found
8 3 0.9999450445175171 640 1957 677 1989 to
8 3 0.9988083839416504 679 1955 722 1989 be
8 3 0.8396944403648376 725 1955 846 1993 positive.
8 3 0.9954183101654053 858 1955 957 1993 Hence,
8 3 0.99998939037323 964 1955 1017 1989 the
8 3 0.7857711911201477 1019 1955 1105 1987 SC-I
8 3 0.9769127368927002 1113 1955 1173 1989 and
8 3 0.41191986203193665 1178 1955 1265 1987 SC-I+
8 3 0.9977120161056519 1271 1955 1436 1993 approaches
8 3 0.9904391765594482 1439 1955 1502 1987 lead
9 0 0.7104066014289856 760 1841 806 1875 001
10 0 0.999634861946106 840 2056 861 2090 8
