block line confidence X1 Y1 X2 Y2 token
0 0 0.9987940788269043 476 141 605 165 DELAYED
0 0 0.9992302656173706 614 141 798 165 ACCEPTANCE
0 0 0.9900334477424622 803 137 894 169 MCMC
0 0 0.9994970560073853 898 139 946 169 BY
0 0 0.9996250867843628 946 137 1025 169 DATA
0 0 0.995790421962738 1030 141 1223 165 SUBSAMPLING
1 0 0.9988240599632263 1472 139 1505 167 12
2 0 0.526121973991394 230 199 356 232 Sherlock
2 0 0.999955415725708 358 199 398 236 et
2 0 0.9915944933891296 398 197 441 236 al.
2 0 0.9985034465789795 448 199 557 240 (2015b)
2 0 0.9970117807388306 564 197 614 242 (in
2 0 0.9980204105377197 614 206 642 236 a
2 0 0.7339271903038025 645 201 889 240 non-subsampling
2 0 0.9962175488471985 894 201 1016 240 context)
2 0 0.9998953342437744 1020 199 1108 240 study
2 0 0.999894380569458 1112 199 1165 234 the
2 0 0.9110743999481201 1168 201 1313 234 statistical
2 0 0.9947866201400757 1319 204 1452 236 efficiency
2 0 0.9934844374656677 1457 197 1505 234 for
2 1 0.9996228218078613 197 264 308 305 delayed
2 1 0.9942494630813599 312 266 473 305 acceptance
2 1 0.98271644115448 476 266 587 298 random
2 1 0.9998692274093628 592 264 664 298 walk
2 1 0.7533555030822754 669 264 823 302 Metropolis
2 1 0.9988565444946289 826 266 894 300 and,
2 1 0.9992209672927856 899 270 1042 300 moreover,
2 1 0.9997568726539612 1045 270 1087 298 an
2 1 0.9981517195701599 1090 264 1225 302 efficiency
2 1 0.9999505281448364 1228 264 1294 298 that
2 1 0.9998353719711304 1296 264 1358 298 also
2 1 0.9998205304145813 1361 264 1441 298 takes
2 1 0.9971141815185547 1441 264 1504 298 into
2 2 0.7304731607437134 199 333 310 358 account
2 2 0.9999722242355347 317 326 370 363 the
2 2 0.6182544827461243 373 328 579 367 computational
2 2 0.9936568140983582 587 328 720 367 efficiency
2 2 0.9998905658721924 725 326 771 363 for
2 2 0.9999747276306152 773 326 826 363 the
2 2 0.9978780746459961 830 335 893 360 case
2 2 0.9998965263366699 898 328 986 360 where
2 2 0.9997377991676331 991 326 1042 363 the
2 2 0.9937248826026917 1045 328 1137 369 target
2 2 0.9999667406082153 1138 324 1172 365 is
2 2 0.9770379066467285 1173 328 1313 360 estimated
2 2 0.9358792901039124 1323 328 1500 367 (DA-PMMH
2 3 0.999731719493866 232 457 356 489 Christen
2 3 0.999883770942688 363 453 425 494 and
2 3 0.999731719493866 429 453 491 494 Fox
2 3 0.8706017136573792 496 453 592 500 (2005)
2 3 0.9997450709342957 597 459 669 491 note
2 3 0.9998352527618408 674 455 748 496 that,
2 3 0.9990357160568237 758 457 871 489 because
2 3 0.9999881982803345 878 455 934 494 the
2 3 0.9994300007820129 939 459 1080 489 transition
2 3 0.9989319443702698 1090 457 1193 489 kernels
2 3 0.999995231628418 1198 453 1236 491 of
2 3 0.9998689889907837 1240 457 1311 489 both
2 3 0.999953031539917 1318 455 1374 494 the
2 3 0.9987123012542725 1377 455 1439 489 MH
2 3 0.9999336004257202 1442 453 1504 494 and
2 4 0.9997474551200867 197 522 308 560 delayed
2 4 0.9976903200149536 315 526 473 558 acceptance
2 4 0.9986026883125305 478 519 539 554 MH
2 4 0.9891770482063293 541 526 597 558 are
2 4 0.9839969873428345 599 522 707 554 derived
2 4 0.990802526473999 712 519 785 554 from
2 4 0.9997993111610413 788 519 845 558 the
2 4 0.999503493309021 846 528 923 554 same
2 4 0.9990166425704956 928 522 1054 560 proposal
2 4 0.7094046473503113 1057 526 1102 562 91,
2 4 0.9999054670333862 1104 517 1167 558 and
2 4 0.9996869564056396 1167 519 1205 558 in
2 4 0.9891014695167542 1208 522 1331 554 addition
2 4 0.3185765743255615 1334 526 1377 562 a2
2 4 0.4386041462421417 1377 517 1424 562 S
2 4 0.9942092895507812 1414 519 1447 560 1,
2 4 0.999489426612854 1450 519 1507 558 the
2 5 0.9993534684181213 197 584 310 625 delayed
2 5 0.998187243938446 312 590 469 623 acceptance
2 5 0.9986584186553955 473 584 532 618 MH
2 5 0.9993667006492615 534 584 592 618 will
2 5 0.9986999034881592 592 582 634 620 be
2 5 0.9994274377822876 632 582 692 623 less
2 5 0.5862380266189575 693 588 859 620 statistically
2 5 0.7899059057235718 864 586 977 618 efficient
2 5 0.9996119141578674 981 584 1052 618 than
2 5 0.999847412109375 1054 584 1122 618 MH.
2 5 0.9999909400939941 1123 584 1187 618 The
2 5 0.9989387392997742 1190 586 1316 618 intuition
2 5 0.9998553991317749 1316 582 1349 620 is
2 5 0.9999549388885498 1348 584 1414 618 that
2 5 0.7599313855171204 1416 582 1505 620 under
2 6 0.9991762042045593 197 650 277 683 these
2 6 0.9965366125106812 282 650 433 683 conditions
2 6 0.9997684359550476 438 648 491 683 the
2 6 0.9884882569313049 496 648 577 683 chain
2 6 0.9293200969696045 582 648 682 689 clearly
2 6 0.9989288449287415 688 650 805 683 exhibits
2 6 0.9997994303703308 810 655 838 685 a
2 6 0.9995099306106567 840 657 916 683 more
2 6 0.9623844623565674 921 648 1034 687 """sticky"""
2 6 0.9907399415969849 1042 648 1170 681 behavior
2 6 0.9939786195755005 1173 648 1235 683 and
2 6 0.9976922273635864 1240 657 1281 683 an
2 6 0.9326205253601074 1286 650 1411 683 estimate
2 6 0.9997674822807312 1416 646 1505 685 based
2 7 0.9953950047492981 195 719 240 747 on
2 7 0.9999510049819946 245 713 325 747 these
2 7 0.995387852191925 332 713 449 751 samples
2 7 0.9993465542793274 456 713 514 747 will
2 7 0.9996483325958252 521 713 594 747 have
2 7 0.9587134122848511 597 719 625 749 a
2 7 0.9997724890708923 630 713 720 754 larger
2 7 0.9463916420936584 727 717 886 749 asymptotic
2 7 0.9873929619789124 899 717 1017 743 variance
2 7 0.9933962225914001 1025 711 1117 749 under
2 7 0.8237690925598145 1123 713 1241 745 DA-MH
2 7 0.9998434782028198 1250 713 1321 747 than
2 7 0.9989758729934692 1329 713 1397 747 MH.
2 7 0.9997400641441345 1407 713 1504 745 Notice
2 8 0.9999303817749023 197 777 263 812 that
2 8 0.9999797344207764 268 775 322 812 the
2 8 0.9971812963485718 327 777 413 809 closer
2 8 0.36451104283332825 418 782 461 818 a2
2 8 0.9945462942123413 463 775 498 814 is
2 8 0.9991682767868042 498 777 537 814 to
2 8 0.9994152784347534 541 775 574 818 1,
2 8 0.9999785423278809 579 775 632 812 the
2 8 0.9987173080444336 637 784 713 809 more
2 8 0.9193357825279236 722 782 888 814 statistically
2 8 0.9999033212661743 896 777 1011 809 efficient
2 8 0.9999722242355347 1017 775 1070 812 the
2 8 0.9998980760574341 1075 777 1187 816 delayed
2 8 0.9974969029426575 1195 782 1353 814 acceptance
2 8 0.7502672076225281 1361 777 1502 816 algorithm
2 9 0.9995077848434448 192 837 237 883 is,
2 9 0.9985026121139526 235 837 298 878 and
2 9 0.9999203681945801 300 840 381 874 when
2 9 0.6526935696601868 381 846 426 880 a2
2 9 0.9966997504234314 426 846 461 874 =
2 9 0.8497033715248108 461 840 496 878 1i
2 9 0.9997192025184631 483 840 519 876 it
2 9 0.9998668432235718 517 840 552 878 is
2 9 0.9997517466545105 552 842 700 880 equivalent
2 9 0.999976634979248 703 842 743 878 to
2 9 0.9999831914901733 743 840 796 876 the
2 9 0.9992684721946716 800 842 929 874 standard
2 9 0.9989771842956543 934 840 996 874 MH
2 9 0.9997093081474304 997 837 1087 876 which
2 9 0.9997524619102478 1090 844 1165 878 gives
2 9 0.9999845027923584 1168 840 1221 876 the
2 9 0.9930932521820068 1225 844 1314 883 upper
2 9 0.6897463202476501 1316 837 1414 876 bound
2 9 0.9999982118606567 1414 837 1452 876 of
2 9 0.9998819828033447 1452 840 1505 876 the
3 0 0.9999154806137085 194 391 232 429 in
3 0 0.9967729449272156 234 391 345 429 Section
3 0 0.9489960670471191 346 388 393 436 4).
4 0 0.9981392621994019 195 904 315 945 possible
4 0 0.8465192317962646 320 906 463 938 statistical
4 0 0.6439602375030518 468 906 604 945 efficiency
4 0 0.9991406202316284 609 906 733 938 achieved
4 0 0.9984511137008667 737 902 783 947 by
4 0 0.9974785447120667 781 910 810 941 a
4 0 0.8993197083473206 811 906 936 938 DA-MH.
5 0 0.9997851252555847 230 971 327 1003 Result
5 0 0.9598166942596436 328 966 360 1007 1i
5 0 0.9999499320983887 348 968 386 1005 in
5 0 0.9998869895935059 386 968 481 1009 Payne
5 0 0.9998949766159058 478 966 539 1007 and
5 0 0.8942902684211731 541 971 649 1003 Mallick
5 0 0.9998793601989746 652 966 747 1014 (2015)
5 0 0.9996445178985596 747 971 825 1011 gives
5 0 0.9997346997261047 825 968 876 1005 the
5 0 0.9921032786369324 878 971 1034 1003 alternative
5 0 0.9991365075111389 1037 971 1205 1003 formulation
5 0 0.9972272515296936 1210 971 1266 1009 (for
5 0 0.48792189359664917 1266 973 1522 1005 state-independent
6 0 0.5016793012619019 197 1035 429 1074 approximations)
7 0 0.9997628331184387 199 1198 268 1241 (3.3)
8 0 0.999876856803894 227 1362 287 1402 Let
8 0 0.2832348644733429 285 1364 413 1405 L(Oc,Op)
8 0 0.25269898772239685 405 1366 630 1405 =L()-l(p)
8 0 0.9995494484901428 632 1362 695 1402 and
8 0 0.9998370409011841 695 1366 793 1398 denote
8 0 0.9995297193527222 793 1362 838 1407 by
8 0 0.24097611010074615 831 1355 972 1409 Em(Be,@p)
8 0 0.9991186261177063 971 1364 1022 1400 the
8 0 0.9890235662460327 1022 1366 1148 1398 estimate
8 0 0.256054550409317 1147 1359 1296 1407 of/(Bc,p)
8 0 0.9982324242591858 1294 1366 1333 1402 =
8 0 0.5000197291374207 1328 1362 1426 1409 2K-1
8 0 0.2037726640701294 1411 1364 1543 1405 L(Bc,Op).
9 0 0.6836018562316895 197 1428 330 1467 Similarly
9 0 0.9999707937240601 333 1430 373 1465 to
9 0 0.7474427819252014 376 1428 456 1471 (2.3),
10 0 0.7709462642669678 197 1589 270 1639 (3.4)
11 0 0.4728924036026001 783 1607 816 1632 /
12 0 0.9991552829742432 230 1757 322 1796 where
12 0 0.23602528870105743 323 1759 454 1800 qk(Bc,0p)
12 0 0.9857802987098694 456 1766 491 1791 =
12 0 0.3491385877132416 488 1755 581 1802 qk(Ba)
12 0 0.4968915581703186 577 1766 614 1793 -
12 0 0.32937225699424744 609 1757 702 1804 qk(Bp)
12 0 0.9997410178184509 705 1759 763 1793 and
12 0 0.9999842643737793 768 1757 821 1793 the
12 0 0.5034708976745605 823 1757 879 1800 Si's
12 0 0.99978107213974 879 1763 934 1796 are
12 0 0.9636998176574707 934 1757 979 1793 iid
12 0 0.9998856782913208 982 1759 1050 1791 with
13 0 0.9982516169548035 632 1841 654 1873 1
14 0 0.24086125195026398 290 1856 591 1903 PrG=nD:t0.)
14 0 0.9913330674171448 591 1866 624 1892 =
14 0 0.7303093671798706 624 1862 660 1920 n
14 0 0.9997405409812927 675 1858 748 1899 with
14 0 0.5041021704673767 752 1858 803 1901 DK
14 0 0.9971561431884766 798 1864 838 1899 =
14 0 0.21918997168540955 840 1860 974 1901 (L(Bc,0p)
14 0 0.5766618847846985 977 1869 1016 1894 -
14 0 0.16206394135951996 1002 1862 1147 1901 gk(Oc,èp))
14 0 0.9999744892120361 1182 1860 1231 1897 for
14 0 0.8397192358970642 1231 1860 1255 1897 i
14 0 0.9921294450759888 1250 1866 1288 1894 =
14 0 0.508394181728363 1286 1860 1406 1901 1,...m.
15 0 0.9895129799842834 197 1961 254 2000 We
15 0 0.9961555600166321 254 1970 308 1995 can
15 0 0.9999171495437622 312 1961 373 1995 also
15 0 0.9737236499786377 376 1961 454 1995 show
15 0 0.9999912977218628 458 1961 524 1995 that
