block line confidence X1 Y1 X2 Y2 token
0 0 0.9960441589355469 292 212 426 244 Precision
0 0 0.8685591816902161 432 214 578 248 cosmology
0 0 0.9297106266021729 583 210 649 246 with
0 0 0.9924241304397583 655 214 775 248 baryons:
0 0 0.9528050422668457 783 212 975 244 non-radiative
0 0 0.5760592818260193 983 214 1193 248 hydrodynamics
0 0 0.999762237071991 1201 210 1242 255 of
0 0 0.49323299527168274 1237 210 1335 253 galary
0 0 0.9987223744392395 1339 221 1434 248 groups
0 0 0.7314064502716064 1476 210 1516 246 15
1 0 0.9992707371711731 113 285 180 312 outer
1 0 0.9992881417274475 182 287 269 315 regions,
1 0 0.9999021291732788 269 285 302 315 as
1 0 0.9443785548210144 302 290 337 310 we
1 0 0.9956492781639099 337 285 424 312 observe
1 0 0.9996870756149292 426 283 455 315 in
1 0 0.9607321619987488 453 287 499 312 our
1 0 0.9968473315238953 497 283 652 315 non-radiative
1 0 0.9972869157791138 652 285 785 310 simulations
1 1 0.9998112320899963 111 310 163 344 and
1 1 0.9987523555755615 163 312 193 344 in
1 1 0.9996896982192993 195 315 310 340 Sembolini
1 1 0.9995276927947998 310 315 342 344 et
1 1 0.895241379737854 340 312 376 342 al.
1 1 0.9995618462562561 377 312 453 347 (2016)
1 1 0.9999997615814209 455 310 497 347 for
1 1 0.9997976422309875 495 312 617 347 grid-based
1 1 0.9982491731643677 620 315 692 342 codes.
2 0 0.9990952014923096 843 280 904 315 SPH
2 0 0.9496760368347168 904 285 970 312 codes
2 0 0.9990047812461853 970 280 1030 315 with
2 0 0.9979060888290405 1028 287 1064 315 an
2 0 0.9971687197685242 1064 287 1153 315 entropy
2 0 0.9159076809883118 1156 283 1234 317 profile
2 0 0.9940454959869385 1234 283 1356 317 decreasing
2 0 0.9998201727867126 1356 283 1392 312 all
2 0 0.9999227523803711 1392 283 1435 312 the
2 0 0.9990027546882629 1434 285 1486 319 way
2 0 0.9999549388885498 1484 285 1516 312 to
2 1 0.9999904632568359 846 347 865 370 7
2 1 0.996283233165741 889 342 1132 374 CORRELATIONS
2 1 0.5861597061157227 1140 347 1293 372 BETWEEN
2 1 0.9996542930603027 1301 344 1405 372 HALOS
2 2 0.9891387820243835 889 376 1103 402 STRUCTURAL
2 2 0.6610979437828064 1108 376 1321 402 PARAMETERS
2 3 0.9994832277297974 893 420 928 454 In
2 3 0.9999815225601196 927 420 970 449 the
2 3 0.9997990727424622 973 424 1070 452 previous
2 3 0.9975691437721252 1077 424 1164 452 section,
2 3 0.9995367527008057 1167 424 1208 452 we
2 3 0.9980379939079285 1208 422 1264 449 have
2 3 0.9990598559379578 1267 424 1381 452 compared
2 3 0.9880345463752747 1385 427 1431 452 our
2 3 0.9783651828765869 1431 420 1516 454 sample
2 4 0.999752938747406 843 452 875 481 of
2 4 0.9999065399169922 875 452 907 481 16
2 4 0.9995161294937134 909 454 972 481 halos
2 4 0.9999356269836426 975 454 1006 484 to
2 4 0.9752206206321716 1004 456 1043 484 an
2 4 0.9973592162132263 1043 452 1175 486 hydrostatic
2 4 0.9833042621612549 1179 452 1293 486 analytical
2 4 0.9541228413581848 1297 452 1377 486 profile.
2 4 0.999984622001648 1382 452 1429 484 For
2 4 0.9988118410110474 1426 454 1452 484 a
2 4 0.9991451501846313 1448 452 1516 486 given
2 5 0.6883530020713806 843 479 901 513 halo
2 5 0.9737975001335144 899 484 969 518 mass,
2 5 0.9996880292892456 972 481 1056 516 usually
2 5 0.9968330264091492 1059 484 1143 511 defined
2 5 0.9976280331611633 1145 479 1182 518 by
2 5 0.5641022324562073 1182 481 1251 518 M200,
2 5 0.9994938373565674 1255 486 1301 511 one
2 5 0.9980615973472595 1303 484 1369 511 needs
2 5 0.9981196522712708 1371 481 1403 513 to
2 5 0.9654779434204102 1403 484 1515 509 introduce
2 6 0.9944685697555542 843 516 880 543 an
2 6 0.9938018918037415 883 516 999 543 important
2 6 0.9984568357467651 1006 516 1120 541 structural
2 6 0.9918028712272644 1127 518 1248 545 parameter,
2 6 0.968505859375 1255 513 1343 548 namely
2 6 0.9991317391395569 1347 513 1390 543 the
2 6 0.8325027227401733 1393 516 1511 541 concentra-
2 7 0.9984380602836609 843 541 898 575 tion
2 7 0.9964391589164734 899 548 1017 575 parameter
2 7 0.871147871017456 1017 545 1046 575 C.
2 7 0.999985933303833 1046 541 1101 575 The
2 7 0.9991692304611206 1101 545 1195 571 statistic
2 7 0.9999641180038452 1196 543 1230 571 of
2 7 0.9996036887168884 1227 541 1277 575 this
2 7 0.9968202114105225 1277 545 1408 577 parameters
2 7 0.9991196990013123 1411 543 1455 573 has
2 7 0.9995404481887817 1455 541 1513 575 been
2 8 0.9905913472175598 844 575 894 603 well
2 8 0.999887228012085 896 575 982 603 studied
2 8 0.9991371035575867 985 577 1049 605 using
2 8 0.9994986057281494 1049 573 1077 605 N
2 8 0.7282724976539612 1077 573 1141 607 body
2 8 0.9701284766197205 1140 573 1276 605 simulations
2 8 0.9999594688415527 1279 575 1374 603 (Bullock
2 8 0.9994439482688904 1376 575 1406 605 et
2 8 0.9883309006690979 1406 573 1439 605 al.
2 8 0.9133118987083435 1439 573 1513 607 2001),
2 9 0.9996091723442078 846 637 907 664 Once
2 9 0.9994263648986816 909 637 970 664 M200
2 9 0.9997450709342957 969 632 1020 666 and
2 9 0.5794863700866699 1015 635 1040 666 C
2 9 0.9727298021316528 1036 637 1095 664 have
2 9 0.9999071359634399 1093 637 1153 664 been
2 9 0.9988294243812561 1153 637 1237 664 chosen,
2 9 0.9983951449394226 1240 641 1274 662 we
2 9 0.9958399534225464 1274 639 1321 664 can
2 9 0.9953806400299072 1321 637 1403 664 deduce
2 9 0.9999858140945435 1405 635 1445 664 the
2 9 0.9985266923904419 1444 639 1511 664 corre-
2 10 0.9980886578559875 844 666 951 701 sponding
2 10 0.9983489513397217 952 666 1027 694 values
2 10 0.9999793767929077 1027 664 1064 694 for
2 10 0.9058340787887573 1062 666 1093 696 Ts
2 10 0.9998922348022461 1091 662 1143 696 and
2 10 0.41312694549560547 1141 671 1180 698 Ps,
2 10 0.9998687505722046 1179 662 1229 696 and
2 10 0.9996308088302612 1229 664 1271 694 the
2 10 0.9947683811187744 1271 666 1403 698 hydrostatic
2 10 0.9991642236709595 1403 669 1511 696 equations
2 11 0.9720355868339539 843 696 898 730 give
2 11 0.5230571627616882 896 696 930 726 us
2 11 0.8295875191688538 930 694 1074 728 immediately
2 11 0.997097373008728 1075 694 1108 726 To
2 11 0.9771552085876465 1109 694 1161 728 and
2 11 0.6789534091949463 1159 701 1193 730 Po
2 11 0.9990372657775879 1193 694 1245 730 (see
2 11 0.9996862411499023 1246 696 1332 724 Section
2 11 0.8886880278587341 1334 694 1360 728 ).
2 12 0.9999730587005615 893 726 927 756 In
2 12 0.9989423155784607 928 728 994 756 order
2 12 0.9999854564666748 998 728 1030 756 to
2 12 0.9757980704307556 1033 730 1129 758 improve
2 12 0.9796679615974426 1133 726 1180 758 the
2 12 0.998359739780426 1180 726 1264 760 quality
2 12 0.9999898672103882 1269 726 1300 756 of
2 12 0.9994354844093323 1301 726 1345 756 the
2 12 0.7445672154426575 1348 726 1381 756 fit
2 12 0.9999947547912598 1384 726 1424 756 for
2 12 0.9947679042816162 1424 728 1450 758 a
2 12 0.9999322891235352 1450 726 1515 760 given
2 13 0.9997140765190125 844 756 906 790 halo,
2 13 0.9590691924095154 904 760 941 788 we
2 13 0.9993005990982056 940 760 991 788 now
2 13 0.9032872915267944 991 758 1103 785 introduce
2 13 0.9923341274261475 1101 756 1125 788 2
2 13 0.9995343685150146 1122 760 1172 785 new
2 13 0.9954690933227539 1174 758 1287 785 structural
2 13 0.996891438961029 1288 758 1418 790 parameters
2 13 0.9974230527877808 1416 760 1468 794 Pgas
2 13 0.5552471876144409 1466 756 1516 790 and
2 14 0.9986293315887451 844 849 901 877 each
2 14 0.9892866015434265 904 849 1022 877 individual
2 14 0.9994376301765442 1025 847 1082 881 halo
2 14 0.9948374629020691 1083 847 1162 881 profile
2 14 0.9996829032897949 1166 851 1214 879 was
2 14 0.9995779395103455 1217 849 1284 877 offset
2 14 0.9999096393585205 1288 849 1345 877 with
2 14 0.9854287505149841 1350 851 1435 879 respect
2 14 0.9999674558639526 1439 849 1471 879 to
2 14 0.9999752044677734 1473 847 1516 877 the
2 15 0.9133284091949463 846 881 957 909 analytical
2 15 0.9950474500656128 962 881 1077 909 prediction
2 15 0.5931757092475891 1078 883 1112 913 Po
2 15 0.8163581490516663 1112 879 1158 906 and
2 15 0.9949070811271667 1158 877 1193 911 To
2 15 0.9823814034461975 1192 877 1230 913 by
2 15 0.9981482028961182 1224 879 1248 909 a
2 15 0.9999334812164307 1246 879 1306 906 fixed
2 15 0.9862486720085144 1308 879 1403 906 amount.
2 15 0.7864581942558289 1406 879 1448 906 We
2 15 0.9858975410461426 1448 879 1515 906 inter-
2 16 0.9997546076774597 844 909 923 943 preted
2 16 0.9969474673271179 923 906 973 941 this
2 16 0.9913466572761536 973 911 1074 938 constant
2 16 0.8407634496688843 1077 911 1141 938 ofset
2 16 0.999921441078186 1143 909 1172 938 in
2 16 0.9999279975891113 1174 909 1216 938 the
2 16 0.9983534812927246 1216 911 1292 938 centre
2 16 0.999667763710022 1290 913 1324 941 as
2 16 0.9997202754020691 1324 911 1421 936 different
2 16 0.9971979856491089 1423 909 1515 943 entropy
2 17 0.9990764856338501 844 941 912 968 levels
2 17 0.9997602105140686 912 941 1001 966 reached
2 17 0.999808132648468 1001 941 1032 970 at
2 17 0.9971941709518433 1028 936 1085 970 halo
2 17 0.9997783303260803 1085 941 1198 966 formation
2 17 0.6681565046310425 1200 941 1261 968 time.
2 17 0.9999796152114868 1261 938 1305 968 We
2 17 0.995744526386261 1303 943 1355 968 now
2 17 0.999395489692688 1355 941 1452 968 consider
2 17 0.9999951124191284 1453 941 1515 968 these
2 18 0.998915433883667 846 1002 935 1027 random
2 18 0.9997867941856384 938 1002 1046 1030 variables,
2 18 0.99885094165802 1046 998 1098 1032 and
2 18 0.5557920932769775 1095 998 1145 1032 will
2 18 0.990803599357605 1141 1000 1211 1034 study
2 18 0.9990191459655762 1211 1005 1263 1030 now
2 18 0.9999402761459351 1261 998 1324 1032 their
2 18 0.9949980974197388 1324 1002 1450 1032 correlation
2 18 0.999825656414032 1448 1002 1513 1037 prop-
2 19 0.9998369216918945 894 1062 928 1091 In
2 19 0.9999641180038452 925 1062 969 1091 the
2 19 0.9997673630714417 972 1064 1067 1091 previous
2 19 0.9790651798248291 1072 1064 1159 1091 section,
2 19 0.9753884673118591 1162 1064 1201 1091 we
2 19 0.999354898929596 1201 1062 1259 1089 have
2 19 0.9997155070304871 1259 1062 1316 1089 used
2 19 0.9992846846580505 1318 1062 1361 1091 the
2 19 0.9997943043708801 1363 1062 1473 1089 turbulent
2 19 0.9995087385177612 1473 1064 1511 1091 en-
2 20 0.9933285713195801 844 1098 899 1126 ergy
2 20 0.9999744892120361 901 1094 933 1123 to
2 20 0.9997894167900085 935 1094 1017 1121 correct
2 20 0.9997554421424866 1022 1091 1066 1121 the
2 20 0.7092646360397339 1067 1091 1183 1126 analytical
2 20 0.999775230884552 1185 1098 1230 1126 gas
2 20 0.996988832950592 1232 1094 1382 1126 temperature,
2 20 0.9925526976585388 1385 1094 1416 1121 in
2 20 0.9998291730880737 1418 1094 1482 1121 order
2 20 0.7428218126296997 1484 1094 1516 1121 to
2 21 0.9962426424026489 844 1126 936 1151 account
2 21 0.9999997615814209 936 1123 975 1151 for
2 21 0.998392641544342 973 1121 1117 1153 non-thermal
2 21 0.9989913105964661 1117 1128 1214 1153 pressure
2 21 0.9978302121162415 1216 1126 1311 1153 support,
2 21 0.9996567964553833 1311 1119 1364 1153 and
2 21 0.9850539565086365 1361 1123 1398 1153 we
2 21 0.9964349269866943 1397 1123 1455 1151 have
2 21 0.9993407130241394 1453 1123 1515 1151 iden-
2 22 0.8778877258300781 844 1153 907 1180 tified
2 22 0.9988309741020203 909 1158 931 1180 a
2 22 0.8682772517204285 931 1153 1057 1183 correlation
2 22 0.9959575533866882 1059 1153 1154 1180 between
2 22 0.9999109506607056 1156 1151 1200 1180 the
2 22 0.999690055847168 1201 1155 1292 1180 amount
2 22 0.999969482421875 1292 1151 1324 1180 of
2 22 0.9979683756828308 1324 1153 1432 1180 turbulent
2 22 0.999907374382019 1435 1158 1511 1185 energy
2 23 0.9982085227966309 843 1183 877 1212 in
2 23 0.999626874923706 875 1185 933 1212 each
2 23 0.9996887445449829 935 1180 993 1215 halo
2 23 0.9996243715286255 993 1180 1045 1215 and
2 23 0.9999750852584839 1046 1183 1083 1212 its
2 23 0.9994854927062988 1088 1185 1203 1210 formation
2 23 0.9998465776443481 1206 1187 1282 1215 epoch.
2 23 0.9999946355819702 1287 1180 1342 1215 The
2 23 0.9999382495880127 1342 1180 1403 1215 level
2 23 0.989740252494812 1405 1183 1437 1212 of
2 23 0.9968459010124207 1439 1185 1510 1212 turbu-
2 24 0.9856394529342651 844 1215 907 1242 lence
2 24 0.9995777010917664 910 1212 941 1244 in
2 24 0.9999860525131226 946 1212 988 1242 the
2 24 0.9424207806587219 991 1215 1045 1242 halo
2 24 0.9999270439147949 1048 1212 1077 1244 is
2 24 0.7460848689079285 1082 1215 1185 1240 therefore
2 24 0.8854916095733643 1190 1215 1282 1242 another
2 24 0.9989564418792725 1287 1217 1340 1242 new
2 24 0.7609626054763794 1342 1210 1393 1244 and
2 24 0.9976760745048523 1397 1217 1511 1244 important
3 0 0.9990222454071045 844 312 888 342 the
3 0 0.9961733222007751 889 315 969 342 centre.
4 0 0.9975715279579163 114 402 161 433 6.9
4 0 0.5918199419975281 182 402 310 436 Summary
5 0 0.9984238147735596 163 454 206 484 We
5 0 0.9996115565299988 209 456 268 484 have
5 0 0.9619921445846558 269 454 387 488 quantified
5 0 0.999804675579071 392 454 436 484 the
5 0 0.9997329115867615 437 454 557 488 dispersion
5 0 0.999825656414032 558 454 591 484 of
5 0 0.9998966455459595 589 459 636 484 our
5 0 0.9828273057937622 638 454 725 488 profiles
5 0 0.999975323677063 728 456 785 484 with
5 1 0.9989820122718811 114 491 198 518 respect
5 1 0.9995408058166504 198 486 230 516 to
5 1 0.9999492168426514 229 486 271 516 the
5 1 0.9984356760978699 271 491 360 518 average
5 1 0.6458820104598999 358 484 436 518 profile
5 1 0.9979208111763 436 484 471 518 by
5 1 0.9992282390594482 470 488 587 516 measuring
5 1 0.6673272848129272 589 484 631 513 the
5 1 0.9996267557144165 631 486 728 513 variance
5 1 0.9999759197235107 728 486 785 513 with
5 2 0.9865354895591736 114 516 197 550 typical
5 2 0.9994339346885681 198 518 272 545 values
5 2 0.7193291187286377 272 516 305 545 of
5 2 0.9870116710662842 305 516 389 543 10-20%
5 2 0.9981275200843811 390 516 423 545 of
5 2 0.999721348285675 421 516 465 545 the
5 2 0.97235107421875 466 518 579 545 numerical
5 2 0.9849616289138794 583 520 655 545 mean.
5 2 0.9925731420516968 657 516 688 545 In
5 2 0.9959866404533386 689 518 785 545 extreme
5 3 0.986401379108429 113 548 184 582 cases,
5 3 0.9999141693115234 185 545 213 577 it
5 3 0.9915351867675781 214 550 261 575 can
5 3 0.9995630383491516 264 548 331 575 reach
5 3 0.9994685053825378 334 550 371 580 up
5 3 0.9999635219573975 373 548 405 577 to
5 3 0.9989544153213501 408 548 499 573 35-50%.
5 3 0.9993022680282593 507 548 626 573 Individual
5 3 0.9992870688438416 629 548 694 575 halos
5 3 0.6165362596511841 701 550 783 577 profiles
5 4 0.9802647829055786 114 580 200 605 deviate
5 4 0.9995445609092712 203 582 239 609 up
5 4 0.9998195767402649 237 577 271 607 to
5 4 0.9956366419792175 271 577 356 605 20-40%
5 4 0.9977486729621887 360 577 418 605 from
5 4 0.9977537989616394 419 577 463 607 the
5 4 0.9992484450340271 463 582 536 609 mean,
5 4 0.9993215799331665 536 575 587 609 and
5 4 0.9995421171188354 589 584 628 605 are
5 4 0.9965718984603882 631 580 710 607 mostly
5 4 0.9996720552444458 712 577 741 607 in
5 4 0.9952267408370972 743 577 786 607 the
5 5 0.9995293617248535 116 641 182 669 peaks
5 5 0.9991206526756287 182 635 235 669 and
5 5 0.9999544620513916 237 637 340 671 throughs
5 5 0.9997790455818176 340 637 371 669 in
5 5 0.999940037727356 371 637 415 666 the
5 5 0.9996596574783325 415 639 481 666 outer
5 5 0.9992751479148865 482 637 573 671 regions.
5 6 0.9192220568656921 164 673 208 701 We
5 6 0.9197490215301514 209 673 266 701 have
5 6 0.9994301199913025 266 671 319 705 also
5 6 0.9794939756393433 319 676 432 701 estimated
5 6 0.997410237789154 437 673 489 701 how
5 6 0.9857110381126404 491 673 541 701 well
5 6 0.9978547692298889 542 673 586 703 the
5 6 0.9910874962806702 589 673 702 701 numerical
5 6 0.9997557997703552 705 673 785 701 results
5 7 0.8812736868858337 114 708 230 735 reproduce
5 7 0.9999785423278809 232 703 274 733 the
5 7 0.9845970273017883 276 703 392 737 analytical
5 7 0.632943868637085 394 703 481 737 profiles
5 7 0.9935455918312073 481 703 592 737 predicted
5 7 0.9966609477996826 591 701 629 737 by
5 7 0.9998706579208374 628 703 671 733 the
5 7 0.9997641444206238 673 705 746 733 model
5 7 0.9989045858383179 747 705 785 733 in-
5 8 0.9426509141921997 114 735 218 762 troduced
5 8 0.9997420907020569 219 733 248 765 in
5 8 0.9985839128494263 250 735 339 762 Section
5 8 0.8572786450386047 353 733 397 762 We
5 8 0.8816138505935669 395 730 449 765 find
5 8 0.9979756474494934 447 737 482 765 an
5 8 0.998376727104187 482 735 562 762 overall
5 8 0.9999088048934937 562 733 625 769 good
5 8 0.9862872958183289 626 737 744 765 agreement
5 8 0.9959365129470825 747 735 786 765 for
5 9 0.9998610019683838 113 765 150 794 all
5 9 0.9967777132987976 151 769 269 797 quantities.
5 9 0.9999059438705444 274 765 306 794 In
5 9 0.9999382495880127 308 765 352 794 the
5 9 0.9906960725784302 353 769 407 794 case
5 9 0.9993864297866821 407 765 439 794 of
5 9 0.999529242515564 439 765 482 794 the
5 9 0.994509756565094 482 769 526 799 gas
5 9 0.9721641540527344 528 767 678 799 temperature,
5 9 0.9987014532089233 683 769 783 797 however,
5 10 0.996020495891571 116 861 211 888 pressure
5 10 0.6117026805877686 213 861 303 888 support.
5 10 0.9999412298202515 303 861 323 886 a
5 10 0.9554404020309448 323 856 444 890 significant
5 10 0.876636266708374 444 858 584 883 contribution
5 10 0.9979682564735413 584 856 617 886 of
5 10 0.9999531507492065 610 856 654 886 the
5 10 0.9957432150840759 654 856 785 888 turbulence,
5 11 0.9406400322914124 113 886 226 920 especially
5 11 0.9994077682495117 227 886 258 918 in
5 11 0.9993242025375366 258 886 300 915 the
5 11 0.9272953867912292 300 888 368 915 outer
5 11 0.9973117113113403 369 890 457 918 regions.
5 11 0.9998869895935059 460 886 503 915 We
5 11 0.9948011636734009 503 888 562 915 have
5 11 0.983730137348175 562 883 631 918 fitted
5 11 0.9989427924156189 629 886 676 918 the
5 11 0.9998160004615784 676 888 783 915 turbulent
5 12 0.5672261714935303 116 920 200 947 specific
5 12 0.9997482895851135 205 922 284 950 energy
5 12 0.999902606010437 287 918 344 945 with
5 12 0.9972021579742432 347 922 369 945 a
5 12 0.9980148077011108 371 920 447 947 simple
5 12 0.9936121106147766 452 918 521 945 linear
5 12 0.9994218349456787 526 918 621 945 function
5 12 0.9996122717857361 625 915 657 945 of
5 12 0.9999816417694092 655 918 702 950 the
5 12 0.9929897785186768 701 915 785 950 radius,
5 13 0.9998509883880615 111 945 163 979 and
5 13 0.9988971948623657 166 950 289 975 subtracted
5 13 0.9712717533111572 292 947 323 977 it
5 13 0.9978733062744141 324 947 381 975 from
5 13 0.999972939491272 386 947 429 977 the
5 13 0.600669801235199 434 950 545 977 analytical
5 13 0.9816646575927734 552 947 697 979 temperature
5 13 0.9941707253456116 701 947 785 982 profile.
5 14 0.9958763122558594 114 1009 172 1037 from
5 14 0.9909828305244446 174 1009 218 1037 the
5 14 0.9847801923751831 219 1009 334 1037 numerical
5 14 0.9902781844139099 335 1011 403 1037 mean
5 14 0.9945226907730103 405 1011 487 1037 remain
5 14 0.9951921701431274 489 1009 576 1037 smaller
5 14 0.999953031539917 578 1009 636 1037 than
5 14 0.8844525814056396 636 1005 699 1039 20%.
5 15 0.9907197952270508 164 1043 213 1071 Wel
5 15 0.9996349811553955 203 1043 263 1071 have
5 15 0.8760027885437012 263 1046 377 1071 confirmed
5 15 0.9999083280563354 379 1043 421 1073 the
5 15 0.9999572038650513 419 1046 499 1073 results
5 15 0.9998971223831177 499 1043 529 1073 of
5 15 0.9991305470466614 529 1046 639 1071 Ascasibar
5 15 0.991852343082428 638 1043 668 1075 et
5 15 0.9981344938278198 667 1043 701 1073 al.
5 15 0.9994819760322571 702 1043 785 1078 (2003),
5 16 0.7730887532234192 114 1078 200 1105 namely
5 16 0.999782145023346 203 1071 260 1105 that
5 16 0.9790439605712891 310 1073 426 1107 analytical
5 16 0.9947740435600281 429 1073 562 1107 hydrostatic
5 16 0.999758780002594 565 1075 613 1103 and
5 16 0.9975345134735107 620 1078 738 1105 polytropic
5 16 0.9982621073722839 741 1080 786 1107 gas
5 17 0.9978923201560974 116 1107 200 1135 profiles
5 17 0.9966333508491516 209 1105 313 1139 resulting
5 17 0.9980276226997375 321 1103 382 1137 from
5 17 0.9884665012359619 387 1107 424 1135 an
5 17 0.7332786321640015 432 1105 500 1132 NFW
5 17 0.9880878329277039 507 1103 570 1137 total
5 17 0.9443809986114502 576 1110 641 1135 mass
5 17 0.998051643371582 647 1107 783 1132 distribution
5 18 0.997680127620697 116 1135 242 1169 (Equations
5 18 0.9997326731681824 240 1135 263 1167 2
5 18 0.9850530028343201 261 1137 311 1164 and
5 18 0.9970296621322632 308 1135 337 1167 3)
5 18 0.7990861535072327 335 1139 379 1167 are
5 18 0.9979928731918335 376 1135 439 1169 good
5 18 0.9947813153266907 437 1137 547 1162 estimates
5 18 0.999771773815155 547 1135 586 1164 for
5 18 0.9996728897094727 586 1135 626 1164 the
5 18 0.9993302822113037 625 1137 699 1164 actual
5 18 0.9941222071647644 701 1139 785 1164 numer-
5 19 0.997081458568573 111 1164 161 1199 ical
5 19 0.9949774146080017 161 1169 251 1196 profiles.
5 19 0.9994198083877563 256 1167 316 1194 Note
5 19 0.9998347759246826 316 1167 371 1194 that
5 19 0.8805719017982483 369 1169 410 1196 we
5 19 0.9994034767150879 410 1167 466 1194 have
5 19 0.9918180704116821 468 1169 570 1194 observed
5 19 0.9995763897895813 570 1169 594 1199 a
5 19 0.976764976978302 592 1171 649 1199 very
5 19 0.9975987076759338 649 1169 709 1196 good
5 19 0.9976626634597778 712 1171 785 1199 agree-
5 20 0.9963414072990417 113 1199 177 1226 ment
5 20 0.9842289686203003 182 1199 277 1224 between
5 20 0.9999563694000244 281 1196 324 1226 the
5 20 0.9358540177345276 326 1196 387 1224 total
5 20 0.9984879493713379 389 1201 452 1226 mass
5 20 0.626203179359436 453 1196 533 1231 profile
5 20 0.9966875910758972 534 1194 587 1231 (gas
5 20 0.9988927245140076 587 1194 641 1228 and
5 20 0.9998617172241211 641 1196 699 1224 dark
5 20 0.9898300766944885 702 1199 785 1224 matter
5 21 0.9460979700088501 114 1260 214 1288 however,
5 21 0.9958490133285522 219 1258 272 1285 that
5 21 0.9994124174118042 276 1258 386 1285 Ascasibar
5 21 0.9936860203742981 387 1258 418 1288 et
5 21 0.9994341731071472 416 1256 450 1285 al.
5 21 0.993861198425293 453 1256 529 1290 (2003)
5 21 0.9997914433479309 531 1258 596 1285 fitted
5 21 0.9825655221939087 596 1256 642 1288 the
5 21 0.99873286485672 642 1258 709 1285 NFW
5 21 0.9996598958969116 712 1258 785 1285 model
5 22 0.9999085664749146 111 1288 145 1317 to
5 22 0.9999728202819824 143 1288 188 1315 the
5 22 0.9994685053825378 188 1288 245 1315 dark
5 22 0.9971983432769775 248 1290 329 1315 matter
5 22 0.8726419806480408 331 1290 394 1317 mass
5 22 0.9992349147796631 394 1288 537 1320 distribution,
5 22 0.984362006187439 541 1288 639 1322 ignoring
5 22 0.9999841451644897 639 1288 683 1317 the
5 22 0.9986658096313477 686 1290 783 1317 baryons.
5 23 0.9997178912162781 113 1315 172 1349 This
5 23 0.9959994554519653 174 1320 240 1347 could
5 23 0.9973863959312439 243 1317 319 1354 partly
5 23 0.9998772144317627 321 1317 410 1352 explain
5 23 0.9993751645088196 413 1317 470 1352 why,
5 23 0.9981379508972168 473 1317 503 1349 in
5 23 0.9998244643211365 507 1320 565 1347 their
5 23 0.9952202439308167 568 1322 626 1349 case,
5 23 0.9896661043167114 633 1317 689 1352 they
5 23 0.9990283250808716 689 1322 752 1347 seem
5 23 0.9994018077850342 754 1320 788 1349 to
5 24 0.8268812894821167 113 1345 166 1379 find
5 24 0.9980173110961914 163 1352 201 1379 an
5 24 0.9700597524642944 201 1349 303 1377 excellent
5 24 0.6803255081176758 306 1352 426 1379 agreement
5 24 0.9969114661216736 431 1349 526 1375 between
5 24 0.9996345043182373 529 1347 571 1377 the
5 24 0.9984683394432068 573 1349 688 1375 numerical
5 24 0.9992324113845825 692 1352 783 1379 temper-
5 25 0.9998277425765991 113 1381 179 1409 ature
5 25 0.9371946454048157 180 1379 258 1413 profile
5 25 0.9996389150619507 258 1377 308 1411 and
5 25 0.9998378753662109 308 1379 352 1409 the
5 25 0.996874213218689 353 1381 489 1407 uncorrected
5 25 0.9796857237815857 492 1381 605 1409 analytical
5 25 0.9995749592781067 608 1381 688 1409 model,
5 25 0.9998706579208374 692 1381 783 1407 without
5 26 0.9997870326042175 114 1409 158 1439 the
5 26 0.998288094997406 158 1407 219 1441 need
5 26 0.9999866485595703 221 1409 260 1439 for
5 26 0.9833921194076538 261 1409 361 1443 invoking
5 26 0.9698885679244995 366 1411 495 1436 turbulence.
5 26 0.9999895095825195 500 1409 542 1439 We
5 26 0.9973618388175964 544 1407 605 1441 have
5 26 0.9997780919075012 607 1411 696 1436 checked
5 26 0.9999459981918335 699 1407 751 1441 this
5 26 0.9969971179962158 751 1409 786 1439 is-
5 27 0.9994778037071228 113 1443 158 1471 sue
5 27 0.9981468915939331 156 1439 195 1475 by
5 27 0.9929393529891968 195 1443 313 1471 extracting
5 27 0.99988853931427 316 1439 360 1468 the
5 27 0.9824796915054321 361 1441 429 1468 NFW
5 27 0.9932494163513184 432 1441 563 1473 parameters
5 27 0.9612594246864319 565 1443 596 1473 Ts
5 27 0.9967491626739502 596 1439 647 1473 and
5 27 0.8589945435523987 647 1445 680 1473 Ps
5 27 0.9197234511375427 681 1441 739 1468 from
5 27 0.996455192565918 743 1441 786 1468 the
5 28 0.9997777342796326 116 1505 213 1532 previous
5 28 0.9999039173126221 218 1502 279 1530 work
5 28 0.9963055849075317 279 1498 319 1537 by
5 28 0.9965947270393372 321 1502 434 1530 Ascasibar
5 28 0.9998481273651123 437 1502 468 1532 et
5 28 0.9322555661201477 470 1500 503 1530 al.
5 28 0.8165534734725952 510 1500 591 1534 (2003).
5 28 0.9980460405349731 596 1498 650 1532 Our
5 28 0.9913184642791748 650 1502 785 1534 assumption
5 29 0.9935140609741211 113 1534 163 1562 was
5 29 0.9899885058403015 167 1534 240 1562 partly
5 29 0.7522863149642944 248 1534 368 1562 confirmed,
5 29 0.9982764720916748 374 1532 437 1560 since
5 29 0.984645664691925 440 1534 481 1562 we
5 29 0.9995331764221191 484 1532 554 1560 found
5 29 0.9999402761459351 557 1532 581 1562 a
5 29 0.9861709475517273 584 1532 659 1560 better
5 29 0.989525556564331 665 1534 783 1562 agreement
5 30 0.9995021820068359 116 1564 209 1589 between
5 30 0.9999556541442871 211 1562 255 1589 the
5 30 0.9941516518592834 256 1564 392 1589 uncorrected
5 30 0.7810053825378418 397 1564 508 1592 analytical
5 30 0.9994106292724609 510 1560 562 1594 and
5 30 0.9936382174491882 562 1564 676 1589 numerical
5 30 0.9944281578063965 678 1564 755 1589 curves
5 30 0.9998949766159058 755 1560 785 1592 in
5 31 0.9997063279151917 114 1592 158 1621 the
5 31 0.9928261041641235 158 1589 306 1621 intermediate
5 31 0.9978972673416138 308 1594 379 1628 range
5 31 0.9668896794319153 379 1592 445 1626 0.5Ts
5 31 0.7628331184387207 449 1589 528 1626 <TK
5 31 0.8571467399597168 524 1589 581 1626 5Ts.
5 31 0.9995008707046509 584 1594 662 1621 Above
5 31 0.9854273796081543 662 1594 712 1621 and
5 31 0.9884353876113892 713 1594 785 1621 below
5 32 0.9998307228088379 113 1619 164 1653 this
5 32 0.9967706203460693 163 1624 251 1649 interval
5 32 0.9573235511779785 253 1624 355 1651 however,
5 32 0.9999752044677734 356 1621 398 1651 the
5 32 0.9716763496398926 400 1624 521 1649 differences
5 32 0.5976831316947937 523 1624 618 1651 between
5 32 0.9997584223747253 620 1624 662 1651 the
5 32 0.9995166063308716 662 1624 709 1651 two
5 32 0.9547790884971619 707 1626 785 1651 curves
5 33 0.9829416871070862 114 1656 203 1681 became
5 33 0.9984968900680542 205 1658 261 1683 even
5 33 0.9990662932395935 264 1653 342 1688 larger.
5 33 0.9999388456344604 344 1653 395 1681 The
5 33 0.9995242357254028 397 1656 461 1681 other
5 33 0.997542142868042 465 1656 581 1683 possibility
5 33 0.9998581409454346 583 1653 612 1683 is
5 33 0.998383641242981 608 1651 667 1685 that
5 33 0.9999477863311768 667 1653 725 1681 their
5 33 0.9998619556427002 726 1653 785 1681 SPH
5 34 0.9974223375320435 114 1685 247 1710 simulations
5 34 0.9966617822647095 250 1690 292 1713 are
5 34 0.7143040895462036 297 1688 479 1713 underestimating
5 34 0.99796462059021 482 1681 520 1719 by
5 34 0.9996167421340942 518 1685 542 1715 a
5 34 0.9994857311248779 544 1685 615 1713 factor
5 34 0.9999974966049194 617 1683 649 1713 of
5 34 0.9999508857727051 646 1681 670 1715 2
5 34 0.9952869415283203 670 1681 713 1719 (or
5 34 0.9684637188911438 713 1683 785 1717 more)
5 35 0.9999637603759766 113 1715 156 1742 the
5 35 0.999829888343811 159 1715 216 1742 level
5 35 0.8793423175811768 219 1713 251 1742 of
5 35 0.9991459846496582 251 1715 345 1742 residual
5 35 0.9974685907363892 350 1717 460 1742 turbulent
5 35 0.9956446886062622 465 1719 549 1747 energy.
5 35 0.9994827508926392 555 1715 615 1742 Note
5 35 0.9844359159469604 617 1715 673 1742 that
5 35 0.999819815158844 675 1717 722 1745 our
5 35 0.9818785786628723 723 1717 786 1745 mass
5 36 0.8079166412353516 113 1747 229 1772 resolution
5 36 0.9994446635246277 232 1742 261 1774 is
5 36 0.9995724558830261 264 1747 339 1774 higher
5 36 0.993463397026062 342 1742 381 1779 by
5 36 0.9994363188743591 379 1745 405 1774 a
5 36 0.9997934699058533 407 1745 478 1772 factor
5 36 0.9987725615501404 481 1745 513 1774 of
5 36 0.9997535347938538 512 1745 547 1774 20
5 36 0.9980879426002502 550 1745 608 1772 than
5 36 0.9997908473014832 612 1747 660 1774 was
5 36 0.9738336801528931 665 1747 785 1772 achievable
5 37 0.9289675951004028 113 1777 177 1804 more
5 37 0.999940037727356 177 1772 237 1806 than
5 37 0.9999617338180542 242 1774 272 1804 10
5 37 0.999384880065918 272 1779 337 1806 years
5 37 0.9997207522392273 339 1777 394 1811 ago.
5 37 0.9980477094650269 394 1772 449 1806 The
5 37 0.9821140170097351 447 1772 499 1806 size
5 37 0.9999955892562866 497 1772 529 1804 of
5 37 0.6727626919746399 528 1774 587 1802 their
5 37 0.9903157353401184 591 1774 675 1809 sample
5 37 0.9988666772842407 675 1772 702 1806 is
5 37 0.9733224511146545 704 1774 785 1802 similar
5 38 0.8810944557189941 108 1802 208 1843 toours,
5 38 0.9998605251312256 206 1806 261 1834 with
5 38 0.9997753500938416 264 1804 297 1836 15
5 38 0.9995438456535339 295 1804 366 1838 halos,
5 38 0.999778687953949 368 1806 413 1834 but
5 38 0.9827350974082947 415 1804 471 1841 they
5 38 0.9816470742225647 470 1809 513 1836 are
5 38 0.9996908903121948 515 1806 641 1831 distributed
5 38 0.9995025396347046 641 1811 697 1836 over
5 38 0.9999274015426636 696 1811 717 1834 a
5 38 0.8454605340957642 718 1806 785 1834 wider
5 39 0.7872216105461121 113 1838 176 1866 mass
5 39 0.9998263716697693 176 1841 243 1868 range
5 39 0.997453510761261 247 1836 293 1863 and
5 39 0.9952178001403809 297 1836 382 1863 contain
5 39 0.9996113181114197 386 1834 437 1868 also
5 39 0.9984332919120789 437 1836 518 1870 galaxy
5 39 0.9931174516677856 520 1836 600 1863 cluster
5 39 0.9997788071632385 602 1836 662 1863 sized
5 39 0.9956998825073242 665 1838 754 1866 objects.
5 40 0.9984238147735596 163 1870 206 1900 We
5 40 0.9998290538787842 208 1868 260 1902 also
5 40 0.9966049194335938 261 1873 348 1898 noticed
5 40 0.999914288520813 353 1873 407 1900 that
5 40 0.9995937943458557 408 1873 521 1900 Ascasibar
5 40 0.9912269711494446 523 1873 555 1902 et
5 40 0.999114453792572 555 1870 589 1900 al.
5 40 0.5904360413551331 594 1870 670 1905 (2003)
5 40 0.9996637105941772 673 1873 783 1900 measured
5 41 0.9697988629341125 116 1934 300 1959 underestimation
5 41 0.9992724061012268 305 1932 337 1962 of
5 41 0.9999121427536011 339 1932 382 1962 the
5 41 0.9989240765571594 386 1932 518 1964 turbulence,
5 41 0.929673969745636 521 1934 589 1962 could
5 41 0.9902774691581726 592 1932 681 1966 explain
5 41 0.9999315738677979 684 1930 734 1964 this
5 41 0.9983596205711365 736 1930 786 1964 dis-
5 42 0.9951609969139099 114 1968 222 1994 crepancy.
5 42 0.9990631937980652 226 1964 277 1991 Our
5 42 0.9982166886329651 279 1964 358 1991 results
5 42 0.9989210367202759 358 1964 426 1998 agree
5 42 0.9857176542282104 424 1962 478 1996 also
5 42 0.9724839925765991 474 1964 533 1998 very
5 42 0.9990397095680237 531 1959 584 1994 well
5 42 0.9991331696510315 584 1964 641 1991 with
5 42 0.9998378753662109 642 1962 684 1991 the
5 42 0.9999666213989258 686 1962 765 1996 Figure
5 42 0.9932634234428406 765 1964 783 1991 1
5 43 0.9938315153121948 113 1994 145 2023 of
5 43 0.9969024062156677 145 1994 216 2028 Nagai
5 43 0.9999099969863892 218 1994 247 2023 et
5 43 0.9996389150619507 248 1994 282 2023 al.
5 43 0.9286431074142456 287 1991 363 2028 (2007)
5 43 0.9378495216369629 366 1994 468 2021 obtained
5 43 0.9996994733810425 473 1994 528 2021 with
5 43 0.993615984916687 529 1996 555 2026 a
5 43 0.9662660956382751 555 1996 638 2023 sample
5 43 0.9999934434890747 639 1991 671 2021 of
5 43 0.9992102384567261 671 1994 704 2023 16
5 43 0.9427030086517334 705 1994 786 2028 galaxy
5 44 0.9961172342300415 114 2026 205 2051 clusters
5 44 0.9723691344261169 206 2026 319 2051 simulated
5 44 0.999929666519165 321 2023 377 2051 with
5 44 0.999910831451416 379 2023 423 2051 the
5 44 0.9997132420539856 426 2026 523 2051 Eulerian
5 44 0.9816892147064209 526 2023 583 2051 code
5 44 0.9993821382522583 584 2023 650 2051 ART.
5 44 0.9806929230690002 654 2023 701 2055 For
5 44 0.9999595880508423 699 2023 743 2053 the
5 44 0.9967343807220459 743 2028 786 2058 gas
5 45 0.9989444613456726 113 2053 201 2087 density
5 45 0.998849630355835 203 2051 255 2085 and
5 45 0.9961663484573364 258 2055 402 2087 temperature
5 45 0.7022457718849182 407 2058 497 2085 profiles,
5 45 0.9986448884010315 503 2058 542 2085 we
5 45 0.9979397654533386 544 2055 604 2083 have
5 45 0.9636000990867615 605 2055 738 2087 reproduced
5 45 0.9981344938278198 743 2055 786 2085 the
5 46 0.9941699504852295 114 2085 229 2112 behaviour
5 46 0.9994404911994934 230 2085 263 2115 at
5 46 0.909122109413147 263 2085 327 2112 small
5 46 0.5781570076942444 329 2085 387 2112 radii
5 46 0.999910831451416 389 2087 487 2115 reported
5 46 0.9997890591621399 489 2083 520 2115 in
5 46 0.9988449811935425 520 2085 634 2112 Sembolini
5 46 0.9992521405220032 634 2085 665 2115 et
5 46 0.9997661709785461 665 2085 699 2115 al.
5 46 0.9908497333526611 701 2085 785 2119 (2016),
5 47 0.930790901184082 113 2144 146 2174 of
5 47 0.9983698725700378 143 2149 242 2174 constant
5 47 0.9922237396240234 243 2149 332 2176 entropy
5 47 0.9999146461486816 332 2147 363 2176 in
5 47 0.9997652173042297 363 2144 405 2174 the
5 47 0.9988495111465454 405 2149 484 2176 centre,
5 47 0.9980531930923462 484 2144 515 2176 in
5 47 0.9967949986457825 515 2149 610 2174 contrast
5 47 0.9988214373588562 610 2147 642 2176 to
5 47 0.9997004270553589 639 2142 691 2176 this
5 47 0.989330530166626 689 2147 785 2172 classical
6 0 0.9481141567230225 116 607 172 635 form
6 0 0.9999995231628418 177 607 208 637 of
6 0 0.9990743398666382 209 609 311 635 constant
6 0 0.9978107810020447 313 605 392 639 offsets
6 0 0.9997870326042175 395 607 424 637 in
6 0 0.9981350898742676 429 607 473 637 the
6 0 0.9938316345214844 474 607 557 641 centre,
6 0 0.7379558682441711 560 605 612 639 and
6 0 0.9998644590377808 613 605 644 637 in
6 0 0.997530996799469 647 607 691 637 the
6 0 0.9848559498786926 694 607 752 635 form
6 0 0.9999737739562988 755 607 788 637 of
6 0 0.9965335130691528 844 605 893 632 and
6 0 0.9975341558456421 894 609 940 635 can
6 0 0.999874472618103 943 605 977 635 be
6 0 0.9278302788734436 980 605 1101 632 considered
6 0 0.9994080066680908 1103 607 1137 635 as
6 0 0.9997790455818176 1135 607 1172 635 an
6 0 0.8346366882324219 1174 605 1316 637 independent
6 0 0.9438038468360901 1319 607 1410 632 random
6 0 0.9998934268951416 1414 605 1511 632 variable.
7 0 0.9990085959434509 113 799 159 826 our
7 0 0.9953521490097046 159 797 276 824 numerical
7 0 0.9987120628356934 279 797 356 824 results
7 0 0.9197706580162048 360 797 499 829 significantly
7 0 0.7868754267692566 505 797 681 822 underestimated
7 0 0.9991827607154846 686 794 728 824 the
7 0 0.999138355255127 730 799 786 826 ana-
7 0 0.6708939075469971 843 788 904 824 Tgasy
7 0 0.99986732006073 906 788 975 815 which
7 0 0.7005122303962708 982 788 1069 815 denotes
7 0 0.99993896484375 1072 788 1116 817 the
7 0 0.999665379524231 1119 788 1200 815 central
7 0 0.9928991794586182 1203 792 1246 822 gas
7 0 0.9992693066596985 1248 790 1334 817 density
7 0 0.9976153373718262 1337 788 1385 815 and
7 0 0.9999456405639648 1387 788 1431 817 the
7 0 0.9608651995658875 1432 788 1513 815 central
7 1 0.9867488145828247 113 824 190 858 lytical
7 1 0.997281551361084 193 829 313 856 prediction.
7 1 0.9982215762138367 318 824 361 854 We
7 1 0.9998794794082642 360 824 444 858 argued
7 1 0.999922513961792 445 826 497 854 that
7 1 0.9985939860343933 499 829 536 856 we
7 1 0.9868680238723755 536 826 594 854 have
7 1 0.9998018145561218 592 826 625 856 to
7 1 0.9974368810653687 625 826 710 854 include
7 1 0.9996675252914429 712 826 743 856 to
7 1 0.9878073334693909 743 826 786 854 the
7 1 0.9189953804016113 843 822 889 854 gas
7 1 0.9868088960647583 886 817 1036 851 temperature.
7 1 0.997920572757721 1040 817 1082 845 We
7 1 0.999713122844696 1083 817 1140 845 have
7 1 0.9992774128913879 1138 822 1193 847 seen
7 1 0.9999090433120728 1192 817 1224 847 in
7 1 0.9995055198669434 1224 817 1309 845 Section
7 1 0.999942421913147 1316 815 1366 849 and
7 1 0.9985400438308716 1368 820 1453 845 Section
7 1 0.9924416542053223 1460 815 1516 849 that
8 0 0.9999643564224243 114 979 179 1007 After
8 0 0.9999510049819946 179 975 230 1009 this
8 0 0.9993820190429688 232 982 353 1007 correction,
8 0 0.9997660517692566 356 977 398 1007 the
8 0 0.9994179010391235 400 979 520 1005 deviations
8 0 0.9998873472213745 520 977 552 1007 of
8 0 0.9691452383995056 550 977 594 1007 the
8 0 0.8170806765556335 596 979 707 1007 analytical
8 0 0.9999271631240845 710 975 786 1009 model
8 0 0.9957771301269531 841 968 917 1002 2new
8 0 0.9919127225875854 917 973 1046 1005 parameters
8 0 0.9993282556533813 1048 977 1096 1005 Pgas
8 0 0.9999635219573975 1096 968 1146 1002 and
8 0 0.6338756680488586 1143 966 1201 1009 Tgas
8 0 0.999804675579071 1196 973 1230 1002 as
8 0 0.9999823570251465 1229 973 1276 1000 two
8 0 0.999891996383667 1276 970 1371 1005 possible
8 0 0.999625563621521 1372 970 1513 1002 independent
9 0 0.9994981288909912 844 1032 917 1059 erties.
10 0 0.999955415725708 263 1073 306 1103 the
11 0 0.9754247665405273 285 1226 327 1256 the
11 0 0.9984416365623474 327 1228 395 1256 NFW
12 0 0.993614912033081 116 1231 232 1258 combined)
12 0 0.9998992681503296 235 1224 285 1258 and
13 0 0.9981268048286438 397 1228 474 1256 model.
13 0 0.994697093963623 478 1226 521 1256 We
13 0 0.9993340373039246 521 1228 592 1256 would
13 0 0.5512328147888184 591 1224 641 1258 like
13 0 0.9999877214431763 638 1228 670 1258 to
13 0 0.9992077946662903 668 1226 734 1260 point
13 0 0.9992334842681885 733 1226 786 1260 out,
14 0 0.9989696741104126 846 1247 961 1272 structural
14 0 0.9794624447822571 965 1249 1087 1276 parameter.
14 0 0.999813973903656 1093 1244 1135 1274 We
15 0 0.9989462494850159 1209 1244 1238 1274 it
15 0 0.99965500831604 1234 1247 1267 1274 as
16 0 0.9804127812385559 894 1416 967 1443 where
16 0 0.9995469450950623 970 1420 1027 1448 Tmax
16 0 0.9656630754470825 1036 1420 1062 1441 =
16 0 0.987301230430603 1069 1416 1146 1443 10.8Ts
16 0 0.9995786547660828 1151 1413 1180 1445 is
16 0 0.9947578310966492 1182 1411 1242 1445 used
16 0 0.9998419284820557 1243 1418 1277 1445 as
16 0 0.9757770299911499 1282 1420 1353 1448 upper
16 0 0.999872088432312 1358 1416 1434 1443 bound
16 0 0.9994217157363892 1439 1413 1471 1443 of
16 0 0.9999585151672363 1474 1413 1516 1443 the
16 1 0.9995742440223694 844 1443 936 1477 integral
16 1 0.9937060475349426 936 1445 1028 1473 because
16 1 0.9992929697036743 1030 1445 1083 1473 10.8
16 1 0.9992305040359497 1080 1443 1109 1475 is
16 1 0.999393105506897 1108 1445 1151 1473 the
16 1 0.9942270517349243 1151 1450 1240 1475 average
16 1 0.8870618939399719 1240 1450 1261 1473 C
16 1 0.9950548410415649 1259 1445 1329 1473 value.
16 1 0.9999768733978271 1330 1445 1376 1473 For
16 1 0.9970721006393433 1374 1445 1513 1477 comparison,
16 2 0.9379667639732361 844 1507 909 1534 value
16 2 0.9999997615814209 910 1505 941 1534 of
16 2 0.9998257756233215 940 1502 998 1537 each
16 2 0.5055029392242432 999 1507 1116 1532 individual
16 2 0.9978779554367065 1119 1502 1177 1537 halo
16 2 0.9957834482192993 1174 1509 1209 1537 as
16 2 0.5681193470954895 1208 1507 1282 1541 upper
16 2 0.5890535116195679 1282 1502 1348 1537 limit.
16 2 0.9997654557228088 1350 1502 1410 1537 This
16 2 0.8661963939666748 1410 1502 1460 1537 had
16 2 0.7905086874961853 1458 1502 1513 1539 only
16 3 0.9984996318817139 843 1539 878 1566 an
16 3 0.9192047119140625 880 1537 1020 1569 insignificant
16 3 0.997221827507019 1024 1537 1127 1564 influence
16 3 0.9987064599990845 1129 1539 1166 1566 on
16 3 0.9982796907424927 1164 1537 1209 1564 the
16 3 0.9770570397377014 1209 1537 1284 1564 result.
16 4 0.996421217918396 894 1566 938 1596 We
16 4 0.9637071490287781 944 1571 1001 1596 now
16 4 0.9703770875930786 1007 1566 1070 1594 show
16 4 0.9996860027313232 1078 1566 1125 1598 the
16 4 0.9948664903640747 1133 1566 1259 1596 correlation
16 4 0.9553642272949219 1267 1566 1300 1596 of
16 4 0.9999866485595703 1305 1566 1351 1598 the
16 4 0.9989373087882996 1358 1569 1444 1594 various
16 4 0.999853253364563 1453 1564 1513 1601 pairs
16 5 0.99994957447052 843 1596 877 1626 of
16 5 0.9842134714126587 877 1596 923 1628 the
16 5 0.999403715133667 925 1596 1032 1630 following
16 5 0.9988307356834412 1035 1596 1059 1628 5
16 5 0.997999370098114 1062 1596 1158 1630 possibly
16 5 0.8408300876617432 1164 1596 1308 1630 independent
16 5 0.9880368709564209 1314 1598 1405 1626 random
16 5 0.9986081719398499 1411 1598 1511 1626 variables
16 6 0.31335535645484924 844 1628 910 1665 (Pgas,
16 6 0.6511929035186768 907 1628 1033 1662 Tgas,Tturb,
16 6 0.822944700717926 1028 1630 1057 1662 C,
16 6 0.8015937209129333 1054 1628 1124 1662 Zform)
16 6 0.9994853734970093 1125 1626 1156 1658 in
16 6 0.9998639822006226 1158 1626 1238 1660 Figure
16 6 0.9906935095787048 1240 1628 1279 1656 11.
16 6 0.9999133348464966 1280 1628 1318 1658 To
16 6 0.9982238411903381 1321 1630 1416 1658 quantify
16 6 0.9983477592468262 1421 1628 1465 1656 the
16 6 0.4276164472103119 1466 1630 1511 1656 Cor-
16 7 0.9996811151504517 846 1660 946 1685 relations
16 7 0.9999016523361206 952 1660 1048 1685 between
16 7 0.998751163482666 1054 1660 1103 1688 two
16 7 0.9965039491653442 1108 1660 1198 1685 random
16 7 0.9961865544319153 1204 1658 1314 1692 variables,
16 7 0.5780887603759766 1322 1665 1358 1685 we.
16 7 0.9971195459365845 1363 1660 1468 1685 calculate
16 7 0.9999865293502808 1473 1658 1511 1688 the
16 8 0.9986666440963745 846 1690 940 1717 Pearson
16 8 0.9989559650421143 943 1690 1067 1715 correlation
16 8 0.9134377837181091 1072 1690 1190 1715 coefficient
16 8 0.9777973890304565 1193 1688 1222 1719 C
16 8 0.8302444219589233 1222 1685 1274 1719 and
16 8 0.9850694537162781 1276 1690 1337 1717 show
16 8 0.9999626874923706 1339 1688 1366 1719 it
16 8 0.9996947050094604 1366 1688 1397 1719 in
16 8 0.9997902512550354 1400 1688 1444 1717 the
16 8 0.9989557266235352 1444 1692 1511 1717 corre-
16 9 0.9997798800468445 891 1747 948 1781 The
16 9 0.9993109703063965 948 1751 1070 1777 correlation
16 9 0.9955376386642456 1074 1751 1169 1777 between
16 9 0.9228618144989014 1171 1754 1190 1779 C
16 9 0.9720075726509094 1185 1747 1237 1781 and
16 9 0.4808347225189209 1237 1754 1297 1781 Zform
16 9 0.9978445768356323 1297 1749 1324 1781 is
16 9 0.9244714975357056 1321 1751 1377 1786 very
16 9 0.9998168349266052 1377 1747 1439 1783 high,
16 9 0.9993969202041626 1439 1747 1497 1781 with
16 10 0.9981168508529663 846 1781 938 1809 Pearson
16 10 0.9854140281677246 940 1781 1056 1809 coefficient
16 10 0.9999984502792358 1054 1779 1085 1811 of
16 10 0.9996371269226074 1082 1781 1138 1809 0.85.
16 10 0.9889240860939026 1140 1777 1198 1811 This
16 10 0.9913550019264221 1196 1777 1250 1811 well
16 10 0.9892730116844177 1246 1781 1313 1809 know
16 10 0.9985092282295227 1314 1783 1427 1811 properties
16 10 0.9875346422195435 1429 1779 1481 1815 (see
16 10 0.9999992847442627 1476 1777 1518 1813 for
16 11 0.9414697289466858 846 1813 941 1841 example
16 11 0.9999731779098511 946 1811 1033 1838 Bullock
16 11 0.9994019269943237 1033 1811 1064 1841 et
16 11 0.9986518025398254 1062 1809 1098 1843 al.
16 11 0.9991298317909241 1096 1809 1164 1845 2001)
16 11 0.9999657869338989 1166 1811 1246 1838 reveals
16 11 0.9998936653137207 1248 1811 1301 1838 that
16 11 0.9603834748268127 1301 1809 1450 1841 concentrated
16 11 0.9981282353401184 1452 1811 1515 1838 halos
16 12 0.9581470489501953 844 1843 902 1870 have
16 12 0.981579065322876 904 1843 986 1868 formed
16 12 0.9999545812606812 990 1843 1022 1873 at
16 12 0.998497486114502 1020 1845 1057 1873 an
16 12 0.9998399019241333 1059 1843 1135 1870 earlier
16 12 0.9993593096733093 1137 1841 1216 1875 epoch.
16 12 0.9998519420623779 1217 1841 1256 1870 As
16 12 0.9998201727867126 1255 1843 1295 1873 we
16 12 0.9985004663467407 1293 1838 1355 1873 have
16 12 0.9998051524162292 1353 1841 1442 1875 already
16 12 0.9955155253410339 1445 1843 1511 1870 antic-
16 13 0.7758342623710632 844 1870 928 1905 ipated,
16 13 0.9854121804237366 930 1875 969 1902 we
16 13 0.9998984336853027 970 1873 1019 1900 also
16 13 0.9233379364013672 1022 1873 1080 1900 have
16 13 0.9983158111572266 1083 1875 1159 1902 strong
16 13 0.9660172462463379 1162 1870 1351 1902 anti-correlations
16 13 0.9779976010322571 1355 1873 1450 1900 between
16 13 0.9877167344093323 1452 1870 1513 1905 Tturb
16 14 0.9991706609725952 844 1934 915 1962 tween
16 14 0.6917652487754822 915 1932 978 1966 Tturb
16 14 0.9798261523246765 980 1934 1028 1962 and
16 14 0.43768852949142456 1030 1936 1090 1964 2form
16 14 0.9998133778572083 1091 1930 1151 1964 with
16 14 0.9999481439590454 1150 1934 1174 1964 a
16 14 0.9979616403579712 1174 1934 1300 1964 correlation
16 14 0.5398385524749756 1301 1934 1416 1959 coefficient
16 14 0.9999663829803467 1418 1932 1450 1962 of
16 14 0.8726020455360413 1452 1934 1505 1962 -0.6
16 15 0.9997441172599792 844 1962 891 1994 For
16 15 0.9981948733329773 889 1962 931 1991 the
16 15 0.9956902861595154 933 1966 1046 1994 particular
16 15 0.9958557486534119 1048 1966 1111 1991 cases
16 15 0.9996882677078247 1111 1962 1141 1991 of
16 15 0.995501697063446 1133 1964 1201 1991 halos
16 15 0.9988234639167786 1201 1964 1229 1996 2,
16 15 0.9988864064216614 1227 1959 1277 1996 7,9
16 15 0.999509334564209 1272 1959 1326 1994 and
16 15 0.999910831451416 1326 1962 1356 1991 12
16 15 0.9997733235359192 1358 1962 1458 1996 (labelled
16 15 0.8074578642845154 1458 1962 1498 1991 wit
16 16 0.9998444318771362 846 1996 944 2021 numbers
16 16 0.9993969202041626 946 1991 977 2023 in
16 16 0.9980125427246094 978 1991 1028 2028 Fig.
16 16 0.9996558427810669 1030 1991 1080 2028 11),
16 16 0.7004589438438416 1080 1998 1127 2023 one
16 16 0.9988817572593689 1127 1998 1172 2023 can
16 16 0.6247056722640991 1174 2000 1216 2023 see
16 16 0.999932050704956 1216 1994 1271 2021 that
16 16 0.9981234669685364 1269 1994 1329 2028 they
16 16 0.9923032522201538 1327 1994 1387 2021 form
16 16 0.9870387315750122 1385 1996 1411 2026 a
16 16 0.9997586607933044 1410 1994 1486 2021 subset
16 17 0.9977818131446838 846 2023 907 2051 halos
16 17 0.9991592168807983 909 2023 962 2051 that
16 17 0.9947372078895569 964 2021 1049 2055 formed
16 17 0.9917898178100586 1049 2026 1183 2058 particularly
16 17 0.9975951313972473 1183 2023 1251 2058 early,
16 17 0.9984398484230042 1251 2021 1311 2055 with
16 17 0.9906221032142639 1308 2026 1334 2055 a
16 17 0.9927855730056763 1332 2026 1405 2051 rather
16 17 0.9992910623550415 1406 2021 1461 2058 high
16 17 0.9634161591529846 1461 2026 1492 2053 COI
16 18 0.9963279366493225 846 2058 962 2083 centration
16 18 0.9985015392303467 962 2051 1014 2085 and
16 18 0.9999301433563232 1011 2060 1032 2083 a
16 18 0.9999710321426392 1030 2055 1106 2083 rather
16 18 0.9914230704307556 1103 2053 1153 2087 low
16 18 0.9927214980125427 1150 2055 1206 2083 level
16 18 0.9999262094497681 1204 2053 1237 2083 of
16 18 0.9932443499565125 1232 2053 1364 2085 turbulence.
16 18 0.9936172962188721 1366 2055 1416 2083 The
16 18 0.9994895458221436 1416 2058 1498 2085 opposit
16 19 0.9995920062065125 843 2083 872 2115 is
16 19 0.9976922273635864 867 2087 920 2115 true
16 19 1.0 920 2085 959 2115 for
16 19 0.9995207786560059 959 2085 1012 2112 halo
16 19 0.9965099692344666 1011 2085 1038 2117 8,
16 19 0.9993866682052612 1038 2085 1109 2112 which
16 19 0.9859023094177246 1111 2085 1193 2112 formed
16 19 0.994247317314148 1193 2083 1250 2117 late,
16 19 0.9990712404251099 1250 2085 1293 2112 has
16 19 0.9949799180030823 1292 2085 1316 2115 a
16 19 0.9997753500938416 1313 2085 1358 2112 low
16 19 0.8471719622612 1356 2083 1513 2115 concentration
16 20 0.9974736571311951 893 2142 969 2176 While
16 20 0.9992832541465759 969 2147 1030 2174 there
16 20 0.9996864795684814 1028 2144 1056 2176 is
16 20 0.9997037053108215 1051 2149 1088 2176 no
16 20 0.9988781809806824 1087 2147 1213 2176 correlation
16 20 0.7395850419998169 1213 2147 1308 2172 between
16 20 0.9970021843910217 1309 2144 1351 2174 the
16 20 0.9985024929046631 1351 2147 1432 2174 central
16 20 0.9982765913009644 1431 2151 1476 2179 gas
16 20 0.9990599751472473 1474 2153 1497 2176 pa
17 0 0.7802294492721558 114 1471 203 1498 circular
17 0 0.9916293025016785 206 1473 297 1500 velocity
17 0 0.99764484167099 298 1471 350 1505 plot
17 0 0.9999997615814209 350 1468 381 1500 of
17 0 0.9999631643295288 377 1471 421 1498 the
17 0 0.9999779462814331 421 1471 478 1498 dark
17 0 0.9991201758384705 479 1473 562 1500 matter
17 0 0.985997200012207 562 1473 625 1500 mass
17 0 0.9997197985649109 623 1471 683 1505 only,
17 0 0.9994764924049377 681 1473 715 1500 as
17 0 0.9996263980865479 712 1468 743 1500 in
17 0 0.9748124480247498 741 1471 788 1502 the
17 0 0.9993289709091187 844 1477 881 1505 we
17 0 0.9984917640686035 880 1473 940 1507 have
17 0 0.9993139505386353 936 1473 990 1507 also
17 0 0.9864050149917603 990 1477 1106 1502 calculated
17 0 0.9999538660049438 1108 1475 1150 1505 the
17 0 0.9959492683410645 1151 1475 1242 1509 integral
17 0 0.9901493787765503 1242 1473 1277 1512 by
17 0 0.9926419854164124 1277 1475 1343 1509 using
17 0 0.9999350309371948 1342 1475 1385 1505 the
17 0 0.9990676045417786 1385 1480 1434 1507 T200
17 0 0.9966583251953125 1435 1482 1461 1502 =
17 0 0.8080940246582031 1460 1480 1508 1507 C-Ts
18 0 0.9979935884475708 844 1719 952 1754 sponding
18 0 0.9998216032981873 954 1719 1025 1754 panel.
19 0 0.9313916563987732 111 1905 142 1934 a
19 0 0.9930922985076904 135 1905 224 1930 smaller
19 0 0.9432278275489807 229 1905 326 1930 variance
19 0 1.0 329 1902 368 1932 for
19 0 0.9960982799530029 371 1902 415 1932 the
19 0 0.9190562963485718 416 1902 503 1936 profiles
19 0 0.999829888343811 507 1902 565 1930 than
19 0 0.9973884224891663 568 1909 605 1930 we
19 0 0.997116208076477 607 1900 659 1934 did.
19 0 0.999536395072937 662 1900 688 1932 A
19 0 0.9486724734306335 691 1902 786 1936 possible
19 0 0.9986205101013184 843 1898 894 1932 and
19 0 0.9073309898376465 894 1907 915 1930 C
19 0 0.9997629523277283 917 1902 972 1930 with
19 0 0.9998613595962524 975 1907 996 1930 a
19 0 0.9375595450401306 999 1902 1093 1930 Pearson
19 0 0.9070094227790833 1096 1902 1213 1930 coefficient
19 0 0.9986032843589783 1216 1900 1248 1930 of
19 0 0.6199901700019836 1250 1902 1308 1930 -0.7
19 0 0.7048356533050537 1308 1900 1364 1934 and,
19 0 0.998823344707489 1368 1900 1471 1934 similarly
19 0 0.9974090456962585 1473 1900 1511 1930 be-
20 0 0.9999997615814209 113 2115 151 2144 for
20 0 0.9997996687889099 150 2115 205 2149 grid
20 0 0.9996836185455322 206 2117 274 2144 based
20 0 0.9897133111953735 276 2117 344 2144 codes
20 0 0.9995954632759094 344 2117 394 2144 and
20 0 0.9998794794082642 395 2117 486 2144 modern
20 0 0.9988765120506287 486 2112 547 2147 SPH
20 0 0.9938691854476929 545 2115 621 2149 codes,
20 0 0.9330340623855591 625 2119 709 2147 namely
20 0 0.9997567534446716 710 2122 733 2144 a
20 0 0.9895389676094055 731 2119 786 2147 core
20 0 0.9995052814483643 843 2112 894 2147 and
20 0 0.9987090826034546 891 2115 917 2147 a
20 0 0.9993627667427063 915 2115 977 2149 large
20 0 0.9971867203712463 978 2117 1069 2142 amount
20 0 0.9993870258331299 1070 2115 1103 2142 of
20 0 0.9782350063323975 1099 2112 1232 2144 turbulence.
21 0 0.999099612236023 116 2208 208 2233 MNRAS
21 0 0.9962376356124878 206 2206 263 2240 000,
21 0 0.9860073924064636 263 2208 310 2236 000
21 0 0.9600170850753784 308 2208 355 2236 000
21 0 0.8759757876396179 355 2206 426 2240 (0000)
