block line confidence X1 Y1 X2 Y2 token
0 0 0.9873645901679993 248 422 300 459 Fig.
0 0 0.9997844099998474 303 422 332 454 3:
0 0 0.9978012442588806 335 424 455 452 Controller
0 0 0.9999639987945557 460 424 531 452 Block
0 0 0.9944243431091309 534 424 638 459 Diagram
0 1 0.9988873600959778 159 520 206 557 IV.
0 1 0.997286319732666 216 527 424 552 REINFORCEMENT
0 1 0.9885787963867188 428 527 557 552 LEARNING
0 1 0.9994657635688782 563 527 686 555 METHODS
0 1 0.9990003705024719 688 527 726 557 AS
0 2 0.9558324217796326 125 600 169 637 In
0 2 0.8782602548599243 164 603 214 639 [1),
0 2 0.999754011631012 218 607 260 635 we
0 2 0.9995678067207336 268 605 355 632 worked
0 2 0.9997883439064026 361 607 398 635 on
0 2 0.993535041809082 407 605 524 632 traditional
0 2 0.997269332408905 534 603 665 635 Controllers
0 2 0.9092254042625427 671 600 723 637 like
0 2 0.9972368478775024 728 603 788 637 PID,
0 3 0.9997525811195374 101 637 176 671 Fuzzy
0 3 0.9919875860214233 182 639 287 666 PD,PD+I
0 3 0.9999130964279175 292 637 321 666 &
0 3 0.9913254380226135 326 637 390 671 LQR
0 3 0.998440682888031 408 635 463 669 The
0 3 0.9996365308761597 465 635 555 676 biggest
0 3 0.9837731122970581 558 637 655 671 problem
0 3 0.9995064735412598 660 635 718 669 with
0 3 0.9999028444290161 722 639 786 666 those
0 4 0.9431061148643494 101 671 200 698 methods
0 4 0.9998427629470825 200 669 227 701 is
0 4 0.9992434978485107 224 669 277 703 that
0 4 0.9999617338180542 285 669 342 705 they
0 4 0.9958236217498779 340 671 398 698 need
0 4 0.9994346499443054 398 671 429 701 to
0 4 0.9992502331733704 428 671 460 701 be
0 4 0.9985721111297607 460 671 528 698 tuned
0 4 0.9623828530311584 531 673 639 701 manually.
0 4 0.995473325252533 642 669 686 705 So,
0 4 0.9982594847679138 686 671 786 705 reaching
1 0 0.98912513256073 355 561 533 587 CONTROLLERS
2 0 0.978630006313324 982 619 1035 655 Fig.
2 0 0.9991300702095032 1035 619 1066 650 4:
2 0 0.9991353154182434 1069 621 1169 648 Rewards
2 0 0.999974250793457 1172 616 1216 653 for
2 0 0.9898924827575684 1216 621 1318 648 different
2 0 0.8963399529457092 1318 623 1347 653 a
3 0 0.671935498714447 101 703 190 737 optimal
3 0 0.9542628526687622 197 701 276 735 values
3 0 0.9998562335968018 279 703 314 733 of
3 0 0.9986806511878967 318 705 447 730 Controllers
3 0 0.9997208714485168 453 703 550 737 depends
3 0 0.999678373336792 557 708 594 735 on
3 0 0.9962361454963684 597 705 667 740 many
3 0 0.9991428852081299 670 701 734 735 trials
3 0 0.9998719692230225 738 701 788 735 and
3 0 0.998611569404602 820 721 870 749 was
3 0 0.9995997548103333 873 717 962 744 iterated
3 0 0.7974566221237183 965 719 1027 746 2000
3 0 0.9478509426116943 1030 719 1099 746 times
3 0 0.5901662707328796 1104 728 1117 746 -
3 0 0.9998949766159058 1114 717 1153 746 At
3 0 0.9999438524246216 1153 717 1193 746 the
3 0 0.9984697699546814 1196 717 1313 751 beginning
3 0 0.9999638795852661 1314 717 1348 746 of
3 0 0.9995330572128296 1347 714 1408 749 each
3 1 0.9937567710876465 182 737 253 772 Many
3 1 0.9995798468589783 255 740 279 769 a
3 1 0.9681228399276733 279 735 348 769 times
3 1 0.9990272521972656 352 737 458 772 optimum
3 1 0.954160749912262 463 737 537 765 values
3 1 0.6658943891525269 542 735 615 769 aren't
3 1 0.9996484518051147 618 737 709 765 reached
3 1 0.9928887486457825 713 740 744 769 at
3 1 0.9996963739395142 746 737 786 767 all.
3 1 0.9904374480247498 820 751 862 781 the
3 1 0.633492648601532 870 751 991 778 simulation
3 1 0.9918738007545471 999 756 1051 783 was
3 1 0.9932687878608704 1059 753 1172 778 refreshed.
3 1 0.8812052607536316 1183 753 1301 778 Whenever
3 1 0.9991158843040466 1309 751 1350 781 the
3 1 0.7964770793914795 1356 749 1442 783 robot's
3 1 0.9998713731765747 1448 753 1505 781 state
3 2 0.9999898672103882 98 767 151 801 The
3 2 0.9998668432235718 156 767 247 808 biggest
3 2 0.999747097492218 251 772 334 799 benefit
3 2 0.9999037981033325 340 769 374 799 of
3 2 0.9904789328575134 381 772 549 797 Reinforcement
3 2 0.9990277290344238 557 769 654 804 learning
3 2 0.9202543497085571 665 774 785 801 algorithms
3 2 0.9888050556182861 822 785 928 813 exceeded
3 2 0.9989487528800964 933 783 975 813 the
3 2 0.9971423745155334 977 781 1038 815 limit
3 2 0.999321460723877 1040 783 1066 815 it
3 2 0.997800886631012 1067 788 1119 815 was
3 2 0.8995801210403442 1124 788 1232 815 penalized
3 2 0.9945830702781677 1237 783 1276 822 by
3 2 0.9972813129425049 1277 785 1389 820 assigning
3 2 0.9999078512191772 1393 785 1474 813 reward
3 2 0.999972939491272 1477 785 1505 815 to
3 3 0.9994187355041504 100 806 132 836 as
3 3 0.9972602128982544 135 801 266 833 Controllers
3 3 0.9998225569725037 269 801 298 833 is
3 3 0.9992054104804993 302 801 355 836 that
3 3 0.9171693325042725 361 815 374 833 -
3 3 0.9999648332595825 376 804 416 833 the
3 3 0.9956274032592773 423 804 495 831 model
3 3 0.995526134967804 502 806 568 833 tunes
3 3 0.9997885823249817 575 804 638 831 itself
3 3 0.9998852014541626 639 804 671 836 to
3 3 0.9998834133148193 675 804 741 831 reach
3 3 0.999996542930603 746 804 788 833 the
3 3 0.8940836787223816 820 815 893 849 -100
3 3 0.9999948740005493 912 815 965 849 The
3 3 0.9999134540557861 970 815 999 849 Q
3 3 0.9988448619842529 1003 817 1070 845 Table
3 3 0.9997801184654236 1075 815 1103 849 is
3 3 0.9947620034217834 1108 817 1200 851 updated
3 3 0.987644374370575 1204 820 1235 849 at
3 3 0.9956725835800171 1237 815 1297 849 each
3 3 0.9999020099639893 1300 817 1353 854 step
3 3 0.9694346189498901 1358 817 1474 851 according
3 3 0.999943733215332 1477 817 1505 847 to
3 4 0.96066814661026 101 838 213 872 Optimum
3 4 0.9973674416542053 224 838 305 865 values.
3 4 0.9999812841415405 314 833 368 867 The
3 4 0.8222312331199646 377 836 489 870 following
3 4 0.9998218417167664 499 836 550 870 two
3 4 0.9962403774261475 558 838 652 865 sections
3 4 0.9676201939582825 665 838 749 865 discuss
3 4 0.9998650550842285 760 836 788 870 Q
3 4 0.9271895289421082 822 854 920 881 equation
3 4 0.9978494644165039 927 849 954 881 1.
3 4 0.9999903440475464 954 847 1007 881 The
3 4 0.5485178828239441 1012 854 1129 881 Algorithm
3 4 0.999903678894043 1137 849 1153 881 1
3 4 0.999870777130127 1158 851 1232 879 shows
3 4 0.9981258511543274 1234 847 1277 883 the
3 4 0.9981938004493713 1279 849 1326 881 full
3 4 0.5111531019210815 1327 849 1447 883 algorithm.
3 5 0.9999969005584717 150 952 164 975 -
3 5 0.6164308786392212 158 952 172 975 -
3 5 0.9988993406295776 169 947 266 982 learning
3 5 0.9988722205162048 269 952 321 977 was
3 5 0.9999618530273438 326 947 442 982 developed
3 5 0.9990986585617065 447 945 484 984 by
3 5 0.9986961483955383 489 947 625 982 Christopher
3 5 0.9990172386169434 628 945 689 979 John
3 5 0.999617338180542 694 947 785 975 Cornish
3 5 0.9999901056289673 820 950 862 979 the
3 5 0.9999772310256958 865 952 964 979 Rewards
3 5 0.9144196510314941 967 952 1001 982 VS
3 5 0.9998970031738281 1004 950 1108 984 Episodes
3 5 0.9999996423721313 1111 950 1151 979 for
3 5 0.9987334609031677 1153 952 1217 979 those
3 5 0.9872036576271057 1219 954 1263 982 as.
3 5 0.9998931884765625 1264 950 1292 982 It
3 5 0.9995986819267273 1290 950 1318 982 is
3 5 0.9999299049377441 1319 952 1405 977 evident
3 5 0.999647855758667 1408 950 1465 984 that,
3 5 0.9686991572380066 1466 950 1507 979 the
3 6 0.9998213648796082 100 979 193 1014 Hellaby
3 6 0.978693962097168 205 982 298 1009 Watkins
3 6 0.6397669911384583 308 977 355 1016 [7).
3 6 0.9771533012390137 363 979 486 1014 According
3 6 0.9999517202377319 492 982 524 1011 to
3 6 0.9592781066894531 533 982 633 1009 Watkins,
3 6 0.6118351817131042 639 977 681 1014 """it"
3 6 0.9987383484840393 688 984 785 1011 provides
3 6 0.9996852874755859 820 984 886 1011 robot
3 6 0.9961119294166565 891 984 988 1011 couldn't
3 6 0.9994716048240662 994 984 1061 1011 reach
3 6 0.9999922513961792 1066 984 1108 1014 the
3 6 0.9717161655426025 1112 984 1183 1018 target
3 6 0.9998335838317871 1187 984 1279 1011 rewards
3 6 0.9998168349266052 1287 984 1361 1011 within
3 6 0.9997569918632507 1368 984 1410 1014 the
3 6 0.988520085811615 1416 984 1508 1018 training
3 7 0.8961330056190491 101 1018 176 1046 agents
3 7 0.9996179342269897 184 1011 242 1046 with
3 7 0.9998708963394165 247 1014 289 1043 the
3 7 0.9996299743652344 295 1014 410 1048 capability
3 7 0.9996837377548218 416 1011 452 1046 of
3 7 0.9994833469390869 455 1014 552 1048 learning
3 7 0.999962329864502 557 1014 587 1046 to
3 7 0.9973527193069458 592 1016 634 1043 act
3 7 0.9821427464485168 639 1014 751 1048 optimally
3 7 0.999792754650116 757 1011 788 1043 in
3 7 0.9976600408554077 820 1016 898 1050 period
3 7 0.9999492168426514 907 1016 948 1046 for
3 7 0.9998608827590942 957 1018 1020 1046 those
3 7 0.9985353946685791 1032 1016 1129 1050 learning
3 7 0.9978308081626892 1138 1018 1204 1046 rates.
3 7 0.999799907207489 1213 1011 1259 1048 We
3 7 0.996299684047699 1267 1023 1309 1046 see
3 7 0.9999474287033081 1318 1016 1374 1050 that,
3 7 0.9999994039535522 1382 1016 1424 1046 for
3 7 0.9998574256896973 1432 1016 1473 1046 the
3 7 0.9956415891647339 1481 1018 1508 1048 a
3 8 0.90775465965271 103 1048 226 1073 Markovian
3 8 0.9992468357086182 237 1048 334 1075 domains
3 8 0.9891186952590942 342 1043 379 1084 by
3 8 0.93910151720047 386 1048 534 1080 experiencing
3 8 0.9993305206298828 542 1046 584 1075 the
3 8 0.9864887595176697 591 1048 751 1082 consequences
3 8 0.9995279312133789 754 1043 793 1080 of
3 8 0.968437910079956 822 1050 896 1078 values
3 8 0.9988294243812561 902 1046 949 1082 0.7
3 8 0.6006168127059937 952 1046 1003 1080 and
3 8 0.9984419941902161 1006 1048 1057 1082 0.8,
3 8 0.9999879598617554 1066 1050 1106 1080 the
3 8 0.9999971389770508 1114 1050 1179 1078 robot
3 8 0.9988798499107361 1187 1050 1276 1078 reaches
3 8 0.7591332197189331 1284 1050 1402 1078 maximum
3 8 0.9968647360801697 1410 1048 1507 1082 possible
3 9 0.9991699457168579 103 1082 190 1110 actions,
3 9 0.9987485408782959 200 1082 290 1110 without
3 9 0.9999085664749146 298 1080 405 1114 requiring
3 9 0.9994252920150757 411 1078 476 1112 them
3 9 0.9993529915809631 481 1080 512 1112 to
3 9 0.9999560117721558 516 1078 581 1112 build
3 9 0.999747097492218 587 1082 654 1116 maps
3 9 0.9999829530715942 657 1080 692 1110 of
3 9 0.9989123344421387 696 1080 738 1110 the
3 9 0.9994576573371887 743 1080 786 1110 do-
3 9 0.9992040991783142 820 1080 967 1112 accumulated
3 9 0.9997398257255554 973 1084 1069 1112 rewards,
3 9 0.9995700716972351 1075 1080 1132 1116 200,
3 9 0.7438873648643494 1138 1082 1213 1110 within
3 9 0.999093770980835 1217 1080 1269 1114 400
3 9 0.9989601373672485 1271 1082 1379 1116 episodes.
3 9 0.999992847442627 1382 1080 1437 1114 The
3 9 0.9919894337654114 1439 1084 1505 1112 curve
3 10 0.7888261675834656 101 1114 188 1142 "mains."""
3 10 0.8384956121444702 193 1112 239 1148 [8].
3 10 0.999886155128479 242 1112 272 1144 In
3 10 0.9998094439506531 272 1114 297 1146 a
3 10 0.9980820417404175 298 1114 421 1142 Markovian
3 10 0.9942353367805481 426 1112 523 1146 domain,
3 10 0.9997715353965759 526 1112 555 1146 Q
3 10 0.9885955452919006 558 1114 663 1142 function-
3 10 0.9999809265136719 667 1110 710 1146 the
3 10 0.998417854309082 712 1114 786 1142 model
3 10 0.9987137317657471 820 1114 878 1148 with
3 10 0.9642737507820129 877 1119 906 1148 a
3 10 0.9961490631103516 907 1116 972 1144 value
3 10 0.9997647404670715 975 1116 1019 1146 0.7
3 10 0.9997879862785339 1020 1114 1046 1148 is
3 10 0.9997121691703796 1048 1114 1099 1148 less
3 10 0.9999828338623047 1099 1114 1172 1148 stable
3 10 0.9935662150382996 1174 1116 1290 1151 compared
3 10 0.9999136924743652 1292 1116 1322 1148 to
3 10 0.9993923902511597 1322 1114 1374 1148 that
3 10 0.9999998807907104 1376 1114 1408 1146 of
3 10 0.9990548491477966 1406 1114 1460 1148 0.8.
3 10 0.999984622001648 1460 1114 1510 1148 But
3 11 0.9990621209144592 98 1146 134 1180 to
3 11 0.999993085861206 130 1144 166 1178 be
3 11 0.9981507658958435 166 1146 281 1180 generated
3 11 0.9960625767707825 284 1146 350 1180 using
3 11 0.997833788394928 352 1146 394 1176 the
3 11 0.7275506258010864 395 1146 516 1180 algorithm-
3 11 0.9972259402275085 521 1146 634 1174 calculates
3 11 0.9994195699691772 639 1146 681 1176 the
3 11 0.7645971775054932 683 1146 786 1180 expected
3 11 0.9543784856796265 818 1146 872 1180 The
3 11 0.9899551868438721 875 1153 944 1178 curve
3 11 0.9975245594978333 948 1146 1007 1180 with
3 11 0.9922762513160706 1009 1153 1038 1180 a
3 11 0.9849173426628113 1043 1151 1106 1178 value
3 11 0.9988021850585938 1112 1151 1167 1178 0.65
3 11 0.9999370574951172 1174 1153 1243 1178 never
3 11 0.9997391104698181 1248 1151 1335 1178 reaches
3 11 0.9999691247940063 1342 1148 1382 1178 the
3 11 0.9819819331169128 1390 1151 1505 1178 maximum
4 0 0.9975442290306091 100 742 177 767 errors.
5 0 0.9994858503341675 1408 714 1507 756 episode,
6 0 0.9989705085754395 101 870 206 904 Learning
6 0 0.9997079968452454 208 867 258 902 and
6 0 0.9999517202377319 260 870 326 904 Deep
6 0 0.9999008178710938 327 867 355 902 Q
6 0 0.9995149374008179 360 870 465 897 Network.
6 1 0.9814460873603821 98 904 132 934 A.
6 1 0.7680790424346924 137 902 176 938 Q
6 1 0.9976108074188232 169 906 272 934 Learning
7 0 0.9999924898147583 846 881 899 915 The
7 0 0.6869802474975586 910 883 1032 911 simulation
7 0 0.9998030066490173 1041 883 1096 918 was
7 0 0.9991125464439392 1103 886 1148 913 run
7 0 0.9969134330749512 1159 883 1200 913 for
7 0 0.9997476935386658 1208 881 1272 915 three
7 0 0.9998583793640137 1284 883 1382 911 different
7 0 0.996208667755127 1393 886 1421 915 a
7 0 0.999305009841919 1431 883 1505 911 values
7 1 0.9687725305557251 823 915 993 950 (0.7,0.65,0.8)
7 1 0.9994872808456421 1012 913 1070 947 with
7 1 0.8357120156288147 1070 920 1098 952 7
7 1 0.998252809047699 1099 918 1164 945 value
7 1 0.9999936819076538 1166 915 1201 950 of
7 1 0.9537637829780579 1203 915 1295 950 (0.999).
7 1 0.9989431500434875 1300 913 1353 947 The
7 1 0.9987819790840149 1353 915 1405 952 Fig.
7 1 0.9998584985733032 1406 915 1431 947 4
7 1 0.9950395226478577 1432 918 1507 945 shows
8 0 0.7796290516853333 100 1178 174 1212 utility
8 0 0.9999892711639404 179 1176 222 1212 for
8 0 0.9961062073707581 224 1180 250 1212 a
8 0 0.9974013566970825 253 1180 319 1215 given
8 0 0.8879940509796143 329 1180 390 1208 finite
8 0 0.6643734574317932 395 1178 458 1212 state
8 0 0.7599456906318665 461 1180 486 1212 S
8 0 0.9998983144760132 487 1176 539 1212 and
8 0 0.999881386756897 542 1180 612 1215 every
8 0 0.9986106157302856 618 1180 715 1215 possible
8 0 0.9999657869338989 725 1180 786 1208 finite
8 0 0.9978026747703552 820 1180 967 1212 accumulated
8 0 0.9989675283432007 970 1183 1057 1210 reward.
8 1 0.9999451637268066 100 1247 142 1276 the
8 1 0.9990173578262329 145 1247 251 1281 optimum
8 1 0.9975080490112305 255 1247 329 1274 action
8 1 0.9896929860115051 331 1249 355 1279 a
8 1 0.9955520033836365 358 1247 439 1281 having
8 1 0.9998531341552734 440 1242 486 1279 the
8 1 0.9869902729988098 487 1247 573 1281 highest
8 1 0.9917221665382385 578 1247 642 1274 value
8 1 0.9999990463256836 646 1244 681 1279 of
8 1 0.9550189971923828 681 1247 783 1281 Q(s,a),
8 1 0.8285649418830872 820 1233 851 1265 B.
8 1 0.8113501071929932 857 1233 923 1270 Deep
8 1 0.972271740436554 927 1233 954 1267 Q
8 1 0.9998620748519897 956 1235 1054 1263 Network
8 1 0.9208444356918335 1059 1233 1143 1267 (DON)
9 0 0.9992864727973938 101 1215 174 1242 action
9 0 0.9402762651443481 174 1217 206 1244 a.
9 0 0.9999953508377075 206 1210 260 1244 The
9 0 0.9997770190238953 260 1215 327 1249 agent
9 0 0.9990994930267334 327 1219 347 1242 -
9 0 0.9809100031852722 348 1215 421 1242 which
9 0 0.9998693466186523 423 1212 450 1244 is
9 0 0.9999810457229614 450 1212 492 1242 the
9 0 0.9897511601448059 495 1215 558 1242 robot
9 0 0.9998993873596191 560 1212 589 1244 in
9 0 0.9999947547912598 589 1210 641 1244 this
9 0 0.9927843809127808 641 1217 705 1244 case-
9 0 0.9846220016479492 707 1215 786 1242 selects
9 1 0.9999964237213135 98 1276 148 1311 this
9 1 0.9974973797798157 148 1276 224 1311 action
9 1 0.9995569586753845 227 1279 332 1313 choosing
9 1 0.9878508448600769 334 1276 387 1311 rule
9 1 0.9995412826538086 387 1279 415 1311 is
9 1 0.9998224377632141 415 1276 470 1311 also
9 1 0.9980931878089905 470 1279 542 1306 called
9 1 0.9965324401855469 545 1279 626 1315 Policy.
9 1 0.9956899285316467 629 1276 670 1315 [8]
9 1 0.8278133273124695 689 1279 785 1313 Initially,
10 0 0.9924008846282959 847 1274 877 1306 V
10 0 0.984923243522644 881 1276 946 1304 Mnih
10 0 0.9999547004699707 951 1276 982 1306 et
10 0 0.9998332262039185 983 1274 1012 1306 al
10 0 0.994543194770813 1017 1272 1057 1311 [9]
10 0 0.9985052347183228 1061 1272 1114 1308 first
10 0 0.9997876286506653 1119 1276 1175 1304 used
10 0 0.9999397993087769 1182 1276 1246 1311 Deep
10 0 0.9932016730308533 1251 1276 1358 1311 Learning
10 0 0.9998897314071655 1363 1279 1395 1306 as
10 0 0.999426007270813 1397 1276 1421 1308 a
10 0 0.9638293981552124 1426 1276 1507 1304 variant
11 0 0.998713493347168 100 1313 143 1343 the
11 0 0.9915363788604736 148 1313 235 1347 Q(s,a)
11 0 0.9321613907814026 243 1313 340 1340 function
11 0 0.9536141753196716 348 1313 424 1340 values
11 0 0.9996756315231323 429 1320 468 1340 are
11 0 0.5461694002151489 476 1313 576 1340 assumed
11 0 0.9999746084213257 581 1313 613 1343 to
11 0 0.9999188184738159 617 1311 652 1345 be
11 0 0.9982298016548157 654 1315 715 1343 zero.
11 0 0.9999985694885254 723 1313 788 1340 After
11 0 0.9999991655349731 820 1308 852 1338 of
11 0 0.9998190999031067 854 1308 881 1340 Q
11 0 0.9921182990074158 885 1308 991 1343 Learning
11 0 0.9539176821708679 996 1308 1109 1343 algorithm
11 0 0.999985933303833 1111 1308 1141 1340 to
11 0 0.9996986389160156 1145 1308 1200 1345 play
11 0 0.9990888833999634 1203 1308 1242 1338 six
11 0 0.9873793125152588 1245 1311 1324 1345 games
11 0 0.9999927282333374 1326 1306 1361 1340 of
11 0 0.9999468326568604 1358 1306 1426 1340 Atari
11 0 0.9982677698135376 1426 1306 1500 1340 2600,
11 1 0.9996039271354675 100 1347 167 1384 every
11 1 0.9983538389205933 171 1345 263 1379 training
11 1 0.9996485710144043 264 1347 318 1381 step
11 1 0.2892349660396576 321 1359 334 1377 ?
11 1 0.9999657869338989 334 1345 376 1375 the
11 1 0.9969497323036194 379 1347 453 1375 values
11 1 0.9997475743293762 458 1352 497 1372 are
11 1 0.9874950051307678 502 1345 594 1379 updated
11 1 0.998735249042511 599 1345 712 1379 according
11 1 0.9986086487770081 715 1347 746 1377 to
11 1 0.9999955892562866 746 1345 788 1375 the
11 1 0.999832272529602 822 1343 894 1370 which
11 1 0.719731867313385 898 1340 1054 1375 outperformed
11 1 0.9996812343597412 1057 1340 1093 1370 all
11 1 0.999751627445221 1095 1343 1159 1370 other
11 1 0.9998915195465088 1161 1343 1263 1377 previous
11 1 0.7028018832206726 1266 1343 1397 1375 algorithms.
11 1 0.9998459815979004 1418 1340 1447 1372 In
11 1 0.6572434902191162 1450 1343 1507 1370 their
12 0 0.8933459520339966 101 1379 213 1413 following
12 0 0.8168140053749084 218 1379 318 1413 equation
13 0 0.9996346235275269 820 1377 894 1411 paper,
13 0 0.9995484948158264 898 1377 946 1404 two
13 0 0.9965792298316956 949 1375 1030 1409 unique
13 0 0.9898059964179993 1033 1375 1162 1409 approaches
13 0 0.9997501969337463 1167 1379 1229 1404 were
13 0 0.9970989227294922 1230 1372 1295 1407 used.
13 1 0.997717022895813 878 1407 1006 1441 Experience
13 1 0.9983934760093689 1012 1407 1096 1445 Replay
13 2 0.984002411365509 877 1443 998 1468 Derivation
13 2 0.9999878406524658 1003 1441 1036 1471 of
13 2 0.9999405145645142 1035 1441 1062 1473 Q
13 2 0.998945415019989 1067 1443 1145 1471 Values
13 2 0.9999260902404785 1148 1441 1177 1471 in
13 2 0.9996122717857361 1179 1445 1227 1471 one
13 2 0.9977050423622131 1230 1443 1322 1468 forward
13 2 0.9997038245201111 1326 1445 1382 1480 pass
13 3 0.9997707009315491 846 1509 902 1544 The
13 3 0.9994800686836243 906 1516 1015 1544 technique
13 3 0.98771733045578 1024 1512 1059 1546 of
13 3 0.9720662236213684 1062 1512 1192 1546 Experience
13 3 0.9991872906684875 1198 1509 1290 1550 Replay,
13 3 0.5253134369850159 1295 1514 1432 1546 experiences
13 3 0.999981164932251 1437 1512 1473 1546 of
13 3 0.999755322933197 1473 1514 1508 1544 an
14 0 0.8297924995422363 747 1464 788 1502 (1)
15 0 0.9999682903289795 125 1550 180 1587 The
15 0 0.974480390548706 187 1557 290 1585 objective
15 0 0.9995885491371155 298 1550 344 1587 for
15 0 0.9999939203262329 344 1550 389 1587 the
15 0 0.9379982352256775 397 1555 473 1582 Model
15 0 0.9999383687973022 479 1553 510 1585 in
15 0 0.9998550415039062 516 1560 563 1585 our
15 0 0.999529242515564 568 1555 652 1589 project
15 0 0.9999716281890869 659 1553 686 1585 is
15 0 0.999893307685852 691 1555 723 1585 to
15 0 0.999581515789032 728 1553 788 1589 keep
15 0 0.9875374436378479 822 1546 941 1580 agent,i.e.
15 0 0.711904764175415 944 1546 1028 1580 (state,
15 0 0.5154458284378052 1025 1548 1125 1576 reward,
15 0 0.9992986917495728 1127 1546 1217 1580 action,
15 0 0.822700023651123 1216 1546 1335 1580 statenew)
15 0 0.8625354170799255 1337 1553 1379 1576 are
15 0 0.9997574687004089 1377 1544 1452 1578 stored
15 0 0.9999669790267944 1452 1548 1508 1576 over
15 1 0.999816358089447 98 1587 129 1619 it
15 1 0.9998797178268433 130 1589 206 1617 within
15 1 0.5953817367553711 216 1589 284 1617 limits
15 1 0.8783673644065857 290 1585 334 1621 i.e.
15 1 0.6752214431762695 342 1582 398 1619 50
15 1 0.9999814033508301 424 1585 463 1621 At
15 1 0.9992635846138 468 1589 520 1617 first
15 1 0.9999867677688599 544 1585 589 1621 the
15 1 0.9998975992202759 596 1589 660 1617 robot
15 1 0.954474151134491 668 1587 751 1621 model,
15 1 0.9995453953742981 759 1587 788 1621 Q
15 1 0.9986491799354553 820 1580 889 1614 many
15 1 0.9989142417907715 893 1578 996 1612 episodes
15 1 0.489153116941452 1001 1585 1015 1610 :
15 1 0.9999607801437378 1019 1578 1049 1610 In
15 1 0.9999803304672241 1054 1578 1095 1608 the
15 1 0.9985766410827637 1099 1578 1196 1612 learning
15 1 0.9088956713676453 1203 1578 1285 1612 period,
15 1 0.9998937845230103 1292 1580 1350 1608 after
15 1 0.9996732473373413 1351 1576 1413 1610 each
15 1 0.9998712539672852 1416 1578 1507 1612 episode
15 2 0.9986586570739746 101 1624 184 1651 matrix,
15 2 0.9634703993797302 195 1621 272 1656 Policy
15 2 0.8283800482749939 281 1624 308 1653 T
15 2 0.9990346431732178 316 1628 355 1649 are
15 2 0.996720016002655 366 1621 482 1649 initialized
15 2 0.9807949662208557 492 1621 515 1656 -
15 2 0.9997766613960266 515 1621 586 1649 There
15 2 0.9994237422943115 597 1628 636 1649 are
15 2 0.9931136965751648 646 1626 712 1651 some
15 2 0.9732592105865479 722 1621 785 1649 inter-
15 2 0.9912624359130859 822 1612 910 1640 random
15 2 0.9987754225730896 915 1612 1003 1640 batches
15 2 0.9999997615814209 1007 1610 1040 1642 of
15 2 0.9999499320983887 1041 1612 1095 1640 data
15 2 0.9370459914207458 1098 1612 1158 1640 from
15 2 0.9978905320167542 1161 1614 1287 1644 experience
15 2 0.9972334504127502 1290 1614 1332 1642 are
15 2 0.999734103679657 1334 1612 1392 1640 used
15 2 0.9999651908874512 1393 1612 1424 1642 to
15 2 0.9998761415481567 1427 1610 1507 1646 update
15 3 0.9961029291152954 100 1656 174 1690 esting
15 3 0.9998916387557983 182 1653 256 1690 points
15 3 0.9998251795768738 264 1656 297 1685 to
15 3 0.9915537238121033 305 1656 376 1683 make.
15 3 0.9999912977218628 384 1651 439 1685 The
15 3 0.9965509176254272 445 1656 515 1683 states
15 3 0.9995039701461792 523 1658 565 1685 are
15 3 0.9999805688858032 573 1656 617 1685 not
15 3 0.9391741752624512 626 1656 694 1683 finite.
15 3 0.9999350309371948 705 1656 785 1683 Within
15 3 0.999981164932251 820 1644 860 1674 the
15 3 0.9990864992141724 864 1642 946 1676 model.
15 3 0.4924663007259369 949 1642 996 1681 [9].
15 3 0.9999819993972778 998 1644 1069 1672 There
15 3 0.985113263130188 1074 1651 1112 1672 are
15 3 0.9994377493858337 1117 1644 1200 1672 several
15 3 0.9988151788711548 1204 1644 1295 1672 benefits
15 3 0.9985138773918152 1298 1644 1332 1674 of
15 3 0.9996151924133301 1330 1642 1390 1676 such
15 3 0.9850388765335083 1392 1644 1505 1678 approach.
16 0 0.6132215857505798 101 1688 159 1715 limit
16 0 0.9997912049293518 166 1690 235 1724 range
16 0 0.4657575190067291 242 1694 258 1719 >
16 0 0.7542440891265869 264 1688 369 1715 hundreds
16 0 0.9988125562667847 376 1685 426 1719 and
16 0 0.9991631507873535 432 1688 547 1715 thousands
16 0 0.9999885559082031 555 1688 589 1717 of
16 0 0.5649755597114563 592 1688 655 1722 pitch
16 0 0.9991787075996399 662 1688 739 1722 angles
16 0 0.9997513890266418 746 1690 786 1717 are
16 0 0.9935237169265747 820 1678 943 1713 According
16 0 0.9986686706542969 946 1678 977 1710 to
16 0 0.9999933242797852 978 1678 1019 1708 the
16 0 0.9999089241027832 1022 1685 1095 1713 paper,
17 0 0.9999130964279175 101 1722 203 1756 possible.
17 0 0.9927045106887817 216 1722 303 1756 Having
17 0 0.9984830021858215 316 1722 431 1749 thousands
17 0 0.9999979734420776 440 1719 476 1754 of
17 0 0.9373939037322998 484 1722 583 1749 columns
17 0 0.9857088327407837 592 1722 620 1751 is
17 0 0.999961256980896 629 1722 673 1751 not
17 0 0.983350396156311 683 1722 785 1756 possible.
17 1 0.9912733435630798 98 1751 146 1788 So,
17 1 0.9995019435882568 150 1751 193 1788 the
17 1 0.9991456270217896 200 1756 258 1783 state
17 1 0.7967350482940674 266 1756 342 1783 values
17 1 0.9995550513267517 350 1758 411 1783 were
17 1 0.8693466782569885 419 1756 550 1781 discretized.
17 1 0.9999638795852661 562 1754 604 1783 We
17 1 0.9839937686920166 613 1754 739 1783 discretized
17 1 0.9999948740005493 746 1754 788 1783 the
17 2 0.8777651190757751 101 1788 177 1815 values
17 2 0.9996728897094727 188 1788 219 1818 to
17 2 0.9990296363830566 227 1783 266 1820 20
17 2 0.9998785257339478 277 1788 368 1815 discrete
17 2 0.9983029365539551 381 1790 439 1818 state
17 2 0.9239043593406677 450 1788 528 1822 angles
17 2 0.8729885220527649 541 1788 600 1815 from
17 2 0.88886958360672 613 1783 680 1818 -100
17 2 0.9999641180038452 691 1788 723 1818 to
17 2 0.7068505883216858 734 1783 786 1818 100.
17 3 0.999985933303833 100 1818 150 1852 For
17 3 0.9967617988586426 155 1822 227 1850 action
17 3 0.9978839755058289 235 1820 310 1854 value,
17 3 0.9999306201934814 318 1827 356 1847 we
17 3 0.9973105192184448 366 1822 434 1850 chose
17 3 0.9996877908706665 445 1820 479 1850 10
17 3 0.9999890327453613 487 1820 587 1847 different
17 3 0.5382182002067566 597 1822 713 1850 velocities.
17 3 0.9997476935386658 723 1820 788 1854 They
17 4 0.9986452460289001 100 1857 143 1884 are
17 4 0.8296322822570801 143 1852 224 1886 [-200,
17 4 0.8964157104492188 227 1857 298 1884 -100,
17 4 0.9970173835754395 298 1852 363 1886 -50,
17 4 0.7607362270355225 360 1852 486 1886 -25,-10,
17 4 0.9993646740913391 486 1852 526 1889 10,
17 4 0.999830961227417 524 1857 604 1884 25,50,
17 4 0.41220545768737793 605 1852 770 1886 100,200ms
17 5 0.997579038143158 98 1884 153 1918 The
17 5 0.9997113347053528 155 1886 184 1920 Q
17 5 0.9999405145645142 188 1884 266 1918 matrix
17 5 0.5208232402801514 269 1884 321 1918 had
17 5 0.999962568283081 324 1886 358 1916 20
17 5 0.9966180920600891 365 1889 463 1916 columns
17 5 0.43243607878685 470 1898 486 1920 :
17 5 0.7112148404121399 486 1889 545 1916 each
17 5 0.7716095447540283 549 1889 638 1916 column
17 5 0.997984766960144 644 1889 786 1923 representing
18 0 0.9952754974365234 873 1713 912 1749 Ita
18 0 0.9997629523277283 902 1717 980 1745 allows
18 0 0.9993778467178345 985 1722 1067 1749 greater
18 0 0.9998856782913208 1069 1717 1122 1745 data
18 0 0.86211097240448 1127 1719 1238 1747 efficiency
18 0 0.9997970461845398 1242 1719 1274 1747 as
18 0 0.9994490742683411 1276 1717 1332 1745 each
18 0 0.9997811913490295 1335 1717 1389 1754 step
18 0 0.9999964237213135 1389 1715 1424 1749 of
18 0 0.9845613241195679 1423 1717 1505 1751 experi-
18 1 0.9950626492500305 877 1754 935 1779 ence
18 1 0.9877479076385498 935 1754 982 1779 can
18 1 0.9999657869338989 983 1749 1019 1779 be
18 1 0.9995278120040894 1019 1747 1078 1781 used
18 1 0.6354086399078369 1080 1747 1109 1779 in
18 1 0.9197543859481812 1111 1751 1182 1786 many
18 1 0.7277964949607849 1183 1749 1266 1783 weight
18 1 0.9986944794654846 1267 1749 1358 1783 updates
18 2 0.9856306910514832 878 1783 1032 1815 Randomizing
18 2 0.9991814494132996 1035 1783 1122 1811 batches
18 2 0.9969881176948547 1125 1783 1204 1811 breaks
18 2 0.9227012395858765 1208 1783 1342 1809 correlations
18 2 0.9964511394500732 1347 1783 1444 1811 between
18 2 0.7409935593605042 1445 1786 1505 1811 sam-
18 3 0.9977481961250305 878 1850 998 1877 Behaviour
18 3 0.9982789754867554 1006 1847 1140 1879 distribution
18 3 0.9990987777709961 1146 1847 1175 1879 is
18 3 0.9998819828033447 1182 1850 1287 1884 averaged
18 3 0.8770691156387329 1295 1854 1353 1879 over
18 3 0.8849732875823975 1360 1854 1427 1882 many
18 3 0.9999998807907104 1435 1847 1468 1879 of
18 3 0.9999582767486572 1471 1845 1510 1882 its
19 0 0.9997872710227966 875 1815 928 1852 ples
19 1 0.9900768399238586 877 1882 977 1916 previous
19 1 0.9938481450080872 980 1884 1048 1911 states
20 0 0.8446118235588074 98 1923 129 1952 a
20 0 0.9998811483383179 121 1923 179 1950 state
20 0 0.9566923975944519 180 1918 230 1952 and
20 0 0.9998759031295776 234 1918 266 1950 10
20 0 0.9954137206077576 269 1925 329 1950 rows
20 0 0.9974262118339539 331 1918 390 1952 each
20 0 0.998021125793457 392 1920 536 1955 representing
20 0 0.9996739625930786 539 1925 605 1952 every
20 0 0.9695318937301636 607 1918 689 1952 action.
20 0 0.8843641877174377 694 1920 785 1955 Initially
20 0 0.999932050704956 820 1918 852 1950 In
20 0 0.5666247606277466 854 1920 896 1950 the
20 0 0.9782117605209351 901 1920 999 1948 classical
20 0 0.9998568296432495 1004 1918 1033 1952 Q
20 0 0.9986636638641357 1038 1920 1135 1955 learning
20 0 0.9957922697067261 1140 1920 1253 1955 approach,
20 0 0.9848836660385132 1258 1925 1306 1950 one
20 0 0.9995449185371399 1309 1920 1356 1952 has
20 0 0.9994329810142517 1358 1920 1389 1952 to
20 0 0.9976485371589661 1390 1918 1445 1955 give
20 0 0.9998390674591064 1450 1923 1505 1950 state
20 1 0.6442373394966125 100 1952 150 1987 ,the
20 1 0.9999285936355591 155 1952 180 1987 Q
20 1 0.9976589679718018 187 1955 271 1982 -values
20 1 0.9995757937431335 277 1957 339 1982 were
20 1 0.6300262212753296 345 1955 445 1982 assumed
20 1 0.9999312162399292 452 1955 482 1984 to
20 1 0.9996825456619263 486 1952 521 1987 be
20 1 0.9857994318008423 524 1950 549 1987 0
20 1 0.9583579897880554 550 1950 602 1984 and
20 1 0.9997262358665466 605 1955 696 1982 random
20 1 0.562692403793335 704 1955 786 1982 actions
20 1 0.7421068549156189 818 1950 868 1984 and
20 1 0.9914674758911133 873 1955 948 1982 action
20 1 0.999683141708374 952 1957 985 1984 as
20 1 0.9994621872901917 988 1957 1024 1984 an
20 1 0.9992891550064087 1028 1955 1095 1989 input
20 1 0.999765932559967 1098 1952 1201 1987 resulting
20 1 0.9998142123222351 1208 1952 1237 1984 in
20 1 0.9991033673286438 1243 1952 1272 1987 Q
20 1 0.9845812916755676 1279 1955 1343 1982 value
20 1 0.9999954700469971 1350 1952 1390 1982 for
20 1 0.9999493360519409 1393 1950 1447 1984 that
20 1 0.9997705817222595 1448 1955 1502 1982 state
20 2 0.9996193647384644 100 1989 161 2016 were
20 2 0.7408549785614014 164 1987 268 2021 specified
20 2 0.999976634979248 271 1982 314 2019 for
20 2 0.9997687935829163 313 1989 382 2023 every
20 2 0.9995107650756836 384 1989 442 2016 state
20 2 0.9998824596405029 444 1984 473 2016 in
20 2 0.9999074935913086 474 1982 520 2019 the
20 2 0.9994531273841858 520 1987 596 2021 policy
20 2 0.9791405200958252 597 1989 625 2019 T
20 2 0.9998946189880371 639 1984 692 2019 The
20 2 0.999976634979248 694 1987 786 2021 training
20 2 0.8831905126571655 818 1984 868 2019 and
20 2 0.9970613121986389 872 1987 951 2014 action.
20 2 0.9623094201087952 957 1987 1090 2021 Replicating
20 2 0.999806821346283 1093 1984 1143 2019 this
20 2 0.9995893836021423 1145 1987 1251 2021 approach
20 2 0.9999006986618042 1255 1984 1285 2016 in
20 2 0.9960214495658875 1290 1987 1369 2014 Neural
20 2 0.9996379613876343 1376 1987 1477 2014 Network
20 2 0.9995214939117432 1481 1987 1497 2014 is
20 3 0.9994705319404602 100 2023 151 2048 was
20 3 0.9999585151672363 151 2021 211 2048 done
20 3 0.999935507774353 211 2016 255 2053 for
20 3 0.9988620281219482 253 2016 316 2051 1500
20 3 0.9996762275695801 314 2019 416 2053 episodes
20 3 0.8467893004417419 416 2016 466 2051 and
20 3 0.9996230602264404 465 2016 494 2048 in
20 3 0.9988993406295776 494 2016 554 2051 each
20 3 0.8152440786361694 554 2019 652 2053 episode,
20 3 0.999982476234436 654 2019 692 2048 the
20 3 0.9999542236328125 694 2019 786 2053 training
20 3 0.7825077176094055 822 2021 964 2053 problematic.
20 3 0.8792772889137268 970 2021 1067 2048 Because
20 3 0.9998824596405029 1070 2019 1101 2051 in
20 3 0.9978526830673218 1103 2016 1156 2051 that
20 3 0.9939729571342468 1154 2023 1211 2048 case
20 3 0.9925923347473145 1213 2023 1261 2048 one
20 3 0.9992561936378479 1263 2019 1306 2048 has
20 3 0.9999587535858154 1309 2021 1340 2051 to
20 3 0.9557088017463684 1342 2019 1397 2055 give
20 3 0.9996110796928406 1398 2021 1456 2048 state
20 3 0.9998047947883606 1460 2019 1498 2048 and
