block line confidence X1 Y1 X2 Y2 token
0 0 0.9998500347137451 537 98 594 132 Reid
0 0 0.9997859597206116 592 100 636 130 and
0 0 0.9762246012687683 636 102 715 127 Kontar:
0 0 0.9364051818847656 717 102 867 127 Beam-induced
0 0 0.9968067407608032 868 102 952 127 Electric
0 0 0.9955647587776184 951 100 1011 127 Field
0 0 0.8327876925468445 1011 102 1143 127 Distributions
1 0 0.6763608455657959 116 157 193 194 (Mann
1 0 0.9992044568061829 195 159 226 191 et
1 0 0.9603081941604614 226 159 261 194 al.
1 0 0.9871182441711426 258 157 337 194 1999).
1 0 0.9997720122337341 340 157 394 191 The
1 0 0.9975085258483887 394 157 482 198 density
1 0 0.9998962879180908 484 157 562 191 model
1 0 0.9974901676177979 562 157 591 191 is
1 0 0.9995483756065369 589 162 647 196 very
1 0 0.9894974231719971 649 162 731 189 similar
1 0 0.9999452829360962 733 162 764 191 to
1 0 0.9999760389328003 765 162 830 189 other
1 0 0.9929574728012085 854 164 952 189 constant
1 0 0.9996271133422852 954 164 1019 189 mean
1 0 0.8936551809310913 1020 159 1158 194 background
1 0 0.9664872884750366 1159 162 1250 189 electron
1 0 0.9986187219619751 1250 157 1340 198 density
1 0 0.9985215067863464 1339 164 1416 191 means
1 0 0.9757855534553528 1414 157 1466 191 that
1 0 0.97661292552948 1463 162 1503 191 we
1 0 0.997432291507721 1503 162 1568 189 know
1 1 0.9995656609535217 111 189 177 223 solar
1 1 0.9995853304862976 176 187 240 221 wind
1 1 0.6195853352546692 242 189 329 223 density
1 1 0.9994140863418579 332 191 416 219 models
1 1 0.8871673345565796 419 187 471 221 like
1 1 0.999295711517334 471 189 513 219 the
1 1 0.6265685558319092 516 189 749 221 Sitler-Guhathkurta
1 1 0.9975795149803162 752 191 827 219 model
1 1 0.9995446801185608 852 191 902 228 any
1 1 0.9975712895393372 902 191 998 226 changes
1 1 0.9990181922912598 999 194 1035 221 on
1 1 0.9775581359863281 1035 187 1078 223 the
1 1 0.8879032731056213 1077 189 1213 221 distribution
1 1 0.9999866485595703 1213 189 1248 223 of
1 1 0.999902606010437 1243 187 1288 223 the
1 1 0.9910627603530884 1288 191 1374 219 electric
1 1 0.9998960494995117 1379 191 1444 219 fields
1 1 0.9815182089805603 1445 194 1487 221 are
1 1 0.9996261596679688 1487 191 1568 219 caused
1 2 0.5702610015869141 113 216 200 258 (Sittler
1 2 0.9996629953384399 198 219 227 251 &
1 2 0.5106536149978638 229 221 457 255 Guhathakura1999)
1 2 0.9940896034240723 460 221 507 253 and
1 2 0.679557740688324 507 221 547 251 the
1 2 0.9886797070503235 550 223 642 248 Leblanc
1 2 0.98747718334198 647 221 722 248 model
1 2 0.9589486718177795 725 221 831 255 (Leblanc
1 2 0.9994828701019287 852 219 891 258 by
1 2 0.958225429058075 891 221 1011 255 modifying
1 2 0.9999121427536011 1014 221 1054 251 the
1 2 0.976246178150177 1056 221 1158 255 intensity
1 2 0.9999982118606567 1158 219 1193 253 of
1 2 0.9999134540557861 1190 221 1230 251 the
1 2 0.9989487528800964 1230 221 1318 255 density
1 2 0.9817896485328674 1321 223 1445 248 turbulence.
1 2 0.9999949932098389 1447 219 1502 253 The
1 2 0.9981167316436768 1500 219 1568 253 back-
1 3 0.7995091080665588 108 244 158 290 êta
1 3 0.6162174344062805 142 246 253 287 a1.1998)
1 3 0.9995474219322205 253 253 335 287 except
1 3 0.9751678109169006 335 248 387 283 that
1 3 0.9996607303619385 387 251 429 280 the
1 3 0.9991106390953064 429 248 518 290 density
1 3 0.9995313882827759 520 251 547 283 is
1 3 0.999798595905304 549 251 629 285 higher
1 3 0.9913597702980042 629 248 696 283 close
1 3 0.999846339225769 694 251 726 283 to
1 3 0.9993428587913513 726 251 770 280 the
1 3 0.9990907907485962 770 248 828 285 Sun,
1 3 0.9999943971633911 856 251 940 285 ground
1 3 0.7622937560081482 940 251 1024 290 plasma
1 3 0.9990934133529663 1022 253 1161 287 temperature
1 3 0.9966817498207092 1159 255 1209 283 was
1 3 0.9998607635498047 1208 251 1248 280 set
1 3 0.9996771812438965 1242 253 1274 280 to
1 3 0.8884636163711548 1274 251 1314 280 10
1 3 0.986520528793335 1316 251 1351 285 K,
1 3 0.6201756000518799 1347 248 1463 283 indicative
1 3 0.9999974966049194 1461 251 1494 283 of
1 3 0.9999713897705078 1490 251 1531 280 the
1 3 0.8349002599716187 1528 253 1570 280 SO-
1 4 0.9868472218513489 111 278 188 312 below
1 4 0.4688764810562134 188 280 266 317 IORo:
1 4 0.9999401569366455 263 280 316 315 The
1 4 0.8940115571022034 314 283 402 317 density
1 4 0.999975323677063 400 280 478 315 model
1 4 0.9989853501319885 478 283 565 310 reaches
1 4 0.9942463040351868 562 276 652 317 5x109
1 4 0.9584524631500244 650 283 692 312 cm
1 4 0.9986538887023926 691 276 715 310 3
1 4 0.9999511241912842 712 280 743 312 at
1 4 0.5007448196411133 741 283 781 312 the
1 4 0.9996016621589661 780 280 830 315 low
1 4 0.997951090335846 856 283 893 312 lar
1 4 0.9996551275253296 889 280 952 315 wind
1 4 0.9985758066177368 951 285 1006 312 core
1 4 0.9970558881759644 1006 283 1145 317 temperature
1 4 0.9996349811553955 1143 283 1172 315 at
1 4 0.9958282113075256 1169 280 1193 315 1
1 4 0.4120941758155823 1185 278 1434 319 AU(eg,Maksimovic
1 4 0.9991151690483093 1431 283 1461 315 et
1 4 0.7640256881713867 1455 276 1568 317 al.2005),
1 5 0.9988208413124084 114 317 195 342 corona
1 5 0.9998101592063904 197 310 247 344 and
1 5 0.9997348189353943 248 310 276 344 is
1 5 0.9951985478401184 277 315 342 342 more
1 5 0.9898300766944885 345 312 458 340 indicative
1 5 0.9999315738677979 461 312 492 344 to
1 5 0.9998026490211487 494 312 536 342 the
1 5 0.9861953258514404 539 310 618 344 flaring
1 5 0.9997478127479553 620 310 678 347 Sun,
1 5 0.9985219836235046 681 312 796 347 compared
1 5 0.999935507774353 799 312 830 344 to
1 5 0.999535322189331 854 312 931 347 giving
1 5 0.9990144968032837 930 315 954 344 a
1 5 0.9570469856262207 954 312 1041 340 thermal
1 5 0.9998200535774231 1045 312 1138 347 velocity
1 5 0.9999876022338867 1138 310 1174 344 of
1 5 0.4912770688533783 1175 312 1292 347 VkTe/me
1 5 0.9405086040496826 1293 315 1322 342 =
1 5 0.991421639919281 1319 310 1390 344 1.2x
1 5 0.6206156611442566 1384 308 1431 344 108
1 5 0.9911649823188782 1429 315 1473 342 cm
1 5 0.7127107977867126 1469 312 1492 344 S
1 5 0.3863634765148163 1494 308 1519 340 1
1 5 0.9999943971633911 1516 308 1571 344 The
1 6 0.9938643574714661 114 338 161 374 109
1 6 0.9940641522407532 158 340 224 374 cm-3
1 6 0.9999532699584961 222 342 253 374 in
1 6 0.9769591689109802 251 340 295 376 the
1 6 0.999622106552124 295 344 395 372 Newkirk
1 6 0.9996113181114197 398 344 473 372 model
1 6 0.8790443539619446 476 342 657 376 (Newkirk/1961)
1 6 0.9967924952507019 657 344 692 374 or
1 6 0.9700655341148376 691 338 736 374 108
1 6 0.9958641529083252 733 340 799 374 cm-3
1 6 0.9996123909950256 799 342 828 374 in
1 6 0.9927324652671814 856 344 949 372 electron
1 6 0.998808741569519 951 344 1015 372 beam
1 6 0.9994932413101196 1015 342 1043 374 is
1 6 0.9998272061347961 1041 340 1137 381 injected
1 6 0.9993649125099182 1135 344 1185 372 into
1 6 0.9999308586120605 1185 347 1204 372 a
1 6 0.9854409098625183 1206 344 1326 372 simulation
1 6 0.9999678134918213 1326 340 1376 376 box
1 6 0.9996460676193237 1374 340 1426 374 that
1 6 0.9977867603302002 1423 342 1450 374 is
1 6 0.9702436327934265 1447 342 1497 379 just
1 6 0.9997802376747131 1494 347 1550 374 over
1 6 0.9999265670776367 1547 340 1571 374 8
1 7 0.9998998641967773 155 399 203 436 For
1 7 0.566224217414856 203 404 321 438 modelling
1 7 0.9999911785125732 323 404 363 433 the
1 7 0.968394935131073 365 404 452 438 density
1 7 0.9973779916763306 453 402 589 433 fluctuations
1 7 0.9998706579208374 589 406 629 433 we
1 7 0.7357078194618225 629 402 683 436 first
1 7 0.999238133430481 680 402 738 436 note
1 7 0.999962329864502 736 402 788 436 that
1 7 0.9999961853027344 786 399 830 436 the
1 7 0.9993583559989929 856 402 878 436 1
1 7 0.9997681975364685 873 402 928 436 AU.
1 7 0.9999649524688721 928 404 964 433 To
1 7 0.9523202180862427 965 402 1024 438 fully
1 7 0.9983806610107422 1025 404 1109 431 resolve
1 7 0.9979000091552734 1109 404 1151 433 the
1 7 0.948124349117279 1151 404 1237 438 density
1 7 0.9962121248245239 1238 402 1374 433 fluctuations
1 7 0.9996987581253052 1374 406 1414 433 we
1 7 0.9997612833976746 1413 399 1473 433 used
1 7 0.9998140931129456 1469 404 1492 436 a
1 7 0.916994035243988 1490 404 1570 438 spatial
1 8 0.9991663694381714 113 495 206 529 spectral
1 8 0.9985935091972351 209 493 279 527 index
1 8 0.9999889135360718 281 493 313 525 of
1 8 0.9998190999031067 314 493 377 529 -5/3
1 8 0.9976294636726379 379 495 436 532 (e.g.
1 8 0.9924119114875793 436 493 550 527 Celnikier
1 8 0.9993951320648193 550 495 581 527 et
1 8 0.4710610508918762 581 491 762 532 al.1983,1987
1 8 0.9964312314987183 759 493 828 527 Chen
1 8 0.9432351589202881 854 495 889 529 its
1 8 0.9994040727615356 888 504 927 525 are
1 8 0.9818997383117676 928 497 1009 532 typical
1 8 1.0 1009 497 1040 527 of
1 8 0.9968615770339966 1038 497 1141 525 electrons
1 8 0.9862532019615173 1143 495 1193 529 that
1 8 0.9984644651412964 1192 495 1263 529 arrive
1 8 0.9991365075111389 1261 497 1290 529 at
1 8 0.9522376656532288 1287 495 1313 529 1
1 8 0.9976714253425598 1303 495 1355 529 AU
1 8 0.8573383092880249 1351 497 1513 532 co-temporally
1 8 0.9994370341300964 1513 495 1571 529 with
1 9 0.8070011734962463 109 523 150 561 et
1 9 0.5707589983940125 142 520 261 561 al.2013).
1 9 0.7305099368095398 266 525 384 559 Following
1 9 0.9989302754402161 387 523 432 559 the
1 9 0.9971402883529663 434 529 499 555 same
1 9 0.9971529245376587 500 523 612 564 approach
1 9 0.9974803328514099 615 525 650 555 of
1 9 0.9967327117919922 641 523 710 557 Reid
1 9 0.9999725818634033 712 523 743 555 &
1 9 0.9994742274284363 746 523 830 557 Kontar
1 9 0.9966830611228943 854 527 896 557 the
1 9 0.996877908706665 896 527 1001 555 detection
1 9 0.9998347759246826 1003 527 1035 557 of
1 9 0.9976429343223572 1028 527 1146 561 Langmuir
1 9 0.9992192983627319 1146 532 1219 557 waves
1 9 0.9907475709915161 1219 523 1324 564 (e.g.Lin
1 9 0.9985474944114685 1318 527 1348 559 et
1 9 0.5415838360786438 1343 523 1456 564 a1.,1981).
1 9 0.9998782873153687 1455 525 1507 559 The
1 9 0.9986116886138916 1503 529 1570 564 spec-
1 10 0.6972454786300659 113 552 201 593 (2010),
1 10 0.9998552799224854 205 559 245 587 we
1 10 0.9968492388725281 248 557 323 584 model
1 10 0.9999171495437622 327 557 369 587 the
1 10 0.9635171890258789 374 561 479 589 spectrum
1 10 0.9999897480010986 484 557 518 587 of
1 10 0.9999275207519531 518 557 607 591 density
1 10 0.9531111717224121 610 555 746 587 fluctuations
1 10 0.9975764155387878 747 555 809 589 with
1 10 0.9995977282524109 807 557 831 589 a
1 10 0.9376111030578613 852 555 899 591 tral
1 10 0.9998350143432617 899 559 965 587 index
1 10 0.9999001026153564 967 557 996 589 is
1 10 0.9968591928482056 996 559 1098 587 obtained
1 10 0.9808051586151123 1101 559 1159 587 from
1 10 0.9928231239318848 1161 559 1203 589 the
1 10 0.9827972650527954 1204 557 1288 596 typical
1 10 0.99716717004776 1284 557 1393 591 observed
1 10 0.9554033875465393 1395 559 1471 587 in-situ
1 10 0.9879961609840393 1474 559 1568 587 electron
1 11 0.9870229959487915 114 587 205 621 spectral
1 11 0.9996532201766968 211 587 279 614 index
1 11 0.9532260894775391 285 584 348 621 -5/3
1 11 0.9982483386993408 355 587 450 614 between
1 11 0.9999526739120483 457 587 499 616 the
1 11 0.9993467926979065 503 587 646 621 wavelengths
1 11 0.9999840259552002 650 584 686 619 of
1 11 0.9995890259742737 686 582 733 619 108
1 11 0.9895614981651306 738 593 776 614 cm
1 11 0.9995392560958862 781 587 828 619 and
1 11 0.9994227886199951 854 589 940 623 spectra
1 11 0.9805586934089661 943 589 1015 616 below
1 11 0.9999617338180542 1019 587 1054 621 10
1 11 0.9801187515258789 1053 584 1108 621 keV
1 11 0.9999262094497681 1108 591 1162 619 near
1 11 0.9999725818634033 1164 589 1204 619 the
1 11 0.9988985061645508 1208 589 1271 616 Earth
1 11 0.9771547913551331 1279 589 1381 616 (Krucker
1 11 0.999893069267273 1382 589 1413 621 et
1 11 0.6571690440177917 1408 584 1524 625 al.2009).
1 11 0.999972939491272 1526 589 1570 619 We
2 0 0.9997618794441223 114 374 155 404 the
2 0 0.9890973567962646 156 374 248 402 Leblanc
2 0 0.9947606921195984 251 374 331 402 model.
3 0 0.9998466968536377 856 374 915 402 solar
3 0 0.9970652461051941 915 372 973 406 radii
3 0 0.999716579914093 972 372 1003 404 in
3 0 0.8345491886138916 1003 372 1087 411 length,
3 0 0.9973828196525574 1085 374 1229 408 representing
3 0 0.9997604489326477 1227 374 1250 406 a
3 0 0.9530296325683594 1250 374 1311 402 finite
3 0 0.9953077435493469 1313 372 1389 408 region
3 0 0.9998643398284912 1389 374 1418 404 in
3 0 0.9693024754524231 1418 379 1486 406 space
3 0 0.9825286865234375 1486 374 1568 402 around
3 1 0.9999912977218628 894 463 948 497 The
3 1 0.9983581900596619 948 468 1014 495 beam
3 1 0.9949212670326233 1015 468 1143 502 parameters
3 1 0.9992160797119141 1143 470 1185 497 are
3 1 0.996798574924469 1187 465 1253 502 given
3 1 0.9997333884239197 1255 465 1284 497 in
3 1 0.4085977077484131 1284 465 1358 500 Table[
3 1 0.6258043646812439 1348 461 1381 504 D
3 1 0.9999897480010986 1381 463 1434 500 The
3 1 0.9992645382881165 1432 468 1515 502 energy
3 1 0.9967766404151917 1515 463 1570 497 lim-
4 0 0.99985671043396 114 440 190 468 power
4 0 0.9539721608161926 192 438 298 465 spectrum
4 0 0.9999980926513672 300 433 332 465 of
4 0 0.9998613595962524 332 433 418 468 density
4 0 0.9989715814590454 421 433 557 465 fluctuations
4 0 0.9999504089355469 557 438 613 463 near
4 0 0.9997348189353943 613 433 655 463 the
4 0 0.9998916387557983 655 431 723 465 Earth
4 0 0.999485969543457 723 433 770 465 has
4 0 0.9993854761123657 768 431 830 465 been
4 0 0.9205818772315979 856 436 970 463 resolution
4 0 0.9999983310699463 972 433 1004 465 of
4 0 0.9119252562522888 1001 431 1053 465 200
4 0 0.9754515290260315 1049 433 1101 468 km.
5 0 0.9843881130218506 116 465 219 493 observed
5 0 0.9986400008201599 222 465 298 493 in-situ
5 0 0.9999403953552246 302 465 332 495 to
5 0 0.9999926090240479 332 463 394 500 obey
5 0 0.9996765851974487 394 465 418 497 a
5 0 0.9372390508651733 421 465 621 500 Kolmogorov-type
5 0 0.6252446174621582 623 465 702 500 power
5 0 0.9430100321769714 699 461 751 497 law
5 0 0.9997323155403137 749 461 809 495 with
5 0 0.9998630285263062 807 465 831 497 a
6 0 0.9681962132453918 114 612 171 648 1010
6 0 0.9930688142776489 166 619 218 653 cm,
6 0 0.5157080888748169 214 621 250 648 sO
6 0 0.9674909710884094 247 614 298 648 that
6 0 0.9999884366989136 297 616 337 646 the
7 0 0.8720880746841431 478 616 537 653 nsity
7 0 0.999081015586853 537 616 617 653 profile
7 0 0.9996641874313354 615 616 642 648 is
7 0 0.999947190284729 642 616 709 653 given
8 0 0.9999001026153564 856 621 909 648 note
8 0 0.9999762773513794 909 616 961 650 that
8 0 0.9999934434890747 959 616 1009 650 this
8 0 0.9978588223457336 1011 623 1099 650 spectral
8 0 0.9961305856704712 1104 621 1171 648 index
8 0 0.9989155530929565 1172 619 1201 650 is
8 0 0.9988483190536499 1201 621 1271 648 lower
8 0 0.9998186230659485 1271 616 1327 650 than
8 0 0.9988872408866882 1327 616 1390 650 what
8 0 0.9978658556938171 1389 621 1418 650 is
8 0 0.9401747584342957 1418 621 1529 648 measured
8 0 0.998760461807251 1529 616 1571 653 in-
8 1 0.9981504082679749 852 648 904 682 situ
8 1 0.9998805522918701 901 650 930 680 at
8 1 0.9994441866874695 928 650 1027 685 energies
8 1 0.8349400758743286 1030 650 1099 678 above
8 1 0.9999374151229858 1101 648 1137 678 50
8 1 0.9763344526290894 1135 648 1193 682 keV,
8 1 0.999634861946106 1192 646 1242 680 and
8 1 0.9990891218185425 1242 650 1334 678 inferred
8 1 0.8716008067131042 1335 650 1395 678 from
8 1 0.9989632368087769 1397 648 1468 685 X-ray
8 1 0.9657401442527771 1468 650 1568 678 observa-
8 2 0.7962717413902283 854 678 917 712 tions
8 2 0.6363909840583801 917 676 1027 717 (Krucker
8 2 0.9994404911994934 1024 680 1054 712 et
8 2 0.5282984972000122 1049 676 1166 717 al.2007).
8 2 0.9998822212219238 1167 676 1219 712 The
8 2 0.9997840523719788 1219 678 1276 714 high
8 2 0.8440895080566406 1279 682 1429 708 characteristic
8 2 0.6172845363616943 1432 678 1490 712 time
8 2 0.9998847246170044 1490 680 1565 708 broad-
8 3 0.9998148083686829 854 714 899 742 ens
8 3 0.9999911785125732 899 710 941 740 the
8 3 0.999850869178772 943 712 1035 740 electron
8 3 0.9370898604393005 1038 710 1112 744 beam,
8 3 0.9999276399612427 1112 714 1132 740 a
8 3 0.9989961981773376 1132 712 1222 746 process
8 3 0.9998824596405029 1221 708 1274 742 that
8 3 0.9999169111251831 1272 710 1347 737 would
8 3 0.9988707900047302 1347 708 1408 742 have
8 3 0.9997406601905823 1408 710 1519 744 happened
8 3 0.999937891960144 1519 712 1550 742 to
8 3 0.9998717308044434 1549 712 1573 742 a
8 4 0.9922065138816833 854 742 940 776 greater
8 4 0.5476133823394775 940 742 1015 769 extent
8 4 0.9986931681632996 1015 740 1043 772 if
8 4 0.9919846653938293 1041 744 1088 772 our
8 4 0.99962317943573 1088 742 1182 769 electron
8 4 0.9985765218734741 1187 742 1251 769 beam
8 4 0.9998648166656494 1253 737 1303 772 had
8 4 0.9995729327201843 1305 742 1405 769 travelled
8 4 0.9999184608459473 1408 742 1439 772 to
8 4 0.9990113973617554 1440 737 1463 772 1
8 4 0.9996280670166016 1461 740 1508 772 AU
8 4 0.9966939687728882 1510 742 1568 769 from
8 5 0.999987006187439 854 772 896 801 the
8 5 0.9998481273651123 894 769 949 804 Sun.
8 5 0.9993588328361511 949 769 1001 804 The
8 5 0.9998581409454346 999 769 1056 806 high
8 5 0.9821268916130066 1054 772 1141 806 density
8 5 0.9993703961372375 1140 769 1200 804 ratio
8 5 0.98492830991745 1196 772 1224 804 is
8 5 0.9999197721481323 1221 772 1251 804 to
8 5 0.9236382246017456 1251 776 1329 801 ensure
8 5 0.9952657222747803 1326 774 1350 804 a
8 5 0.9999606609344482 1347 769 1403 806 high
8 5 0.9987180233001709 1402 772 1484 806 energy
8 5 0.9999173879623413 1484 772 1568 806 density
8 6 0.999994158744812 894 881 948 915 The
8 6 0.9398162364959717 952 888 1072 915 fluctuating
8 6 0.9812260866165161 1078 888 1209 920 component
8 6 0.9999892711639404 1211 883 1246 913 of
8 6 0.9999552965164185 1245 883 1287 913 the
8 6 0.8974546194076538 1290 886 1427 918 background
8 6 0.9996559619903564 1432 886 1523 920 plasma,
8 6 0.9992678761482239 1528 883 1568 913 de-
8 7 0.4748680591583252 857 968 1077 1009 10-15,10-3,10-25,
8 7 0.9976531863212585 1074 973 1137 1007 10-3,
8 7 0.7197291851043701 1135 968 1277 1009 10-35,10-4,
8 7 0.5181093215942383 1276 970 1355 1007 10-45,
8 7 0.9957457184791565 1353 970 1408 1007 10-5
8 7 0.9752578139305115 1406 973 1458 1007 and
8 7 0.9997134804725647 1455 979 1492 1007 no
8 7 0.9992477893829346 1492 977 1568 1005 fluctu-
8 8 0.9919779300689697 854 1005 935 1039 ations.
8 8 0.8119497299194336 940 1007 1075 1041 Propagation
8 8 0.9999171495437622 1080 1005 1116 1039 of
8 8 0.9999934434890747 1112 1002 1156 1039 the
8 8 0.999595582485199 1156 1005 1225 1039 beam
8 8 0.9864588379859924 1227 1009 1306 1037 causes
8 8 0.9519988298416138 1311 1009 1424 1037 Langmuir
8 8 0.9989736080169678 1427 1009 1502 1037 waves
8 8 0.9999263286590576 1503 1007 1536 1037 to
8 8 0.9999969005584717 1537 1005 1570 1037 be
8 9 0.9945836663246155 856 1037 948 1064 induced
8 9 0.9998971223831177 951 1034 1014 1068 after
8 9 0.9987679123878479 1012 1032 1051 1068 80
8 9 0.998225748538971 1053 1039 1151 1066 seconds,
8 9 0.9784533977508545 1158 1037 1248 1071 relating
8 9 0.9996757507324219 1251 1039 1282 1068 to
8 9 0.9998435974121094 1284 1039 1330 1066 our
8 9 0.9882354736328125 1332 1037 1410 1064 choice
8 9 0.9999994039535522 1414 1034 1447 1066 of
8 9 0.9962893724441528 1447 1039 1471 1068 T
8 9 0.9977946281433105 1476 1041 1502 1066 =
8 9 0.9999557733535767 1507 1037 1542 1066 20
8 9 0.8806648850440979 1544 1039 1570 1068 S.
8 10 0.9826839566230774 857 1071 970 1098 Langmuir
8 10 0.9678815603256226 973 1071 1038 1098 wave
8 10 0.9951751232147217 1043 1071 1166 1098 production
8 10 0.9982744455337524 1172 1071 1279 1096 increases
8 10 0.9998524188995361 1280 1071 1314 1098 as
8 10 0.9995655417442322 1313 1068 1337 1098 a
8 10 0.9998366832733154 1340 1068 1435 1096 function
8 10 0.9999676942825317 1439 1066 1473 1096 of
8 10 0.984764814376831 1473 1068 1529 1096 time
8 10 0.9961661100387573 1532 1066 1570 1096 till
8 11 0.9941165447235107 856 1098 938 1126 around
8 11 0.9993425011634827 940 1098 988 1126 200
8 11 0.9976028800010681 988 1098 1078 1126 seconds
8 11 0.9998865127563477 1082 1098 1140 1126 after
8 11 0.9933132529258728 1141 1098 1213 1126 which
8 11 0.9999074935913086 1213 1096 1240 1128 is
8 11 0.9968998432159424 1240 1098 1332 1126 remains
8 11 0.9996680021286011 1335 1098 1426 1132 roughly
8 11 0.995406985282898 1427 1100 1531 1126 constant.
8 12 0.9998946189880371 898 1130 975 1164 Figure
8 12 0.2771681845188141 975 1126 1015 1171 22
8 12 0.9999090433120728 1019 1132 1091 1160 shows
8 12 0.9993906021118164 1095 1132 1120 1162 a
8 12 0.9995724558830261 1122 1130 1225 1164 snapshot
8 12 0.9999651908874512 1229 1130 1263 1160 of
8 12 0.9999837875366211 1264 1130 1305 1160 the
8 12 0.9919384121894836 1311 1130 1397 1158 electric
8 12 0.9970732927322388 1402 1128 1460 1162 field
8 12 0.9997166991233826 1463 1128 1524 1162 from
8 12 0.999995231628418 1526 1126 1571 1162 the
8 13 0.9970904588699341 854 1190 881 1224 0
8 13 0.9978528022766113 877 1190 925 1226 (no
8 13 0.9991559982299805 927 1192 1074 1224 fluctuations),
8 13 0.9993051290512085 1078 1192 1120 1222 the
8 13 0.9962543249130249 1124 1192 1209 1219 electric
8 13 0.9999200105667114 1214 1192 1269 1219 field
8 13 0.9998311996459961 1272 1192 1316 1222 has
8 13 0.9998393058776855 1316 1194 1340 1224 a
8 13 0.9956501126289368 1340 1192 1426 1219 smooth
8 13 0.9994891881942749 1432 1192 1515 1226 profile.
8 13 0.9999942779541016 1518 1187 1571 1224 The
8 14 0.9986827969551086 856 1315 951 1343 increase
8 14 0.9838442206382751 952 1317 986 1345 as
8 14 0.9995368719100952 985 1315 1009 1345 a
8 14 0.9889649152755737 1009 1315 1106 1340 function
8 14 0.9999630451202393 1108 1313 1141 1343 of
8 14 0.9976771473884583 1140 1311 1200 1345 time
8 14 0.9996852874755859 1198 1317 1232 1345 as
8 14 0.9986963868141174 1230 1313 1272 1343 the
8 14 0.9979466795921326 1274 1315 1343 1349 range
8 14 0.9995492100715637 1345 1313 1379 1343 of
8 14 0.8822749257087708 1379 1315 1489 1340 velocities
8 14 0.9998642206192017 1492 1315 1568 1343 within
8 15 0.9997417330741882 854 1343 896 1372 the
8 15 0.9963319897651672 898 1345 990 1370 electron
8 15 0.9985978007316589 993 1345 1057 1372 beam
8 15 0.9849569201469421 1059 1347 1138 1372 causes
8 15 0.9984872341156006 1138 1343 1162 1375 it
8 15 0.9996391534805298 1161 1345 1192 1375 to
8 15 0.9996829032897949 1192 1343 1271 1379 spread
8 15 0.999087929725647 1269 1343 1300 1375 in
8 15 0.9506765007972717 1300 1349 1371 1377 space.
8 15 0.9999068975448608 1372 1340 1426 1375 The
8 15 0.9962422847747803 1426 1345 1511 1370 electric
8 15 0.9978908896446228 1513 1340 1571 1375 field
8 16 0.9297196269035339 852 1370 893 1409 iss
8 16 0.9950801134109497 885 1375 972 1402 smaller
8 16 0.9990839958190918 973 1377 1004 1404 at
8 16 0.9999904632568359 1004 1375 1045 1404 the
8 16 0.9986446499824524 1049 1375 1108 1402 front
8 16 0.9893325567245483 1111 1372 1143 1404 of
8 16 0.9999896287918091 1145 1375 1185 1404 the
8 16 0.7350914478302002 1190 1375 1282 1402 electron
8 16 0.9941619038581848 1287 1372 1355 1407 beam
8 16 0.9999338388442993 1358 1375 1431 1402 where
8 16 0.9999934434890747 1435 1375 1474 1404 the
8 16 0.9996477365493774 1479 1375 1570 1402 number
8 17 0.9996472597122192 898 1439 969 1466 When
8 17 0.9674561619758606 970 1436 1035 1471 An/n
8 17 0.9998794794082642 1035 1436 1062 1468 is
8 17 0.8878211379051208 1062 1439 1172 1466 increased
8 17 0.9646495580673218 1174 1436 1216 1466 the
8 17 0.9727314114570618 1216 1439 1303 1466 electric
8 17 0.6298308372497559 1305 1434 1363 1468 field
8 17 0.9999138116836548 1363 1439 1435 1466 shows
8 17 0.9999570846557617 1439 1436 1479 1466 the
8 17 0.992088794708252 1479 1436 1568 1480 clumpy
9 0 0.5113855004310608 445 726 486 765 2,
10 0 0.9990518689155579 156 813 229 840 where
10 0 0.9958351850509644 229 810 260 842 N
10 0 0.9985097050666809 258 815 287 842 =
10 0 0.9999327659606934 289 810 350 845 1000
10 0 0.9997110962867737 348 810 376 842 is
10 0 0.9999558925628662 374 813 416 842 the
10 0 0.9995554089546204 418 813 508 840 number
10 0 0.9999995231628418 508 810 541 842 of
10 0 0.9650057554244995 539 813 697 847 perturbations,
10 0 0.8238227963447571 699 813 764 847 no(r)
10 0 0.9997299313545227 760 810 788 845 is
10 0 0.7253124117851257 788 813 828 842 the
10 0 0.9912795424461365 856 801 889 831 of
10 0 0.773722231388092 883 801 1001 836 Langmuir
10 0 0.9997493624687195 1001 804 1075 831 waves
10 0 0.6788316369056702 1075 801 1103 833 is
10 0 0.9819411039352417 1103 801 1200 829 induced.
10 1 0.5118812918663025 113 840 185 874 initial
10 1 0.9992403984069824 184 845 324 877 unperturbed
10 1 0.9751302599906921 324 842 410 877 density
10 1 0.999908447265625 407 845 439 874 as
10 1 0.9999089241027832 437 845 523 872 defined
10 1 0.9997710585594177 524 842 604 877 above,
10 1 0.7169398665428162 602 845 631 877 An
10 1 0.9998043179512024 631 842 659 874 is
10 1 0.9999929666519165 657 842 697 872 the
10 1 0.9995478987693787 696 842 827 877 wavelength
10 1 0.9995617270469666 854 831 907 865 4.1.
10 1 0.9666066765785217 910 836 1085 861 Beam-induced
10 1 0.9996820688247681 1088 836 1175 863 electric
10 1 0.5609498620033264 1175 831 1234 865 field
11 0 0.9992048144340515 113 872 148 906 of
11 0 0.9991218447685242 140 870 185 906 the
11 0 0.9884540438652039 182 874 232 902 n-th
11 0 0.6572332978248596 234 874 386 909 fluctuation,!
11 0 0.994245707988739 387 879 410 902 =
11 0 0.999229907989502 410 872 482 909 5/3is
11 0 0.9993280172348022 479 870 521 906 the
11 0 0.9815801978111267 520 874 642 909 power-law
11 0 0.9783429503440857 642 874 733 909 spectral
11 0 0.9990485310554504 733 874 827 902 indexin
11 1 0.8414250612258911 113 973 180 1000 r.m.s.
11 1 0.9996225833892822 182 970 289 995 deviation
11 1 0.9999988079071045 290 968 323 1000 of
11 1 0.999946117401123 319 968 361 998 the
11 1 0.9997367262840271 360 966 418 1000 dens
11 1 0.9547529220581055 431 968 457 1002 7
11 1 0.5118395090103149 457 963 573 1005 VAntr)2)
11 1 0.9151700735092163 571 966 631 1000 such
11 1 0.9998290538787842 628 966 681 1000 that
12 0 0.9999591112136841 113 904 155 934 the
12 0 0.6981492638587952 153 906 230 941 power
12 0 0.9318326115608215 229 909 340 936 spectrum,
12 0 0.9994277358055115 340 902 390 938 and
12 0 0.16497328877449036 386 902 421 941 On
12 0 0.9994021654129028 418 904 445 936 is
12 0 0.9988766312599182 444 904 484 934 the
12 0 0.9924760460853577 484 906 573 934 random
12 0 0.9983727335929871 573 904 642 938 phase
12 0 0.9999313354492188 641 902 712 936 ofthe
12 0 0.998945415019989 712 904 827 931 individual
12 0 0.9696990847587585 856 915 941 943 scribed
12 0 0.9995225667953491 940 913 977 952 by
12 0 0.6235867738723755 977 915 1106 950 Equation8
12 0 0.9986101388931274 1108 915 1135 947 is
12 0 0.9707521200180054 1135 913 1209 947 varied
12 0 0.998621940612793 1209 915 1301 950 through
12 0 0.9999908208847046 1301 915 1342 945 the
12 0 0.5941722393035889 1342 915 1442 950 intensity
12 0 0.9999992847442627 1444 915 1476 945 of
12 0 0.9999963045120239 1473 915 1513 945 the
12 0 0.999937891960144 1511 913 1570 947 den-
12 1 0.9113768935203552 114 934 255 966 fluctuations.
12 1 0.9851757287979126 260 934 318 968 C(r)
12 1 0.9997184872627258 318 934 345 966 is
12 1 0.9999701976776123 345 934 389 963 the
12 1 0.8543639779090881 389 936 419 966 n
12 1 0.8918169736862183 436 936 549 963 malisation
12 1 0.9993752837181091 554 936 652 963 constant
12 1 0.999795138835907 655 934 696 963 the
12 1 0.9801832437515259 699 931 785 966 defines
12 1 0.9999649524688721 786 934 828 963 the
12 1 0.9773415923118591 854 943 902 979 sity
12 1 0.997634768486023 901 943 1024 977 turbulence
12 1 0.9787644147872925 1024 943 1096 977 An/n.
12 1 0.99962317943573 1093 943 1154 977 Nine
12 1 0.9914843440055847 1154 945 1288 977 simulations
12 1 0.9992274045944214 1287 950 1348 975 were
12 1 0.996362030506134 1347 950 1392 975 ran
12 1 0.9997740387916565 1389 943 1447 977 with
12 1 0.9989237189292908 1444 945 1510 979 An/n
12 1 0.9986379742622375 1508 943 1571 977 from
13 0 0.9999778270721436 155 1135 208 1169 Our
13 0 0.8428529500961304 206 1139 394 1164 one-dimensional
13 0 0.9996259212493896 398 1142 500 1169 approach
13 0 0.9087842702865601 505 1142 581 1167 means
13 0 0.999848484992981 579 1135 631 1169 that
13 0 0.9987358450889587 629 1144 667 1164 we
13 0 0.9996544122695923 668 1144 707 1164 are
13 0 0.9992955923080444 707 1137 764 1174 only
13 0 0.9940680265426636 762 1135 828 1169 mod-
14 0 0.9996532201766968 113 1167 184 1201 elling
14 0 0.9985285997390747 185 1167 319 1199 fluctuations
14 0 0.9097681045532227 321 1167 410 1201 parallel
14 0 0.9995170831680298 410 1169 440 1199 to
14 0 0.9999904632568359 440 1167 481 1196 the
14 0 0.979627251625061 484 1171 587 1199 magnetic
14 0 0.8892754316329956 589 1164 647 1199 field
14 0 0.9998588562011719 647 1167 694 1199 and
14 0 0.9737213253974915 694 1169 738 1196 not
14 0 0.9987297654151917 739 1174 827 1201 perpen-
14 0 0.999269425868988 856 1162 970 1196 Langmuir
14 0 0.9998986721038818 969 1160 1035 1194 wave
14 0 0.999657392501831 1033 1162 1116 1196 energy
14 0 0.9312306642532349 1116 1160 1203 1194 density
14 0 0.9997578263282776 1203 1162 1261 1190 after
14 0 0.9690909385681152 1256 1158 1308 1192 277
14 0 0.5347356796264648 1306 1162 1405 1187 seconds.
14 0 0.9999368190765381 1408 1158 1481 1192 When
14 0 0.9565887451171875 1479 1160 1571 1194 An/n=
14 1 0.9996046423912048 156 1228 271 1263 Langmuir
14 1 0.9991851449012756 271 1233 345 1258 waves
14 1 0.9994657635688782 345 1235 384 1256 are
14 1 0.9993559718132019 386 1228 466 1256 treated
14 1 0.999782383441925 465 1226 494 1258 in
14 1 0.9998583793640137 492 1228 534 1258 the
14 1 0.9980316758155823 534 1228 602 1256 WKB
14 1 0.8813326358795166 605 1228 770 1263 approximation
14 1 0.6758942008018494 770 1226 830 1260 such
14 1 0.9996042847633362 854 1226 920 1251 wave
14 1 0.998712420463562 920 1226 1001 1254 energy
14 1 0.5599886178970337 1006 1224 1088 1251 density
14 1 0.9998249411582947 1091 1219 1119 1254 is
14 1 0.9132964015007019 1119 1222 1240 1256 dependent
14 1 0.9996311664581299 1240 1224 1305 1258 upon
14 1 0.9999845027923584 1306 1222 1345 1251 the
14 1 0.9894405007362366 1348 1222 1442 1249 electron
14 1 0.9983587861061096 1447 1222 1510 1249 beam
14 1 0.9997820258140564 1511 1219 1568 1254 den-
14 2 0.9991635084152222 113 1256 164 1290 that
14 2 0.9989604949951172 163 1258 293 1292 wavelength
14 2 0.9996055960655212 292 1258 321 1290 is
14 2 0.9098091721534729 319 1260 407 1288 smaller
14 2 0.9998788833618164 407 1260 460 1288 than
14 2 0.999975323677063 460 1260 500 1288 the
14 2 0.995736837387085 500 1258 654 1290 characteristic
14 2 0.9997921586036682 654 1260 704 1288 size
14 2 0.9990725517272949 702 1260 734 1290 of
14 2 0.9999901056289673 733 1260 773 1290 the
14 2 0.9998481273651123 773 1260 828 1288 den-
14 2 0.6143958568572998 854 1251 904 1288 sity
14 2 0.8254297375679016 907 1251 1011 1285 (Mel'nik
14 2 0.9967554211616516 1014 1251 1045 1283 et
14 2 0.5433980226516724 1043 1247 1156 1288 al.2000)
14 2 0.9934037327766418 1158 1249 1209 1285 and
14 2 0.6101377010345459 1209 1256 1243 1283 SO
14 2 0.998387336730957 1245 1254 1274 1283 is
14 2 0.6305561065673828 1274 1251 1424 1283 concentrated
14 2 0.9953382015228271 1427 1251 1458 1283 in
14 2 0.9999818801879883 1461 1254 1502 1283 the
14 2 0.9943925738334656 1507 1256 1570 1283 same
14 3 0.9986385703086853 111 1288 163 1324 sity
14 3 0.9752868413925171 166 1288 306 1322 fluctuations.
14 3 0.947839617729187 310 1285 356 1322 We
14 3 0.9737008213996887 360 1292 439 1320 ensure
14 3 0.999739944934845 439 1285 492 1322 that
14 3 0.9993070363998413 492 1285 537 1322 the
14 3 0.9742934107780457 537 1285 599 1320 level
14 3 0.9999479055404663 602 1288 636 1317 of
14 3 0.9976117610931396 636 1285 725 1327 density
14 3 0.9988059997558594 728 1290 828 1317 inhomo-
14 3 0.9999653100967407 854 1283 933 1317 region
14 3 0.9999792575836182 933 1281 969 1311 of
14 3 0.9960588216781616 970 1288 1036 1315 space
14 3 0.9993922710418701 1040 1285 1072 1313 as
14 3 0.9994737505912781 1072 1279 1117 1315 the
14 3 0.999921441078186 1117 1279 1175 1313 bulk
14 3 0.9944537281990051 1177 1281 1211 1311 of
14 3 0.9989504814147949 1209 1279 1255 1315 the
14 3 0.9907365441322327 1256 1283 1351 1311 electron
14 3 0.991179883480072 1356 1283 1427 1311 beam.
14 3 0.9998855590820312 1432 1283 1487 1311 This
14 3 0.9999507665634155 1492 1281 1568 1317 region
15 0 0.9498948454856873 114 1199 200 1226 dicular.
16 0 0.9756303429603577 113 1317 203 1359 geneity
16 0 0.6769683957099915 205 1317 281 1354 (Coste
16 0 0.999911904335022 279 1320 310 1352 et
16 0 0.5016420483589172 306 1320 578 1354 al975Kontar2001b)
16 0 0.9976850748062134 581 1322 673 1349 satisfies
17 0 0.9934820532798767 854 1404 941 1439 density
17 0 0.9916419982910156 941 1404 973 1434 of
17 0 0.9986283779144287 973 1407 1077 1432 electrons
17 0 0.997820258140564 1077 1404 1104 1436 is
17 0 0.9900158047676086 1106 1404 1195 1432 smaller.
18 0 0.9998736381530762 153 1473 206 1507 The
18 0 0.9938362240791321 209 1475 345 1509 background
18 0 0.9310401082038879 348 1473 484 1505 fluctuations
18 0 0.9983881711959839 486 1480 529 1507 are
18 0 0.7920804023742676 531 1473 597 1507 static
18 0 0.9998167157173157 599 1473 628 1505 in
18 0 0.9932137727737427 629 1473 688 1507 time
18 0 0.9984214305877686 691 1477 785 1502 because
18 0 0.9999854564666748 788 1475 828 1505 the
18 0 0.9977554678916931 856 1468 972 1496 behaviour
18 0 0.9994969367980957 977 1471 1033 1498 seen
18 0 0.9805312752723694 1040 1468 1098 1496 from
18 0 0.9987346529960632 1106 1468 1182 1496 in-situ
18 0 0.6793878674507141 1187 1466 1340 1498 observations.
18 0 0.9999874830245972 1347 1468 1382 1498 At
18 0 0.989144504070282 1385 1466 1452 1500 An/n
18 0 0.9825893640518188 1460 1471 1489 1498 =
18 0 0.94617760181427 1498 1461 1565 1498 10-2.5
18 1 0.9914869070053101 116 1507 251 1541 propagating
18 1 0.9895959496498108 258 1507 352 1534 electron
18 1 0.9996283054351807 360 1507 424 1534 beam
18 1 0.9997085928916931 428 1505 457 1537 is
18 1 0.7464373111724854 460 1505 570 1539 travelling
18 1 0.9993734955787659 578 1507 644 1534 much
18 1 0.999988317489624 650 1507 718 1534 faster
18 1 0.9999678134918213 722 1507 776 1534 than
18 1 0.9979947805404663 780 1507 830 1541 any
18 1 0.999790608882904 852 1496 902 1530 and
18 1 0.999896764755249 906 1498 986 1532 higher,
18 1 0.999485969543457 991 1498 1032 1528 the
18 1 0.9935441017150879 1035 1498 1120 1525 electric
18 1 0.9999256134033203 1127 1498 1180 1525 field
18 1 0.999396562576294 1182 1496 1211 1528 is
18 1 0.9999556541442871 1213 1498 1284 1525 above
18 1 0.999970555305481 1287 1498 1327 1528 the
18 1 0.9821328520774841 1332 1498 1421 1525 thermal
18 1 0.8968664407730103 1426 1498 1484 1525 level
18 1 0.9994097948074341 1489 1498 1568 1525 behind
18 2 0.9994532465934753 113 1532 200 1573 change
18 2 0.9998024106025696 201 1534 232 1566 in
18 2 0.9999936819076538 232 1532 277 1569 the
18 2 0.9990481734275818 279 1537 416 1569 background
18 2 0.956967830657959 419 1534 512 1569 density.
18 2 0.9998732805252075 516 1534 554 1564 To
18 2 0.998615026473999 555 1537 644 1571 capture
18 2 0.999954342842102 647 1534 689 1564 the
18 2 0.9898877739906311 694 1537 794 1564 statistics
18 2 0.999869704246521 797 1534 831 1564 of
18 2 0.9999375343322754 854 1528 896 1557 the
18 2 0.9998694658279419 899 1530 993 1557 electron
18 2 0.9890685677528381 998 1530 1070 1557 beam.
18 2 0.9998199343681335 1072 1525 1127 1560 The
18 2 0.9993950128555298 1129 1528 1214 1562 density
18 2 0.955349862575531 1221 1530 1353 1555 fluctuations
18 2 0.9977896213531494 1358 1530 1416 1557 have
18 2 0.9987744688987732 1421 1530 1524 1555 refracted
18 2 0.9999921321868896 1528 1528 1570 1557 the
18 3 0.9997541308403015 111 1564 176 1598 what
18 3 0.9984791874885559 176 1569 200 1598 a
18 3 0.9678524136543274 201 1566 321 1601 spacecraft
18 3 0.9960709810256958 326 1566 398 1594 would
18 3 0.9917908906936646 405 1569 497 1596 observe
18 3 0.9999428987503052 500 1571 558 1596 over
18 3 0.9999418258666992 560 1566 600 1596 the
18 3 0.9965654015541077 604 1571 684 1596 course
18 3 0.9999903440475464 686 1564 722 1598 of
18 3 0.9989400506019592 720 1569 755 1598 an
18 3 0.9984831213951111 759 1566 827 1594 entire
18 3 0.8342685699462891 854 1560 972 1594 Langmuir
18 3 0.8496124744415283 972 1562 1046 1587 waves
18 3 0.9985010623931885 1046 1560 1090 1587 out
18 3 0.9999988079071045 1088 1557 1124 1592 of
18 3 0.9968705773353577 1119 1557 1190 1594 phase
18 3 0.9998144507408142 1190 1557 1259 1594 speed
18 3 0.9997404217720032 1259 1560 1329 1594 range
18 3 0.9997541308403015 1329 1560 1403 1587 where
18 3 0.9867299795150757 1403 1557 1458 1594 they
18 3 0.9986991882324219 1458 1562 1503 1587 can
18 3 0.9978906512260437 1502 1560 1568 1587 inter-
18 4 0.9998539686203003 114 1598 208 1624 electron
18 4 0.9998592138290405 209 1594 277 1628 beam
18 4 0.9971818923950195 277 1598 353 1626 transit
18 4 0.9985684156417847 353 1598 394 1626 we
18 4 0.9994733929634094 392 1594 450 1628 look
18 4 0.9993630051612854 449 1596 478 1628 at
18 4 0.9999864101409912 476 1596 516 1626 the
18 4 0.9933679699897766 518 1596 634 1630 Langmuir
18 4 0.9974486231803894 634 1601 699 1626 wave
18 4 0.9921138286590576 697 1598 780 1633 energy
18 4 0.9998657703399658 778 1594 828 1628 dis-
18 4 0.9426113963127136 854 1592 896 1619 act
18 4 0.9993294477462769 891 1587 951 1621 with
18 4 0.9999898672103882 949 1589 990 1619 the
18 4 0.9995754361152649 990 1592 1083 1617 electron
18 4 0.9653070569038391 1083 1587 1158 1621 beam.
18 4 0.9958083629608154 1159 1589 1314 1624 Consequently
18 4 0.9988150596618652 1316 1587 1381 1621 these
18 4 0.9996389150619507 1381 1589 1495 1624 Langmuir
18 4 0.9999055862426758 1495 1592 1570 1619 waves
19 0 0.9954099059104919 114 1628 213 1656 tribution
19 0 0.9998884201049805 214 1630 247 1658 as
19 0 0.9985973238945007 243 1628 268 1660 a
19 0 0.9998469352722168 268 1628 363 1656 function
19 0 0.9985536932945251 363 1626 395 1658 of
19 0 0.9965860843658447 395 1628 491 1656 distance
19 0 0.9997879862785339 491 1628 520 1658 at
19 0 0.9998601675033569 518 1630 565 1658 one
19 0 0.9999790191650391 565 1628 629 1662 point
19 0 0.9997895359992981 628 1626 659 1658 in
19 0 0.7583589553833008 659 1628 720 1656 time.
20 0 0.9953989386558533 854 1624 935 1649 cannot
20 0 0.9999985694885254 938 1619 972 1649 be
20 0 0.9996644258499146 977 1621 1111 1646 re-absorbed
20 0 0.9996426105499268 1114 1621 1148 1651 as
20 0 0.999881386756897 1148 1619 1190 1649 the
20 0 0.9998230338096619 1192 1617 1253 1651 back
20 0 0.9961047172546387 1255 1619 1287 1649 of
20 0 0.9999756813049316 1288 1619 1329 1649 the
20 0 0.9997538924217224 1332 1621 1426 1646 electron
20 0 0.962831974029541 1431 1621 1497 1649 beam
20 0 0.9895864129066467 1500 1617 1570 1651 cloud
20 1 0.9994751811027527 854 1653 933 1688 passes
20 1 0.999639630317688 933 1651 994 1678 them
20 1 0.9999245405197144 991 1649 1022 1681 in
20 1 0.9952988028526306 1020 1651 1090 1685 space
20 1 0.7416089177131653 1091 1651 1267 1683 (Kontar/200la).
20 1 0.9997722506523132 1269 1651 1334 1685 They
20 1 0.9976797699928284 1332 1653 1374 1681 are
20 1 0.9990155696868896 1372 1646 1418 1683 left
20 1 0.9994301199913025 1418 1651 1503 1678 behind,
20 1 0.9978690147399902 1505 1653 1570 1681 caus-
20 2 0.9995612502098083 854 1683 898 1713 ing
20 2 0.9995531439781189 896 1683 930 1713 an
20 2 0.987272322177887 930 1685 1011 1713 energy
20 2 0.9701452255249023 1011 1678 1062 1713 loss
20 2 0.9978049397468567 1061 1681 1091 1710 to
20 2 0.9998083710670471 1088 1676 1132 1713 the
20 2 0.9987887740135193 1132 1681 1267 1715 propagating
20 2 0.9997532963752747 1269 1683 1363 1708 electron
20 2 0.9997574687004089 1366 1681 1431 1708 beam
20 2 0.9836574196815491 1431 1674 1574 1717 (see/Reid&
20 3 0.6092491745948792 852 1710 1006 1745 Kontar/2013
20 3 0.9999532699584961 1006 1708 1049 1745 for
20 3 0.9920845031738281 1046 1710 1141 1745 analysis
20 3 0.9949626922607422 1141 1713 1177 1742 on
20 3 0.9994897842407227 1177 1713 1242 1740 beam
20 3 0.9997485280036926 1243 1715 1324 1749 energy
20 3 0.9677289128303528 1326 1710 1392 1745 loss).
20 4 0.9947317838668823 854 1740 907 1774 4.2.
20 4 0.989547848701477 912 1745 1001 1772 Electric
20 4 0.9993126392364502 1004 1745 1059 1772 field
20 4 0.568106472492218 1057 1742 1193 1774 distribution
20 4 0.9865111112594604 1193 1747 1251 1772 over
20 4 0.9999240636825562 1250 1745 1293 1772 the
20 4 0.999546229839325 1295 1745 1366 1772 entire
20 4 0.9938014149665833 1368 1745 1439 1772 beam
20 5 0.9992863535881042 893 1790 935 1827 To
20 5 0.9984580278396606 931 1793 1020 1827 analyse
20 5 0.9999915361404419 1020 1793 1061 1822 the
20 5 0.9989475607872009 1061 1795 1192 1820 distribution
20 5 0.9999284744262695 1192 1793 1225 1822 of
20 5 0.9999675750732422 1222 1793 1263 1822 the
20 5 0.9858490228652954 1264 1795 1350 1820 electric
20 5 0.7481381297111511 1350 1790 1408 1825 field
20 5 0.9990249872207642 1405 1797 1463 1822 over
20 5 0.9997677206993103 1460 1793 1500 1822 the
20 5 0.9998481273651123 1500 1795 1568 1822 entire
20 6 0.9927722811698914 856 1825 920 1852 beam
20 6 0.9734512567520142 920 1827 961 1854 we
20 6 0.9994151592254639 957 1822 1017 1857 have
20 6 0.9964798092842102 1015 1825 1099 1859 plotted
20 6 0.9636631608009338 1098 1822 1167 1859 P(log
20 6 0.9994261264801025 1166 1822 1208 1859 E),
20 6 0.9999408721923828 1204 1825 1245 1854 the
20 6 0.9953482747077942 1245 1825 1371 1859 probability
20 6 0.9993783235549927 1371 1822 1505 1854 distribution
20 6 0.9966675639152527 1503 1822 1568 1857 func-
20 7 0.6168345212936401 851 1882 896 1920 2p
20 7 0.9992640614509583 885 1886 920 1916 at
20 7 0.9319202899932861 917 1889 936 1914 t
20 7 0.9859064817428589 933 1889 962 1916 =
20 7 0.9998466968536377 962 1882 1014 1918 277
20 7 0.8174670338630676 1014 1886 1112 1914 seconds.
20 7 0.9998828172683716 1114 1882 1161 1918 We
20 7 0.9995267391204834 1161 1886 1217 1914 have
20 7 0.8693264126777649 1219 1884 1277 1920 only
20 7 0.9971485733985901 1276 1884 1405 1916 considered
20 7 0.9995001554489136 1405 1889 1469 1916 areas
20 7 0.9999998807907104 1469 1884 1502 1916 of
21 0 0.9997337460517883 113 1820 145 1852 4.
21 0 0.9993436932563782 150 1822 266 1850 Electron
21 0 0.9999160766601562 271 1822 365 1850 beams
21 0 0.9915263056755066 369 1825 436 1852 near
21 0 0.9990646243095398 436 1818 489 1854 the
21 0 0.9053739309310913 489 1818 568 1852 Earth
22 0 0.9925530552864075 153 1866 201 1902 We
22 0 0.9985800981521606 206 1870 295 1905 explore
22 0 0.9545141458511353 303 1870 345 1900 the
22 0 0.9992928504943848 353 1873 461 1898 evolution
22 0 0.9999901056289673 470 1870 503 1900 of
22 0 0.9998905658721924 508 1870 550 1900 the
22 0 0.9965863227844238 558 1870 646 1898 electric
22 0 0.9978055357933044 654 1868 712 1902 field
22 0 0.9994978904724121 718 1868 781 1902 from
22 0 0.9999896287918091 788 1870 828 1900 the
22 0 0.9998791217803955 852 1852 906 1886 tion
22 0 0.9640596508979797 906 1857 982 1884 (PDF)
22 0 0.9997993111610413 978 1852 1049 1886 ofthe
22 0 0.9998056292533875 1048 1852 1106 1886 base
22 0 0.9659245014190674 1104 1852 1143 1889 101
22 0 0.7150050401687622 1130 1854 1250 1889 logarithm
22 0 0.9999991655349731 1251 1854 1282 1884 of
22 0 0.9999750852584839 1279 1854 1321 1884 the
22 0 0.9948813915252686 1321 1854 1408 1882 electric
22 0 0.9365270733833313 1406 1852 1465 1886 field
22 0 0.9992484450340271 1463 1854 1492 1886 in
22 0 0.9996638298034668 1490 1854 1570 1889 Figure
22 1 0.9685801267623901 114 1994 197 2021 similar
22 1 0.9999134540557861 195 1994 226 2023 to
22 1 0.8910003304481506 224 1994 308 2028 plasma
22 1 0.9996516704559326 308 1994 436 2028 parameters
22 1 0.9946693778038025 436 1994 518 2021 around
22 1 0.9982360601425171 521 1994 539 2021 1
22 1 0.9998047947883606 534 1991 589 2026 AU,
22 1 0.9998939037322998 587 1991 644 2026 near
22 1 0.9999910593032837 641 1991 680 2021 the
22 1 0.9872797727584839 680 1989 752 2023 Earth.
22 1 0.5375045537948608 752 1991 794 2021 To
22 1 0.8388575315475464 785 1994 828 2021 ex-
22 1 0.9897698163986206 856 1975 991 2010 background
22 1 0.9979477524757385 994 1978 1054 2005 from
22 1 0.99998939037323 1057 1975 1098 2005 the
22 1 0.9701685309410095 1099 1975 1162 2010 PDF,
22 1 0.9933677315711975 1164 1978 1327 2012 corresponding
22 1 0.9981523156166077 1330 1978 1361 2007 to
22 1 0.9948157668113708 1361 1975 1389 2007 E
22 1 0.9936006665229797 1389 1978 1421 2007 >
22 1 0.39168283343315125 1423 1975 1516 2010 1.78Eth-
22 1 0.9999693632125854 1518 1973 1571 2007 The
22 2 0.9999336004257202 113 2021 177 2058 plore
22 2 0.9856871962547302 177 2023 230 2051 how
22 2 0.9995342493057251 230 2023 271 2053 the
22 2 0.9991102814674377 269 2023 371 2058 intensity
22 2 0.9999996423721313 371 2021 403 2053 of
22 2 0.997895359992981 400 2023 487 2058 density
22 2 0.9977911710739136 487 2021 621 2053 fluctuations
22 2 0.9100244641304016 623 2023 739 2051 influences
22 2 0.9999971389770508 739 2021 781 2051 the
22 2 0.996461808681488 778 2019 830 2055 dis-
22 2 0.9644305109977722 854 2012 915 2046 PDF
22 2 0.9993438124656677 912 2012 967 2046 thus
22 2 0.999964714050293 965 2014 1036 2051 obeys
22 2 0.9999896287918091 1036 2014 1077 2044 the
22 2 0.997787356376648 1078 2016 1187 2044 condition
22 2 0.31006237864494324 1193 2026 1264 2060 1.78Eh
22 2 0.9985880255699158 1266 2014 1334 2051 P(log
22 2 0.988342821598053 1330 2012 1424 2053 E)dlog
22 2 0.9998282194137573 1419 2012 1447 2046 E
22 2 0.9707818031311035 1444 2016 1474 2046 =
22 2 0.9986181259155273 1471 2014 1498 2046 1.
22 3 0.9969403743743896 113 2083 148 2117 to
22 3 0.999994158744812 143 2083 185 2112 the
22 3 0.9976180195808411 187 2083 324 2117 background
22 3 0.6603406667709351 326 2080 413 2122 plasma
22 3 0.9997343420982361 413 2080 471 2115 with
22 3 0.9975893497467041 473 2085 562 2119 varying
22 3 0.9996156692504883 563 2080 636 2115 levels
22 3 0.9999998807907104 638 2083 670 2115 of
22 3 0.9994229078292847 670 2087 773 2115 intensity.
22 3 0.9999666213989258 776 2080 830 2115 The
22 3 0.99937903881073 854 2083 901 2115 We
22 3 0.9999417066574097 902 2085 961 2112 have
22 3 0.9993993043899536 967 2083 1108 2117 over-plotted
22 3 0.9999876022338867 1112 2083 1154 2112 the
22 3 0.9820945858955383 1161 2083 1274 2117 analytical
22 3 0.9999521970748901 1279 2080 1340 2115 PDF
22 3 0.9999996423721313 1343 2083 1377 2112 of
22 3 0.9995077848434448 1377 2085 1402 2115 a
22 3 0.9998855590820312 1405 2085 1511 2112 Gaussian
22 3 0.999700665473938 1516 2083 1571 2117 (see
23 0 0.9872236251831055 310 1902 402 1930 induced
24 0 0.9994363188743591 114 1902 230 1936 Langmuir
24 0 0.9998424053192139 232 1905 306 1932 waves
25 0 0.9992250204086304 403 1898 442 1939 by
25 0 0.9995036125183105 440 1905 465 1934 a
25 0 0.9968583583831787 465 1902 602 1936 propagating
25 0 0.98848557472229 605 1902 699 1930 electron
25 0 0.993277370929718 704 1902 775 1930 beam.
25 0 0.9999738931655884 776 1898 830 1932 The
25 0 0.9998714923858643 856 1916 928 1943 where
25 0 0.9983927607536316 931 1916 1048 1950 Langmuir
25 0 0.9998643398284912 1049 1918 1124 1946 waves
25 0 0.9997716546058655 1125 1918 1187 1946 were
25 0 0.9999253749847412 1187 1911 1242 1946 half
25 0 0.9977282881736755 1238 1918 1274 1946 an
25 0 0.9976033568382263 1274 1916 1340 1943 order
25 0 0.9999948740005493 1340 1916 1372 1946 of
26 0 0.9992188215255737 1498 1916 1570 1943 above
26 0 0.9870511293411255 1500 1886 1571 1920 space
27 0 0.9975994229316711 114 1932 179 1959 beam
27 0 0.9979279041290283 180 1932 209 1964 is
27 0 0.8645042181015015 209 1932 303 1966 injected
27 0 0.9930639863014221 303 1930 356 1964 into
27 0 0.9949275255203247 356 1932 442 1966 plasma
27 0 0.9998846054077148 444 1932 499 1959 with
27 0 0.9997835755348206 499 1934 523 1964 a
27 0 0.9985145926475525 521 1934 620 1959 constant
27 0 0.9345934391021729 621 1934 689 1962 mean
27 0 0.9839493632316589 692 1932 827 1964 background
27 0 0.9999490976333618 852 1943 896 1980 the
27 0 0.940858006477356 896 1946 1032 1980 background
27 0 0.9995624423027039 1030 1946 1098 1980 level,
27 0 0.999997615814209 1098 1948 1129 1978 or
28 0 0.9998457431793213 1372 1916 1495 1950 magnitude
29 0 0.9980721473693848 114 1962 208 1989 electron
29 0 0.9994428753852844 211 1962 298 1996 density
29 0 0.6086131930351257 298 1962 331 1991 of
29 0 0.9751418232917786 329 1964 361 1996 no
29 0 0.9947798252105713 363 1964 392 1994 =
29 0 0.9892945289611816 389 1959 413 1994 5
29 0 0.9405484795570374 413 1962 457 1991 cm
29 0 0.5496723055839539 452 1957 478 1989 3
29 0 0.804321825504303 479 1962 573 1996 (plasma
29 0 0.9976469874382019 576 1962 691 1996 frequency
29 0 0.9999903440475464 692 1962 726 1991 of
29 0 0.9982990622520447 722 1957 762 1994 20
29 0 0.6847401261329651 759 1959 828 1994 kHz),
29 1 0.998788058757782 114 2055 213 2083 tribution
29 1 0.9999983310699463 214 2053 248 2083 of
29 1 0.9999915361404419 243 2053 285 2083 the
29 1 0.9876024127006531 287 2055 377 2083 induced
29 1 0.9434704184532166 379 2051 466 2085 electric
29 1 0.9993845224380493 465 2051 523 2085 field
29 1 0.9978692531585693 521 2055 562 2083 we
29 1 0.9996316432952881 557 2051 608 2085 add
29 1 0.9994338154792786 605 2053 692 2087 density
29 1 0.9905609488487244 694 2055 827 2080 fluctuations
30 0 0.5811591148376465 1124 1948 1277 1980 loglUw/Uw(
30 0 0.9916141033172607 1276 1950 1305 1980 =
30 0 0.9330258965492249 1301 1946 1343 1982 0)]
30 0 0.9165199995040894 1342 1948 1368 1978 >
30 0 0.9982191920280457 1366 1946 1419 1980 0.5,
30 0 0.9979996085166931 1414 1948 1445 1978 to
30 0 0.9988980293273926 1444 1946 1570 1980 neglectthe
31 0 0.3366621434688568 1195 2003 1253 2037 fEmar
32 0 0.9999932050704956 894 2051 948 2085 The
32 0 0.9999055862426758 944 2053 991 2090 top
32 0 0.520535409450531 990 2053 1057 2087 panel
32 0 0.9991146922111511 1054 2048 1088 2087 in
32 0 0.680814802646637 1087 2048 1203 2092 Figure2p
32 0 0.9999502897262573 1203 2055 1276 2083 shows
32 0 0.9946668148040771 1279 2053 1347 2090 P(log
32 0 0.999765932559967 1345 2051 1382 2090 E)
32 0 0.9998904466629028 1381 2055 1447 2083 when
32 0 0.9744781255722046 1448 2053 1515 2087 An/n
32 0 0.9976067543029785 1515 2058 1540 2083 =
32 0 0.9499014019966125 1540 2053 1570 2085 0.
33 0 0.9985747337341309 111 2165 135 2197 4
