block line confidence X1 Y1 X2 Y2 token
0 0 0.9975842237472534 295 257 390 290 Finally,
0 0 0.999510645866394 393 253 443 287 the
0 0 0.7858980894088745 444 257 529 283 model
0 0 0.9913047552108765 532 255 644 294 requires
0 0 0.9638674855232239 645 262 718 285 some
0 0 0.9762625098228455 723 257 790 283 form
0 0 0.9993698000907898 793 255 830 287 of
0 0 0.9978746175765991 876 257 984 283 calibrate
0 0 0.9996296167373657 986 253 1034 287 the
0 0 0.9989375472068787 1034 257 1117 283 model
0 0 0.9990218877792358 1118 255 1158 290 to.
1 0 0.9926199316978455 252 290 408 320 initialization
1 0 0.9999595880508423 411 292 441 322 to
1 0 0.9942284822463989 441 290 549 328 produce
1 0 0.9998645782470703 547 296 567 320 a
1 0 0.9257214069366455 567 290 649 322 viable
1 0 0.999671220779419 647 290 722 322 order
1 0 0.9993547797203064 720 290 786 322 book
1 0 0.7951117753982544 786 292 831 320 be-
2 0 0.9998189806938171 914 292 972 324 The
2 0 0.9983616471290588 984 294 1128 324 transaction
2 0 0.9997814297676086 1143 292 1241 324 dataset
2 0 0.9973203539848328 1251 292 1324 324 often
2 0 0.998722493648529 1338 296 1449 328 presents
3 0 0.9984536170959473 250 324 308 356 fore
3 0 0.8539096713066101 308 328 385 354 actual
3 0 0.8625399470329285 388 324 484 363 trading
3 0 0.9983079433441162 484 330 532 356 can
3 0 0.854267418384552 534 326 612 360 begin.
3 0 0.9999876022338867 617 324 677 356 This
3 0 0.9995535016059875 677 326 705 356 is
3 0 0.9999978542327881 705 324 773 356 done
3 0 0.9981600642204285 773 326 810 358 in
3 0 0.838871955871582 803 328 826 358 a
3 0 0.9981461763381958 874 330 959 356 events
3 0 0.798042356967926 964 330 1089 363 occurring
3 0 0.9989935755729675 1092 326 1191 358 outside
3 0 0.9999994039535522 1193 324 1230 360 of
3 0 0.9999058246612549 1230 326 1346 358 standard
3 0 0.9321585893630981 1349 326 1449 365 trading
3 1 0.9998903274536133 252 363 327 388 series
3 1 0.9803670644760132 328 360 361 391 of
3 1 0.9998488426208496 361 360 395 391 10
3 1 0.956027090549469 395 363 473 388 initial
3 1 0.9915488958358765 474 358 559 391 Monte
3 1 0.9993723034858704 561 358 635 391 Carlo
3 1 0.9981348514556885 635 363 710 397 steps,
3 1 0.9998754262924194 712 360 743 391 in
3 1 0.9990955591201782 745 358 826 391 which
3 1 0.9992653727531433 873 360 962 399 hours,
3 1 0.9993038177490234 967 363 1027 395 9:00
3 1 0.9999738931655884 1034 363 1065 393 to
3 1 0.7240297198295593 1074 363 1150 397 17:00,
3 1 0.9999854564666748 1158 360 1210 395 but
3 1 0.9998644590377808 1215 367 1260 393 we
3 1 0.9998726844787598 1268 365 1377 391 consider
3 1 0.9999650716781616 1387 363 1449 397 only
3 2 0.5164045691490173 252 395 366 433 liquidity
3 2 0.9995831847190857 368 395 496 433 providers
3 2 0.9905920624732971 496 393 572 433 place
3 2 0.9741487503051758 572 397 637 423 limit
3 2 0.9980296492576599 639 395 727 427 orders
3 2 0.9975045323371887 728 397 823 423 around
3 2 0.9944974780082703 873 397 966 436 quotes
3 2 0.9998162388801575 964 397 1030 429 with
3 2 0.9998471736907959 1030 399 1055 431 a
3 2 0.8929880857467651 1057 399 1191 431 timestamp
3 2 0.9960220456123352 1195 397 1324 436 occurring
3 2 0.999370276927948 1323 395 1359 431 in
3 2 0.9999637603759766 1358 395 1406 431 the
3 2 0.995537281036377 1404 401 1455 436 pe-
3 3 0.9963470101356506 252 433 290 461 an
3 3 0.9998145699501038 290 429 371 461 initial
3 3 0.9990284442901611 373 431 449 466 price,
3 3 0.938495934009552 451 436 484 466 Pa
3 3 0.9978770017623901 488 433 517 464 =
3 3 0.9981498718261719 519 431 556 470 Pb
3 3 0.988095760345459 556 433 587 464 =
3 3 0.9253090023994446 587 431 632 468 Por
3 3 0.9995157718658447 632 429 698 461 with
3 3 0.9860709309577942 697 433 738 461 no
3 3 0.9985461235046387 740 427 831 466 liquid-
3 3 0.999915599822998 874 431 933 464 riod
3 3 0.9989272952079773 934 431 1001 464 from
3 3 0.9998370409011841 1001 431 1060 464 9:10
3 3 0.9999914169311523 1059 433 1092 464 to
3 3 0.9830933809280396 1092 431 1162 464 16:50
3 3 0.9940536618232727 1163 436 1201 464 on
3 3 0.9377506375312805 1201 436 1258 468 any
3 3 0.9987024068832397 1256 431 1386 470 particular
3 3 0.9982258677482605 1386 431 1452 464 trad-
3 4 0.9361086487770081 250 464 293 502 ity
3 4 0.9997701048851013 293 464 365 496 taker
3 4 0.8870736956596375 363 464 463 502 activity
3 4 0.9993360638618469 464 464 569 502 present.
3 4 0.9334839582443237 571 464 634 496 This
3 4 0.9709571003913879 635 466 791 498 corresponds
3 4 0.9999827146530151 795 466 828 496 to
3 4 0.9970628619194031 873 468 923 504 ing
3 4 0.9998254179954529 924 464 984 507 day.
3 4 0.9999444484710693 994 466 1057 498 This
3 4 0.9997360110282898 1060 468 1089 498 is
3 4 0.9603205323219299 1090 470 1115 500 a
3 4 0.9267535209655762 1117 466 1196 498 result
3 4 0.999320387840271 1196 464 1235 500 of
3 4 0.9999923706054688 1235 466 1283 500 the
3 4 0.9977098703384399 1284 466 1339 500 fact
3 4 0.9999507665634155 1343 466 1401 498 that
3 4 0.9999639987945557 1402 466 1450 500 the
3 5 0.9999955892562866 250 498 297 532 the
3 5 0.9917329549789429 300 502 428 534 placement
3 5 0.9998809099197388 428 496 464 532 of
3 5 0.9978886246681213 463 502 642 534 approximately
3 5 0.5015061497688293 649 498 758 537 10ANAJ
3 5 0.9971463084220886 762 498 828 530 limit
3 5 0.9987389445304871 874 504 982 537 opening
3 5 0.9685521721839905 989 504 1087 530 auction
3 5 0.8295067548751831 1092 500 1220 539 occurring
3 5 0.9974955916404724 1225 500 1291 532 from
3 5 0.9997075200080872 1294 500 1354 532 8:30
3 5 0.999982476234436 1356 502 1389 532 to
3 5 0.9990353584289551 1391 500 1450 532 9:00
3 6 0.544052004814148 249 569 322 612 C.
3 6 0.9992362260818481 318 575 463 614 Liquidity
3 6 0.6271734237670898 473 571 566 610 Taker
3 6 0.9997926354408264 574 575 674 614 Agent
3 6 0.9809080362319946 682 575 830 614 Specifica-
3 6 0.9999821186065674 874 571 933 603 first
3 6 0.9945334196090698 933 571 966 601 10
3 6 0.9949729442596436 967 573 1072 599 minutes
3 6 0.996654748916626 1074 571 1107 601 of
3 6 0.9983469247817993 1107 571 1250 601 continuous
3 6 0.9995418787002563 1251 571 1349 610 trading
3 6 0.9997976422309875 1348 571 1402 603 and
3 6 0.9999576807022095 1402 569 1450 603 the
4 0 0.9972680807113647 254 537 341 562 orders.
4 1 0.9999449253082275 252 614 317 648 tion
5 0 0.9999487400054932 876 539 947 565 tends
5 0 0.9999301433563232 952 539 986 567 to
5 0 0.9966356158256531 991 539 1099 571 produce
5 0 0.9353469610214233 1104 543 1235 567 erroneous
5 0 0.9999634027481079 1240 534 1303 569 data
5 0 0.9995549321174622 1304 534 1401 575 during
5 0 0.9998811483383179 1402 534 1450 569 the
5 1 0.9989070892333984 874 605 928 638 fact
5 1 0.999947190284729 928 605 986 638 that
5 1 0.9992725253105164 987 608 1032 635 the
5 1 0.999950647354126 1035 608 1122 644 period
5 1 0.9980291724205017 1125 605 1191 638 from
5 1 0.99820876121521 1195 605 1265 638 16:50
5 1 0.9998031258583069 1266 608 1298 638 to
5 1 0.9975520968437195 1299 605 1369 638 17:00
5 1 0.9766907095909119 1371 612 1454 644 repre-
5 2 0.9961372017860413 914 676 957 711 In
5 2 0.9953175783157349 949 676 992 711 all
5 2 0.987091064453125 994 678 1133 708 calibration
5 2 0.9665344953536987 1138 681 1303 713 experiments,
5 2 0.8398342728614807 1308 683 1353 708 we
5 2 0.9983522891998291 1356 681 1450 706 investi-
6 0 0.9997383952140808 874 644 942 670 sents
6 0 0.9995500445365906 942 644 967 674 a
6 0 0.9885157346725464 966 640 1060 678 closing
6 0 0.8740299344062805 1062 644 1163 670 auction.
7 0 0.9996545314788818 293 674 360 706 Each
7 0 0.5783556699752808 361 674 499 706 simulation
7 0 0.9996784925460815 503 678 609 704 contains
7 0 0.9977788329124451 614 674 659 711 NA
7 0 0.6444991827011108 660 674 775 713 liquidity
7 0 0.9967349171638489 775 674 831 706 tak-
8 0 0.9974911212921143 250 713 305 747 ers,
8 0 0.9998918771743774 303 711 366 743 who
8 0 0.9945312142372131 368 713 461 739 submit
8 0 0.9998711347579956 466 713 557 739 market
8 0 0.9959452748298645 562 713 645 739 orders
8 0 0.9994990825653076 649 713 682 741 to
8 0 0.9997925162315369 682 708 730 743 the
8 0 0.7169737815856934 730 708 796 741 LOB
8 0 0.9999576807022095 795 713 828 741 at
8 0 0.9983969330787659 873 715 933 749 gate
8 0 0.9998989105224609 931 715 956 747 a
8 0 0.9994168281555176 956 717 1077 743 one-week
8 0 0.9993914365768433 1079 713 1173 751 period,
8 0 0.9089507460594177 1177 717 1358 749 corresponding
8 0 0.9998618364334106 1359 715 1392 745 to
8 0 0.9999581575393677 1389 715 1414 747 a
8 0 0.9992051720619202 1412 713 1455 747 to-
8 1 0.9994844198226929 249 749 278 779 a
8 1 0.9994934797286987 272 745 350 786 given
8 1 0.992774486541748 351 745 488 784 frequency,
8 1 0.18999198079109192 486 747 521 784 H.
8 1 0.9898175597190857 519 745 582 777 This
8 1 0.9988415837287903 584 751 672 775 means
8 1 0.999993085861206 672 745 730 777 that
8 1 0.9806351661682129 730 747 773 775 for
8 1 0.9912450909614563 771 749 828 782 any
8 1 0.9999473094940186 873 745 914 782 tal
8 1 0.9983598589897156 911 745 947 782 of
8 1 0.999832034111023 944 747 1007 779 2300
8 1 0.9226944446563721 1007 749 1153 779 one-minute
8 1 0.9963984489440918 1155 749 1223 784 price
8 1 0.9994472861289978 1223 749 1289 784 bars,
8 1 0.9956990480422974 1291 751 1447 784 representing
8 2 0.999758780002594 252 782 323 816 given
8 2 0.999854326248169 325 779 411 812 Monte
8 2 0.9999269247055054 411 779 486 812 Carlo
8 2 0.999626874923706 486 782 549 816 step,
8 2 0.9675302505493164 552 784 733 816 approximately
8 2 0.4278140068054199 738 779 823 820 LVNAJ
8 2 0.9996867179870605 873 782 924 814 460
8 2 0.9958474040031433 926 784 1027 809 minutes
8 2 0.9999995231628418 1029 779 1064 816 of
8 2 0.9800282716751099 1062 782 1158 820 trading
8 2 0.9738474488258362 1158 782 1221 814 each
8 2 0.9997332692146301 1221 782 1275 818 day
8 2 0.999381422996521 1275 782 1341 814 from
8 2 0.9919717311859131 1341 782 1450 820 Monday
8 3 0.8693122863769531 249 880 283 919 1a
8 3 0.9962338805198669 270 883 327 917 and
8 3 0.9997512698173523 327 885 356 917 is
8 3 0.9999338388442993 355 887 378 919 a
8 3 0.9993985891342163 376 883 436 923 buy
8 3 0.9974390268325806 434 885 511 917 order
8 3 0.9994890689849854 511 883 576 915 with
8 3 0.9713004231452942 577 887 718 919 probability
8 3 0.37243375182151794 720 883 830 923 gtaker(t),
8 3 0.9988998174667358 876 891 947 917 listed
8 3 0.9997003078460693 954 895 994 921 on
8 3 0.9996629953384399 999 887 1049 921 the
8 3 0.9988594055175781 1054 891 1230 923 Johannesburg
8 3 0.9897470474243164 1238 891 1311 917 Stock
8 3 0.9970281720161438 1318 889 1450 928 Exchange,
8 4 0.9999163150787354 293 956 323 988 A
8 4 0.9795595407485962 325 956 376 990 sell
8 4 0.9996657371520996 381 960 473 986 market
8 4 0.9990471005439758 479 960 554 986 order
8 4 0.8291018009185791 556 956 650 994 simply
8 4 0.9970724582672119 655 962 766 986 executes
8 4 0.99979168176651 770 956 826 990 and
8 4 0.9995763897895813 874 962 939 996 ning
8 4 0.9999879598617554 939 962 971 990 at
8 4 0.9994547963142395 969 958 1029 990 9:10
8 4 0.5456743240356445 1029 964 1069 990 on
8 4 0.999962329864502 1069 958 1094 992 1
8 4 0.9995027780532837 1094 960 1231 990 November
8 4 0.999213457107544 1231 958 1298 990 2013
8 4 0.9997307658195496 1296 958 1353 990 and
8 4 0.9996618032455444 1354 958 1449 996 ending
8 5 0.9790701270103455 252 994 338 1020 results
8 5 0.9997367262840271 341 992 373 1022 in
8 5 0.9999939203262329 373 990 421 1024 the
8 5 0.811644971370697 421 994 524 1020 removal
8 5 0.9994151592254639 527 992 561 1022 of
8 5 0.9999332427978516 559 990 607 1024 the
8 5 0.9995161294937134 605 992 665 1024 best
8 5 0.999971866607666 664 990 712 1024 bid
8 5 0.9566405415534973 715 994 778 1020 from
8 5 0.9999902248382568 780 990 828 1024 the
8 5 0.999813973903656 874 996 906 1024 at
8 5 0.9955417513847351 906 996 972 1022 16:50
8 5 0.9953776597976685 974 999 1012 1026 on
8 5 0.9999468326568604 1011 992 1035 1026 5
8 5 0.8607109189033508 1034 994 1168 1024 November
8 5 0.9999551773071289 1170 996 1235 1022 2013.
8 5 0.9996349811553955 1238 992 1299 1026 This
8 5 0.9999656677246094 1303 996 1394 1022 dataset
8 5 0.9996370077133179 1396 999 1449 1024 was
8 6 0.9982319474220276 252 1024 317 1057 LOB
8 6 0.9981073141098022 315 1024 371 1059 and
8 6 0.9998880624771118 370 1026 393 1059 a
8 6 0.9681969881057739 393 1026 449 1065 buy
8 6 0.9995067119598389 451 1029 544 1054 market
8 6 0.991138756275177 547 1029 619 1054 order
8 6 0.9920778870582581 620 1026 713 1065 simply
8 6 0.9991220831871033 715 1031 825 1054 executes
8 6 0.9969835877418518 873 1029 933 1061 also
8 6 0.9984669089317322 931 1029 1070 1059 considered
8 6 0.9996540546417236 1074 1029 1104 1061 in
8 6 0.999144434928894 1102 1029 1170 1063 Platt
8 6 0.998907208442688 1170 1029 1223 1061 and
8 6 0.9356755018234253 1225 1026 1331 1065 Gebbie
8 6 0.9792991280555725 1321 1029 1402 1063 (2016).
8 7 0.9989867806434631 250 1061 305 1093 and
8 7 0.9993662238121033 305 1061 393 1093 results
8 7 0.9996461868286133 395 1061 425 1091 in
8 7 0.9999128580093384 425 1059 473 1093 the
8 7 0.5498816967010498 471 1061 576 1093 removal
8 7 0.9992349147796631 577 1061 610 1091 of
8 7 0.9999825954437256 609 1059 655 1093 the
8 7 0.999990701675415 654 1061 712 1093 best
8 7 0.9192736148834229 710 1061 762 1093 ask
8 7 0.97111976146698 760 1061 826 1093 from
8 7 0.9991812109947205 873 1067 916 1106 B.
8 7 0.9851935505867004 937 1069 1105 1102 Calibration
8 7 0.8037534356117249 1113 1069 1286 1102 Framework
9 0 0.999089241027832 252 814 348 846 market
9 0 0.9938382506370544 353 818 436 844 orders
9 0 0.908271074295044 441 820 488 846 are
9 0 0.8443974852561951 489 814 579 852 placed
9 0 0.9998810291290283 581 814 622 852 by
9 0 0.9910157918930054 622 814 738 852 liquidity
9 0 0.9998360872268677 743 818 828 844 takers.
9 0 0.999891996383667 874 818 906 848 to
9 0 0.9995636343955994 906 816 997 855 Friday.
9 1 0.9991278052330017 252 848 320 880 Each
9 1 0.9989909529685974 322 850 358 883 of
9 1 0.5090810060501099 356 848 405 883 the
9 1 0.9679450988769531 408 850 610 880 aforementioned
9 1 0.994383692741394 617 852 702 878 orders
9 1 0.9995064735412598 705 850 735 883 is
9 1 0.9999485015869141 735 850 771 883 of
9 1 0.9997460246086121 770 850 828 883 size
10 0 0.9982514977455139 916 852 1014 891 Finally,
10 0 0.9997393488883972 1017 859 1060 885 we
10 0 0.9997887015342712 1064 857 1175 883 consider
10 0 0.9996974468231201 1177 859 1201 887 a
10 0 0.9966539144515991 1201 852 1291 891 single,
10 0 0.9994087219238281 1293 852 1376 893 liquid
10 0 0.9973511695861816 1377 852 1449 885 stock
10 1 0.9996691942214966 874 925 957 960 Anglo
10 1 0.9977388381958008 964 925 1087 951 American
10 1 0.9973376393318176 1094 923 1162 958 PLC,
10 1 0.998815655708313 1163 930 1226 956 over
10 1 0.9999349117279053 1228 925 1273 953 the
10 1 0.9999411106109619 1275 923 1364 962 period
10 1 0.9997708201408386 1367 925 1450 960 begin-
11 0 0.999314546585083 250 917 315 951 with
11 0 0.46191224455833435 315 917 420 958 gtaker(0)
11 0 0.9660974740982056 420 921 451 949 =
11 0 0.7589078545570374 451 913 481 960 2
12 0 0.9999215602874756 252 1097 297 1125 the
12 0 0.9996054768562317 297 1095 366 1130 LOB,
12 0 0.9669314622879028 368 1095 438 1127 since
12 0 0.9997542500495911 436 1093 476 1127 all
12 0 0.9985203146934509 476 1095 561 1127 orders
12 0 0.8774680495262146 562 1102 609 1127 are
12 0 0.9992332458496094 605 1093 644 1130 of
12 0 0.9920833110809326 639 1095 697 1127 size
12 0 0.9998651742935181 695 1095 723 1127 1.
12 1 0.9490739107131958 295 1136 383 1162 Unlike
12 1 0.40884673595428467 390 1142 494 1175 9provider
12 1 0.5355666279792786 501 1134 602 1173 gtaker(t)
12 1 0.9996920824050903 607 1134 637 1166 is
12 1 0.9998824596405029 639 1134 692 1166 not
12 1 0.9995064735412598 695 1134 770 1168 fixed,
12 1 0.9999912977218628 775 1132 828 1166 but
13 0 0.999610960483551 916 1127 961 1162 As
13 0 0.9922003149986267 957 1127 1094 1166 previously
13 0 0.969254195690155 1097 1132 1223 1158 discussed,
13 0 0.9981708526611328 1228 1134 1271 1160 we
13 0 0.9953529834747314 1270 1127 1349 1168 apply
13 0 0.9999889135360718 1348 1125 1397 1162 the
13 0 0.9632993340492249 1394 1125 1454 1160 cali-
14 0 0.9999227523803711 252 1170 333 1196 rather
14 0 0.6344175934791565 338 1168 438 1200 evolves
14 0 0.9991995692253113 441 1173 504 1198 over
14 0 0.8098447322845459 509 1170 576 1196 time.
14 0 0.9999268054962158 591 1168 619 1198 It
14 0 0.9999209642410278 617 1166 652 1203 is
14 0 0.9977814555168152 654 1170 823 1203 implemented
14 0 0.9997302889823914 874 1162 967 1194 bration
14 0 0.9252071380615234 971 1164 1107 1194 framework
14 0 0.9608896374702454 1108 1162 1230 1194 described
14 0 0.9985816478729248 1233 1162 1271 1200 by
14 0 0.7571090459823608 1266 1160 1381 1200 Fabretti
14 0 0.8844443559646606 1374 1164 1449 1198 (2013)
14 1 0.9993428587913513 250 1207 287 1235 as
14 1 0.9942306280136108 283 1207 310 1237 a
14 1 0.6272210478782654 308 1207 503 1239 mean-reverting
14 1 0.9997395873069763 506 1203 609 1235 random
14 1 0.9912944436073303 610 1203 685 1237 walk,
14 1 0.9998958110809326 685 1203 750 1235 with
14 1 0.9919729232788086 752 1209 825 1235 mean
14 1 0.9998772144317627 874 1200 909 1228 to
14 1 0.9994472861289978 908 1205 947 1231 an
14 1 0.9992508292198181 951 1200 1059 1233 intraday
14 1 0.8393212556838989 1065 1200 1135 1226 ABM
14 1 0.9918312430381775 1140 1198 1331 1237 approximating
14 1 0.9998562335968018 1333 1203 1359 1231 a
14 1 0.9967412352561951 1358 1198 1452 1231 contin-
14 2 0.5507022142410278 252 1241 322 1276 gtaker
14 2 0.9859681129455566 307 1235 366 1278 (0),
14 2 0.9839699864387512 365 1239 499 1269 increment
14 2 0.4680868089199066 496 1235 549 1278 Asi
14 2 0.8920966982841492 546 1237 602 1269 and
14 2 0.9998292922973633 600 1241 627 1271 a
14 2 0.9959348440170288 627 1243 702 1269 mean
14 2 0.9930437803268433 707 1241 823 1267 reversion
14 2 0.998537540435791 874 1239 942 1265 uous
14 2 0.9992355108261108 944 1233 1039 1265 double
14 2 0.9977715611457825 1044 1235 1138 1261 auction
14 2 0.9997267127037048 1145 1235 1236 1261 market
14 2 0.9757378101348877 1241 1233 1348 1271 through
14 2 0.999980092048645 1351 1231 1399 1265 the
14 2 0.646797239780426 1399 1239 1450 1265 use
14 3 0.9999004602432251 250 1310 288 1349 3.
14 3 0.9957168698310852 313 1314 514 1344 CALIBRATION
14 3 0.602540135383606 519 1314 705 1344 EXPERIMENT
14 3 0.6151201128959656 710 1314 823 1347 DESIGN
14 3 0.9998400211334229 874 1304 954 1338 posed
14 3 0.9999266862869263 961 1306 994 1334 to
14 3 0.999929666519165 996 1306 1022 1336 a
14 3 0.9973094463348389 1025 1306 1108 1332 model
14 3 0.9939970970153809 1115 1304 1245 1342 operating
14 3 0.9983382225036621 1248 1306 1281 1334 at
14 3 0.9998867511749268 1281 1306 1308 1336 a
14 3 0.9996755123138428 1309 1304 1381 1338 daily
14 3 0.5855080485343933 1387 1306 1449 1332 time
15 0 0.9240581393241882 252 1274 393 1312 probability
15 0 0.9999986886978149 393 1269 429 1308 of
15 0 0.9916545152664185 428 1269 451 1312 2
15 0 0.37575504183769226 448 1271 486 1310 +I
15 0 0.5435143709182739 479 1271 587 1312 gtaker(t)
15 0 0.9997525811195374 591 1280 609 1299 -
15 0 0.5134329795837402 612 1267 655 1314 21.
16 0 0.999125063419342 873 1265 913 1301 of
16 0 0.9746431112289429 911 1271 1009 1297 realistic
16 0 0.9997715353965759 1014 1267 1089 1299 order
16 0 0.9921072125434875 1090 1267 1213 1306 matching
16 0 0.9771543145179749 1218 1271 1367 1304 procedures,
16 0 0.9994120597839355 1369 1274 1404 1299 as
16 0 0.9996205568313599 1402 1271 1454 1306 op-
16 1 0.9986929297447205 873 1338 941 1370 scale
16 1 0.7609650492668152 939 1338 992 1370 and
16 1 0.9830769896507263 996 1340 1067 1375 using
16 1 0.8419679999351501 1069 1338 1218 1370 closed-form
16 1 0.5519338250160217 1223 1340 1416 1372 approximations
16 1 0.9999539852142334 1417 1340 1449 1370 to
16 2 0.9979169964790344 914 1407 964 1441 We
16 2 0.994305431842804 966 1411 1039 1437 make
16 2 0.9986427426338196 1042 1415 1092 1441 use
16 2 0.9999876022338867 1094 1409 1130 1441 of
16 2 0.999995231628418 1128 1407 1177 1441 the
16 2 0.9965908527374268 1178 1411 1279 1437 method
16 2 0.9999946355819702 1283 1409 1319 1441 of
16 2 0.7496922612190247 1316 1409 1449 1439 simulated
17 0 0.9991140961647034 250 1385 295 1422 A.
17 0 0.9999644756317139 320 1385 395 1420 Data
18 0 0.9908884763717651 874 1372 969 1405 market
18 0 0.9885607361793518 971 1375 1057 1411 prices.
19 0 0.9999942779541016 292 1445 350 1478 The
19 0 0.9915204644203186 351 1445 448 1478 dataset
19 0 0.9998769760131836 453 1445 519 1478 used
19 0 0.9999430179595947 521 1443 556 1480 in
19 0 0.9940641522407532 556 1443 599 1478 all
19 0 0.983677864074707 600 1448 740 1478 calibration
19 0 0.9792590141296387 745 1452 830 1484 exper-
19 0 0.9969024062156677 878 1448 996 1473 moments
19 0 0.9956666231155396 1002 1445 1108 1478 (Winker
19 0 0.9999356269836426 1107 1441 1142 1478 et
19 0 0.9516828060150146 1138 1441 1178 1478 al.
19 0 0.9937503933906555 1175 1445 1250 1480 2007)
19 0 0.9999761581420898 1253 1445 1286 1475 to
19 0 0.9979907274246216 1288 1448 1409 1473 construct
19 0 0.9987624883651733 1411 1450 1450 1475 an
19 1 0.9412339329719543 254 1484 341 1510 iments
19 1 0.9998780488967896 348 1480 378 1512 is
19 1 0.9909942746162415 385 1480 501 1518 acquired
19 1 0.9999395608901978 508 1482 541 1512 in
19 1 0.9998313188552856 547 1480 595 1514 the
19 1 0.9121435284614563 599 1480 685 1512 TRTH
19 1 0.5690152645111084 695 1482 826 1514 (Thomson
19 1 0.9985916018486023 874 1478 991 1516 objective
19 1 0.9984065890312195 996 1482 1104 1508 function
19 1 0.9999679327011108 1108 1478 1167 1512 that
19 1 0.6282284259796143 1170 1484 1293 1510 measures
19 1 0.998100221157074 1296 1484 1377 1510 errors
19 1 0.9637883901596069 1381 1478 1454 1510 relat-
19 2 0.6119394898414612 249 1514 423 1553 Reuters/2016)
19 2 0.7224683165550232 423 1514 522 1553 format,
19 2 0.7245268225669861 524 1521 660 1553 presenting
19 2 0.9999207258224487 659 1521 683 1551 a
19 2 0.8082375526428223 683 1514 826 1553 tick-by-tick
19 2 0.7330677509307861 871 1512 924 1555 ing
19 2 0.9999580383300781 923 1516 956 1546 to
19 2 0.9999949932098389 956 1512 1002 1546 the
19 2 0.9888914823532104 1002 1521 1084 1546 mean,
19 2 0.9851664900779724 1089 1516 1201 1542 standard
19 2 0.9788357615470886 1206 1514 1336 1546 deviation,
19 2 0.9991729855537415 1338 1512 1452 1551 kurtosis,
19 3 0.9946144223213196 292 1585 341 1622 We
19 3 0.9734668135643005 343 1591 441 1617 convert
19 3 0.9999806880950928 444 1585 494 1622 the
19 3 0.9999439716339111 498 1591 591 1617 dataset
19 3 0.9999768733978271 594 1589 627 1619 to
19 3 0.9999253749847412 627 1591 652 1619 a
19 3 0.9997628331184387 654 1591 730 1617 series
19 3 0.9978485107421875 733 1589 770 1622 of
19 3 0.9951891899108887 766 1589 833 1622 one-
19 3 0.9998809099197388 876 1583 956 1615 Hurst
19 3 0.9971363544464111 957 1587 1079 1619 exponent
19 3 0.9997780919075012 1084 1587 1158 1613 when
19 3 0.9986066222190857 1165 1587 1303 1619 comparing
19 3 0.9995926022529602 1304 1587 1329 1617 a
19 3 0.9991531372070312 1329 1581 1379 1624 log
19 3 0.9957095384597778 1379 1583 1450 1624 price
19 4 0.9975041747093201 254 1626 343 1652 minute
19 4 0.9470307230949402 345 1622 416 1662 price
19 4 0.9987913966178894 415 1624 481 1658 bars,
19 4 0.9999092817306519 481 1622 544 1654 with
19 4 0.9999169111251831 546 1622 609 1656 each
19 4 0.998691976070404 607 1622 677 1662 price
19 4 0.7174618244171143 679 1626 828 1658 correspond-
19 4 0.7997602224349976 874 1619 937 1652 time
19 4 0.8594598770141602 939 1622 1014 1647 series
19 4 0.9996744394302368 1017 1622 1143 1647 measured
19 4 0.9864622950553894 1148 1622 1211 1647 from
19 4 0.9997559189796448 1215 1617 1263 1652 the
19 4 0.99936443567276 1263 1622 1323 1647 data
19 4 0.999833345413208 1324 1617 1381 1652 and
19 4 0.9995930790901184 1379 1622 1404 1652 a
19 4 0.9966034889221191 1401 1617 1454 1660 log
19 5 0.6730174422264099 249 1656 300 1699 ing
19 5 0.999967098236084 297 1660 328 1690 to
19 5 0.9998859167098999 327 1656 375 1690 the
19 5 0.9998145699501038 371 1658 433 1690 final
19 5 0.9999895095825195 433 1660 506 1695 quote
19 5 0.8605251908302307 506 1658 562 1690 mid
19 5 0.9964585900306702 562 1660 627 1695 price
19 5 0.9999998807907104 627 1656 672 1690 for
19 5 0.9990493655204773 669 1658 730 1690 each
19 5 0.9902967810630798 730 1660 828 1692 minute,
19 5 0.9975710511207581 873 1656 942 1690 price
19 5 0.7210405468940735 944 1654 1009 1686 time
19 5 0.9999771118164062 1009 1654 1087 1686 series
19 5 0.555952250957489 1090 1656 1220 1684 simulated
19 5 0.9292500615119934 1223 1656 1299 1690 using
19 5 0.8154111504554749 1301 1652 1419 1690 the/Preis
19 5 0.9797081351280212 1417 1652 1452 1690 et
19 6 0.9987527132034302 250 1761 322 1802 price
19 6 0.9998072981834412 322 1761 451 1793 associated
19 6 0.9999232292175293 453 1761 517 1793 with
19 6 0.9997068047523499 519 1761 576 1793 that
19 6 0.9943938255310059 577 1766 659 1798 quote,
19 6 0.9998012185096741 659 1768 693 1793 as
19 6 0.9997579455375671 693 1768 750 1793 was
19 6 0.9985582232475281 752 1763 830 1798 previ-
19 6 0.9996849298477173 873 1759 914 1798 by
19 6 0.9983585476875305 914 1763 1052 1796 employing
19 6 0.7787002325057983 1054 1759 1102 1793 the
19 6 0.9984744191169739 1104 1759 1275 1789 Nelder-Mead
19 6 0.9909278750419617 1276 1759 1384 1798 simplex
19 6 0.9991313815116882 1382 1759 1454 1800 algo-
19 7 0.9998610019683838 250 1796 328 1836 ously
19 7 0.9991447925567627 330 1800 398 1826 done
19 7 0.9552009105682373 401 1798 431 1830 in
19 7 0.8703377842903137 428 1793 501 1834 Platt
19 7 0.9916720986366272 501 1796 557 1830 and
19 7 0.9931687116622925 559 1798 657 1830 Gebbie
19 7 0.9921509027481079 657 1793 745 1834 (2016).
19 7 0.990195095539093 752 1796 826 1828 From
19 7 0.9627833366394043 876 1798 949 1824 rithm
19 7 0.9440154433250427 954 1798 1080 1824 combined
19 7 0.9999585151672363 1084 1793 1148 1826 with
19 7 0.9999700784683228 1148 1793 1196 1828 the
19 7 0.998694121837616 1198 1798 1319 1824 threshold
19 7 0.9987826943397522 1321 1796 1449 1834 accepting
19 8 0.8868290185928345 252 1830 305 1864 this
19 8 0.9995118379592896 303 1832 383 1864 series
19 8 0.9997404217720032 381 1832 418 1864 of
19 8 0.8206633925437927 416 1834 503 1871 prices,
19 8 0.9082629680633545 504 1841 547 1862 we
19 8 0.9993566870689392 546 1836 609 1869 may
19 8 0.9999427795410156 607 1832 693 1864 obtain
19 8 0.9999008178710938 692 1836 718 1864 a
19 8 0.9996323585510254 715 1832 795 1864 series
19 8 0.9995483756065369 793 1832 830 1864 of
19 8 0.9826515316963196 876 1832 986 1858 heuristic
19 8 0.5099148750305176 991 1830 1057 1864 Gilli
19 8 0.994697093963623 1059 1828 1113 1862 and
19 8 0.9882999658584595 1113 1828 1288 1866 Winker/2003).
19 9 0.996720016002655 278 1909 341 1944 2This
19 9 0.999945878982544 338 1914 365 1944 is
19 9 0.9998641014099121 361 1918 381 1942 a
19 9 0.9531294703483582 381 1916 473 1940 technical
19 9 0.9699242115020752 478 1918 600 1944 requirement
19 9 0.9999864101409912 600 1914 630 1944 of
19 9 0.9997984766960144 627 1914 665 1942 the
19 9 0.9998434782028198 665 1916 747 1942 method
19 9 0.7256083488464355 747 1909 918 1948 ofFabretti2013
19 9 0.9998724460601807 919 1914 964 1942 and
19 9 0.9998058676719666 962 1914 989 1944 is
19 9 0.9969537258148193 987 1916 1087 1942 discussed
19 9 0.9998171925544739 1085 1914 1115 1944 in
19 9 0.9980905652046204 1113 1912 1178 1944 detail
19 9 0.9784848093986511 1177 1912 1255 1946 inPlatt
19 9 0.9949859380722046 1251 1912 1299 1946 and
19 9 0.6308821439743042 1296 1909 1437 1948 Gebbie_2016
20 0 0.9995922446250916 250 1551 330 1583 series
20 0 0.999009370803833 328 1553 361 1583 of
20 0 0.9931312203407288 360 1549 451 1587 trades,
20 0 0.9496042132377625 453 1555 539 1587 quotes
20 0 0.9998670816421509 539 1551 594 1583 and
20 0 0.9980667233467102 597 1555 692 1581 auction
20 0 0.997048556804657 695 1555 790 1587 quotes.
21 0 0.792801558971405 878 1551 1140 1583 Kolmogorov-Smimov
21 0 0.9946954846382141 1143 1549 1201 1583 (KS)
21 0 0.9998611211776733 1201 1549 1253 1583 test
21 0 0.9999240636825562 1250 1546 1303 1581 and
21 0 0.9966607093811035 1304 1551 1445 1583 generalized
22 0 0.9958034157752991 249 1692 335 1725 where
22 0 0.9998528957366943 337 1695 381 1723 the
22 0 0.8815196752548218 381 1692 439 1725 mid
22 0 0.983695387840271 439 1692 511 1733 price
22 0 0.9980887770652771 508 1690 544 1727 of
22 0 0.999920129776001 541 1697 564 1727 a
22 0 0.9999139308929443 566 1697 642 1731 quote
22 0 0.9866712689399719 642 1692 670 1725 is
22 0 0.8643797039985657 670 1692 747 1733 given
22 0 0.9998283386230469 745 1699 780 1725 as
22 0 0.9995249509811401 781 1695 826 1723 the
22 0 0.5191539525985718 871 1684 991 1725 al.(2006)
22 0 0.9930891394615173 994 1690 1082 1716 model.
23 0 0.999703586101532 252 1733 353 1766 average
23 0 0.8761196136474609 351 1725 390 1761 of
23 0 0.9997143149375916 385 1727 433 1761 the
23 0 0.7044538259506226 433 1727 498 1759 level
23 0 0.9999960660934448 498 1727 519 1761 1
23 0 0.9998900890350342 517 1727 567 1761 bid
23 0 0.9910955429077148 567 1727 637 1768 price
23 0 0.9999252557754517 635 1727 692 1761 and
23 0 0.9991711378097534 692 1727 757 1759 level
23 0 0.9999887943267822 757 1727 778 1761 1
23 0 0.9999768733978271 778 1727 828 1761 ask
23 1 0.9998161196708679 249 1864 300 1907 log
23 1 0.6211602687835693 297 1854 410 1912 prices!
23 1 0.9990411400794983 408 1866 491 1899 which
23 1 0.999809205532074 493 1866 521 1899 is
23 1 0.9999699592590332 521 1869 569 1899 the
23 1 0.999855637550354 567 1871 644 1897 series
23 1 0.982650101184845 645 1873 690 1899 we
23 1 0.9999215602874756 690 1871 793 1903 attempt
23 1 0.9999521970748901 795 1869 826 1899 to
24 0 0.9827232360839844 914 1723 962 1757 We
24 0 0.9995341300964355 961 1725 1016 1757 aim
24 0 0.9999854564666748 1016 1727 1047 1757 to
24 0 0.5632106065750122 1050 1727 1170 1753 minimize
24 0 0.985872745513916 1172 1725 1225 1757 this
24 0 0.999337375164032 1225 1725 1339 1763 objective
24 0 0.6911367774009705 1341 1727 1447 1753 function
25 0 0.5751284956932068 914 1864 964 1899 We
25 0 0.9972594976425171 964 1866 1099 1905 reproduce
25 0 0.9993571639060974 1099 1866 1147 1901 the
25 0 0.57790207862854 1148 1869 1348 1901 implementation
25 0 0.9994472861289978 1351 1873 1396 1899 we
25 0 0.9992005228996277 1396 1873 1454 1907 pre-
26 0 0.9950902462005615 838 1993 863 2028 5
