block line confidence X1 Y1 X2 Y2 token
0 0 0.9994839429855347 195 198 237 237 to
0 0 0.9983338713645935 235 201 390 232 anomalous
0 0 0.9991533756256104 395 203 508 237 triangle
0 0 0.982704222202301 512 198 633 239 diagram
0 0 0.999680757522583 636 196 726 237 which
0 0 0.9971156120300293 726 198 806 242 gives
0 0 0.9998270869255066 804 203 833 237 a
0 0 0.8875804543495178 833 201 978 232 coefficient
0 0 0.9999942779541016 980 196 1019 237 of
0 0 0.9966890215873718 1015 196 1075 242 5/9
0 0 0.9994876384735107 1074 201 1114 237 to
0 0 0.9985820055007935 1112 198 1167 235 the
0 0 0.9480481743812561 1169 201 1298 232 2-flavour
0 0 0.9993307590484619 1301 198 1385 237 CME
0 0 0.9998840093612671 1385 198 1442 235 but
0 0 0.9962052702903748 1442 196 1500 242 2/3
0 1 0.9999899864196777 195 255 245 294 for
0 1 0.9998624324798584 248 258 302 294 the
0 1 0.6794769763946533 305 258 436 292 3-flavour
0 1 0.9952558875083923 440 258 523 292 CME
0 1 0.7156983017921448 529 255 594 301 [22).
0 1 0.9997386336326599 604 255 639 294 It
0 1 0.9998683929443359 642 258 741 292 results
0 1 0.9996535778045654 744 255 783 294 in
0 1 0.9992042183876038 783 262 812 294 a
0 1 0.997047483921051 814 258 925 292 relative
0 1 0.9979903697967529 931 258 1014 292 CME
0 1 0.9935562014579773 1020 262 1124 290 current
0 1 0.9887692928314209 1133 260 1274 292 difference
0 1 0.9999102354049683 1276 253 1316 294 of
0 1 0.9836582541465759 1318 253 1374 299 1/6
0 1 0.9992027878761292 1381 262 1497 290 between
0 2 0.987382709980011 197 317 327 349 2-flavour
0 2 0.9998376369476318 334 315 394 351 and
0 2 0.995368480682373 403 317 534 349 3-flavour
0 2 0.9957981705665588 542 322 628 349 cases.
0 2 0.966327965259552 652 317 785 351 However,
0 2 0.9929688572883606 797 319 910 347 because
0 2 0.9998212456703186 920 315 973 351 the
0 2 0.96553635597229 982 317 1135 349 traditional
0 2 0.9298326373100281 1148 319 1334 354 experimental
0 2 0.835753858089447 1345 315 1498 349 observable
0 3 0.4481518268585205 188 365 276 427 yof
0 3 0.999788224697113 271 374 369 415 charge
0 3 0.5566583275794983 377 376 521 408 azimuthal
0 3 0.6606236696243286 531 376 688 408 correlation
0 3 0.997755229473114 697 374 804 408 include
0 3 0.9997525811195374 810 372 856 411 all
0 3 0.9987862706184387 862 374 990 408 inclusive
0 3 0.999825656414032 996 374 1112 415 charged
0 3 0.9997944235801697 1122 376 1245 411 hadrons,
0 3 0.9998981952667236 1255 372 1288 411 it
0 3 0.6391863822937012 1293 374 1381 408 limits
0 3 0.9995771050453186 1387 381 1455 408 ones
0 3 0.9998412132263184 1463 379 1500 408 to
0 4 0.5859700441360474 197 440 319 465 measure
0 4 0.9999707937240601 323 431 377 468 the
0 4 0.9865273833274841 381 436 491 463 relative
0 4 0.9503823518753052 497 433 642 465 difference.
0 4 0.9947380423545837 655 436 788 470 Recently,
0 4 0.9999662637710571 794 431 847 468 the
0 4 0.9998906850814819 852 431 961 465 ALICE
0 4 0.9519962072372437 967 433 1154 465 collaboration
0 4 0.9920702576637268 1159 433 1298 465 measured
0 4 0.9999715089797974 1305 431 1358 468 the
0 4 0.9873392581939697 1361 431 1497 465 identified
0 5 0.9984980821609497 197 491 303 525 hadron
0 5 0.9992547631263733 310 491 442 532 triggered
0 5 0.9994850158691406 447 491 545 532 charge
0 5 0.5317032337188721 552 491 697 525 azimuthal
0 5 0.9994874000549316 707 493 868 527 correlation,
0 5 0.9924845099449158 875 497 931 532 e.g.
0 5 0.9993815422058105 946 491 1127 525 kaon-hadron
0 5 0.573106050491333 1135 493 1298 527 correlation,
0 5 0.9997795224189758 1308 491 1397 525 which
0 5 0.9989567995071411 1403 491 1498 525 enable
0 6 0.9988659620285034 197 555 237 584 us
0 6 0.999836802482605 242 548 282 587 to
0 6 0.9717849493026733 289 557 379 582 access
0 6 0.9999675750732422 389 548 444 584 the
0 6 0.9814997911453247 453 552 552 580 flavour
0 6 0.9897803068161011 562 550 692 591 property
0 6 0.9984654188156128 697 545 739 584 of
0 6 0.9997865557670593 743 548 796 584 the
0 6 0.9981958270072937 804 548 886 582 CME
0 6 0.6150406002998352 896 545 961 591 [23).
0 6 0.9999716281890869 985 548 1106 582 Another
0 6 0.9998196959495544 1116 548 1264 589 advantage
0 6 0.9999923706054688 1272 545 1313 584 of
0 6 0.9136017560958862 1318 550 1495 582 kaon-hadron
0 7 0.9389529824256897 197 607 353 641 correlation
0 7 0.999795138835907 358 605 392 644 is
0 7 0.9999748468399048 397 607 461 641 that
0 7 0.9997029900550842 465 605 499 644 it
0 7 0.9974527955055237 503 614 560 641 can
0 7 0.9999288320541382 565 607 646 641 avoid
0 7 0.9997406601905823 652 605 705 641 the
0 7 0.8513655662536621 712 609 919 641 contamination
0 7 0.9969149827957153 927 607 999 641 from
0 7 0.7083829045295715 1004 614 1030 648 p
0 7 0.9971786737442017 1035 614 1129 641 meson
0 7 0.997015118598938 1135 607 1229 648 decay,
0 7 0.999803364276886 1235 607 1324 641 which
0 7 0.9880092740058899 1330 607 1498 648 presumedly
0 8 0.6500922441482544 197 664 264 708 play
0 8 0.8896116018295288 269 669 298 701 a
0 8 0.9154399037361145 305 666 452 701 significant
0 8 0.9977705478668213 463 664 594 698 influence
0 8 0.9996732473373413 600 671 644 701 on
0 8 0.9998506307601929 652 664 705 701 the
0 8 0.9960352778434753 713 664 794 698 CME
0 8 0.9994606375694275 802 664 956 698 observable
0 8 0.9417288303375244 967 662 1030 708 [24).
0 8 0.9998958110809326 1051 662 1091 701 In
0 8 0.9999653100967407 1098 664 1158 701 this
0 8 0.9998534917831421 1167 666 1248 703 work,
0 8 0.9492952823638916 1259 671 1305 698 we
0 8 0.9994645714759827 1313 664 1466 705 implement
0 8 0.999848484992981 1474 669 1502 701 a
0 9 0.9969633221626282 200 726 356 760 multiphase
0 9 0.9993069171905518 363 726 499 760 transport
0 9 0.9668259024620056 508 721 634 765 (AMPT)
0 9 0.9996919631958008 641 721 731 756 model
0 9 0.9999701976776123 734 721 775 760 to
0 9 0.7738469243049622 778 726 933 760 investigate
0 9 0.9999749660491943 938 721 991 758 the
0 9 0.6581178307533264 996 726 1096 753 flavour
0 9 0.9940041899681091 1104 726 1269 760 dependence
0 9 0.9999915361404419 1272 719 1313 760 of
0 9 0.9999717473983765 1311 721 1364 758 the
0 9 0.9948421120643616 1366 719 1458 760 CME.
0 9 0.9997888207435608 1460 721 1500 758 In
0 10 0.9997721314430237 197 788 251 815 our
0 10 0.8881865739822388 255 781 379 822 previous
0 10 0.9988232254981995 382 783 465 817 work,
0 10 0.9981920123100281 468 788 513 815 we
0 10 0.7672339677810669 518 783 650 817 imported
0 10 0.999947190284729 654 781 707 815 the
0 10 0.9977097511291504 709 781 799 815 initial
0 10 0.9737594723701477 804 781 943 815 CME-like
0 10 0.9999986886978149 946 781 1040 822 dipole
0 10 0.9993013143539429 1041 781 1140 822 charge
0 10 0.999311089515686 1143 781 1295 822 separation
0 10 0.9671422839164734 1297 781 1337 817 to
0 10 0.9999203681945801 1337 781 1390 815 the
0 10 0.9996165037155151 1393 781 1498 815 AMPT
0 11 0.9996768236160278 198 838 289 872 model
0 11 0.9998617172241211 295 838 366 872 with
0 11 0.9998056292533875 369 845 398 874 a
0 11 0.9956919550895691 403 842 526 870 constant
0 11 0.9990875720977783 536 842 686 877 separation
0 11 0.99105304479599 696 840 859 881 percentage,
0 11 0.998365581035614 868 838 928 874 and
0 11 0.9998149275779724 936 838 1022 872 found
0 11 0.9998668432235718 1030 838 1096 872 that
0 11 0.9491589665412903 1103 838 1208 879 though
0 11 0.9907944798469543 1214 838 1267 874 the
0 11 0.9808790683746338 1272 838 1385 879 original
0 11 0.9999114274978638 1393 838 1498 872 AMPT
0 12 0.9998809099197388 198 897 289 931 model
0 12 0.9973867535591125 295 904 350 931 can
0 12 0.9716450572013855 358 902 502 936 reproduce
0 12 0.9886887669563293 510 897 617 931 60-70%
0 12 0.9996919631958008 625 897 781 938 magnitude
0 12 0.9999899864196777 785 895 823 934 of
0 12 0.9995678067207336 827 897 878 931 the
0 12 0.9993221759796143 885 897 965 931 CME
0 12 0.9868434071540833 972 897 1125 931 observable
0 12 0.7296947836875916 1127 899 1158 941 7
0 12 0.9989474415779114 1161 895 1196 934 in
0 12 0.9285922646522522 1203 897 1318 931 Au+Au
0 12 0.997803270816803 1324 897 1456 931 collisions
0 12 0.9987401366233826 1461 897 1500 934 at
0 13 0.5161939263343811 197 957 255 991 200
0 13 0.9200639128684998 258 952 337 995 GeV,
0 13 0.9998319149017334 342 963 384 991 an
0 13 0.9962571859359741 389 957 479 991 initial
0 13 0.9999285936355591 484 957 583 998 charge
0 13 0.9991925358772278 589 959 738 993 separation
0 13 0.9926361441612244 746 957 904 998 percentage
0 13 0.9999707937240601 907 954 948 993 of
0 13 0.9849146604537964 946 961 983 989 2
0 13 0.9978538155555725 988 954 1053 991 10%
0 13 0.9999262094497681 1056 954 1090 993 is
0 13 0.999005138874054 1091 954 1195 989 needed
0 13 0.9995651841163635 1198 957 1240 993 to
0 13 0.9874990582466125 1242 954 1342 995 closely
0 13 0.9963693618774414 1348 959 1439 986 match
0 13 0.9999872446060181 1445 954 1500 991 the
0 14 0.9990513920783997 197 1014 292 1048 STAR
0 14 0.9995962977409363 292 1011 373 1055 data,
0 14 0.9978020787239075 374 1014 436 1050 and
0 14 0.9639202952384949 439 1014 620 1048 demonstrate
0 14 0.9994980096817017 623 1014 689 1048 that
0 14 0.9976625442504883 692 1014 759 1048 final
0 14 0.9963388442993164 762 1018 838 1046 state
0 14 0.902536928653717 841 1016 1012 1048 interactions
0 14 0.9995880722999573 1015 1014 1137 1055 strongly
0 14 0.9994539618492126 1140 1021 1266 1055 suppress
0 14 0.9998980760574341 1269 1014 1322 1050 the
0 14 0.9992521405220032 1324 1014 1414 1048 initial
0 14 0.9983206391334534 1418 1014 1498 1048 CME
0 15 0.9999442100524902 197 1071 277 1105 effect
0 15 0.6953401565551758 284 1068 347 1114 [25].
0 15 0.9998571872711182 358 1068 397 1107 In
0 15 0.9997939467430115 402 1071 461 1107 this
0 15 0.9969999194145203 466 1073 547 1110 work,
0 15 0.9896602630615234 555 1078 602 1110 we
0 15 0.9974105954170227 604 1071 662 1107 will
0 15 0.9996685981750488 667 1075 785 1110 improve
0 15 0.9999293088912964 789 1078 846 1105 our
0 15 0.9976375102996826 851 1075 959 1103 method
0 15 0.9812024831771851 965 1071 1006 1107 to
0 15 0.9993796348571777 1006 1071 1095 1112 study
0 15 0.9999535083770752 1098 1071 1153 1107 the
0 15 0.5875576138496399 1154 1078 1182 1112 7
0 15 0.9987483024597168 1187 1073 1342 1105 correlators
0 15 0.9997624754905701 1345 1068 1382 1107 in
0 15 0.7516878843307495 1387 1068 1498 1110 Pb+Pb
0 16 0.939665675163269 198 1130 329 1164 collisions
0 16 0.9989426732063293 332 1130 374 1167 at
0 16 0.993075966835022 376 1130 440 1164 2.76
0 16 0.9865125417709351 447 1130 518 1167 TeV,
0 16 0.9998468160629272 523 1126 570 1174 by
0 16 0.9995107650756836 571 1130 668 1171 taking
0 16 0.999850869178772 673 1132 731 1167 two
0 16 0.9969416260719299 738 1132 867 1167 following
0 16 0.7461457848548889 877 1132 1077 1167 improvements
0 16 0.9998778104782104 1082 1130 1145 1164 into
0 16 0.9975610971450806 1151 1135 1271 1162 account.
0 16 0.995854914188385 1287 1128 1392 1171 Firstly,
0 16 0.9900467991828918 1397 1135 1444 1167 we
0 16 0.9998797178268433 1445 1132 1500 1167 use
0 17 0.6597747802734375 193 1190 234 1228 ac
0 17 0.5458562970161438 226 1192 518 1226 entrality-dependent
0 17 0.999922513961792 524 1187 623 1228 charge
0 17 0.945910632610321 625 1187 778 1228 separation
0 17 0.9985421895980835 785 1192 938 1226 percentage
0 17 0.9944103360176086 944 1187 1032 1222 which
0 17 0.9993484616279602 1035 1187 1064 1222 is
0 17 0.8927242755889893 1069 1192 1190 1219 assumed
0 17 0.9994109869003296 1196 1192 1232 1222 to
0 17 0.9998987913131714 1234 1185 1277 1224 be
0 17 0.6228779554367065 1280 1192 1458 1226 proportional
0 17 0.999971866607666 1461 1187 1500 1224 to
0 18 0.9989296793937683 197 1244 251 1281 the
0 18 0.9991903901100159 251 1249 405 1283 magnitude
0 18 0.999992847442627 407 1244 445 1283 of
0 18 0.9903584122657776 445 1249 576 1283 magnetic
0 18 0.7639093995094299 581 1244 646 1281 field
0 18 0.9873857498168945 647 1247 683 1281 in
0 18 0.9741976261138916 686 1247 794 1281 Pb+Pb
0 18 0.9988471269607544 799 1247 936 1281 collisions,
0 18 0.9998506307601929 941 1244 1028 1279 which
0 18 0.9999033212661743 1032 1247 1062 1279 is
0 18 0.9833139181137085 1062 1254 1140 1279 more
0 18 0.9818547964096069 1141 1247 1295 1279 reasonable
0 18 0.9991264939308167 1297 1244 1345 1281 for
0 18 0.993103563785553 1347 1249 1498 1283 simulating
0 19 0.9981005787849426 197 1301 251 1343 the
0 19 0.9557662010192871 258 1304 345 1338 CME.
0 19 0.9964377880096436 358 1306 489 1340 Secondly,
0 19 0.9981385469436646 502 1311 547 1338 we
0 19 0.9993342757225037 555 1304 675 1338 consider
0 19 0.9939752221107483 684 1304 757 1338 both
0 19 0.9886896014213562 764 1304 893 1338 2-flavour
0 19 0.9997572302818298 901 1304 962 1338 and
0 19 0.9994463324546814 969 1304 1098 1338 3-flavour
0 19 0.994938850402832 1106 1311 1183 1338 cases
0 19 0.9999971389770508 1190 1301 1238 1340 for
0 19 0.9999783039093018 1243 1304 1297 1338 the
0 19 0.9979440569877625 1303 1304 1395 1338 initial
0 19 0.9992007613182068 1402 1304 1498 1345 charge
0 20 0.998900294303894 198 1365 348 1400 separation
0 20 0.9993323683738708 353 1363 394 1400 to
0 20 0.9946788549423218 397 1361 491 1395 mimic
0 20 0.9999120235443115 495 1361 549 1397 the
0 20 0.759302020072937 554 1363 683 1395 2-flavour
0 20 0.9230495691299438 688 1361 747 1397 and
0 20 0.620562732219696 754 1363 883 1395 3-flavour
0 20 0.9996557235717773 889 1361 972 1395 CME
0 20 0.9996789693832397 977 1361 1067 1402 effect,
0 20 0.9997578263282776 1074 1361 1154 1395 while
0 20 0.998583197593689 1159 1368 1206 1400 we
0 20 0.9999402761459351 1206 1361 1276 1404 only
0 20 0.9987927675247192 1282 1363 1434 1395 considered
0 20 0.9906122088432312 1442 1363 1498 1397 two
0 21 0.99903404712677 239 1477 310 1514 This
0 21 0.9998617172241211 314 1487 402 1521 paper
0 21 0.9997761845588684 405 1477 439 1516 is
0 21 0.9998601675033569 444 1482 583 1516 organized
0 21 0.9997884631156921 589 1487 626 1514 as
0 21 0.7902263402938843 633 1477 741 1512 follows.
0 21 0.9999799728393555 755 1477 810 1514 We
0 21 0.9997692704200745 812 1477 880 1521 give
0 21 0.9998509883880615 881 1484 909 1516 a
0 21 0.9999561309814453 912 1477 991 1514 short
0 21 0.9188178777694702 998 1480 1177 1512 introduction
0 21 0.9999996423721313 1183 1475 1222 1514 of
0 21 0.9997119307518005 1224 1484 1279 1512 our
0 21 0.9998264908790588 1284 1477 1376 1512 model
0 21 0.9997568726539612 1381 1477 1440 1514 and
0 21 0.9999805688858032 1447 1477 1500 1514 the
0 22 0.9970640540122986 197 1537 311 1571 method
0 22 0.9999725818634033 313 1537 353 1573 to
0 22 0.9979269504547119 356 1537 497 1571 introduce
0 22 0.9999089241027832 502 1537 555 1571 the
0 22 0.9993163347244263 558 1537 688 1571 2-flavour
0 22 0.9996827840805054 692 1537 752 1571 and
0 22 0.9957641363143921 759 1537 888 1571 3-flavour
0 22 0.9998297691345215 893 1537 986 1578 dipole
0 22 0.9998002648353577 990 1537 1088 1578 charge
0 22 0.975253164768219 1091 1537 1258 1578 separations
0 22 0.9996823072433472 1261 1534 1300 1573 in
0 22 0.9994438290596008 1301 1537 1364 1571 Sec.
0 22 0.9634142518043518 1369 1546 1387 1571 -
0 22 0.9999011754989624 1393 1534 1434 1573 In
0 22 0.9995087385177612 1435 1534 1497 1571 Sec.
0 23 0.9977006316184998 214 1598 264 1633 we
0 23 0.9665704965591431 266 1601 373 1635 present
0 23 0.9997742772102356 376 1598 436 1633 our
0 23 0.7649713158607483 436 1596 589 1628 simulation
0 23 0.9848175644874573 597 1598 692 1626 results
0 23 0.9993460774421692 699 1594 757 1630 and
0 23 0.9996166229248047 762 1594 872 1635 expand
0 23 0.982126772403717 875 1601 954 1628 some
0 23 0.7653550505638123 959 1596 1124 1628 discussions.
0 23 0.7975338101387024 1137 1594 1248 1635 Finally,
0 23 0.9925723671913147 1255 1601 1298 1630 we
0 23 0.6129640340805054 1301 1596 1460 1628 summarize
0 23 0.9997010827064514 1463 1592 1498 1630 in
1 0 0.9974920749664307 198 1420 313 1455 flavours
1 0 0.9999653100967407 316 1418 355 1457 of
1 0 0.9992815852165222 355 1420 455 1461 quarks
1 0 0.8781991004943848 461 1420 499 1461 (u
1 0 0.9999289512634277 500 1420 560 1457 and
1 0 0.9995843768119812 563 1418 600 1461 d)
1 0 0.9997991919517517 604 1418 641 1457 in
1 0 0.9981763362884521 642 1427 697 1455 our
1 0 0.8802488446235657 702 1420 827 1461 previous
1 0 0.9994416832923889 831 1420 906 1455 work
1 0 0.5790271162986755 910 1418 975 1464 [25).
2 0 0.9943511486053467 197 1651 263 1688 Sec.
2 0 0.8796474933624268 266 1667 281 1690 -
3 0 0.9961504936218262 195 1713 243 1749 II.
3 0 0.9999693632125854 269 1713 350 1747 THE
3 0 0.8529331088066101 356 1717 466 1745 AMPT
3 0 0.9999911785125732 474 1715 610 1747 MODEL
4 0 0.8832619190216064 239 1809 292 1845 We
4 0 0.9927104711532593 300 1813 484 1847 implemented
4 0 0.9999651908874512 494 1809 549 1845 the
4 0 0.9997804760932922 555 1811 662 1845 AMPT
4 0 0.998847484588623 670 1811 764 1845 model
4 0 0.9997925162315369 770 1811 841 1845 with
4 0 0.9998437166213989 847 1811 938 1852 string
4 0 0.9995415210723877 944 1811 1051 1852 meting
4 0 0.7564170956611633 1059 1813 1219 1845 mechanism
4 0 0.9996010661125183 1227 1809 1266 1847 in
4 0 0.9995691180229187 1271 1811 1330 1847 this
4 0 0.9961875081062317 1340 1813 1424 1852 study
4 0 0.9705594182014465 1432 1804 1498 1857 [26).
4 1 0.9999957084655762 197 1868 261 1905 The
4 1 0.9999566078186035 269 1868 376 1902 AMPT
4 1 0.9957653284072876 386 1870 484 1905 model,
4 1 0.9969882369041443 499 1868 586 1902 which
4 1 0.9995239973068237 594 1866 626 1907 is
4 1 0.9992140531539917 631 1875 659 1905 a
4 1 0.9912448525428772 667 1868 747 1902 Mote
4 1 0.9996731281280518 755 1868 839 1902 Carlo
4 1 0.9988101720809937 847 1868 948 1909 hybrid
4 1 0.9988201260566711 959 1873 1095 1907 transport
4 1 0.9995201826095581 1106 1868 1208 1909 model,
4 1 0.9972686767578125 1221 1873 1337 1900 includes
4 1 0.9829902648925781 1350 1868 1413 1905 four
4 1 0.9720481038093567 1421 1868 1497 1902 main
4 2 0.9966773986816406 195 1927 290 1968 stages
4 2 0.9991440773010254 287 1925 327 1964 of
4 2 0.97756427526474 327 1927 491 1959 Relativistic
4 2 0.9996486902236938 494 1925 634 1966 heavy-ion
4 2 0.9237958788871765 638 1925 778 1966 collisions,
4 2 0.5174750685691833 780 1925 823 1964 i.e
4 2 0.9971047043800354 822 1927 910 1962 initial
4 2 0.7318606972694397 912 1925 1059 1966 condition,
4 2 0.9998063445091248 1062 1932 1161 1966 parton
4 2 0.9979535341262817 1164 1930 1284 1964 cascade,
4 2 0.8336865901947021 1290 1930 1495 1962 hadronization,
4 3 0.9992758631706238 197 1984 256 2019 and
4 3 0.9986603260040283 263 1984 390 2019 hadronic
4 3 0.7958112955093384 398 1987 589 2021 rescatterings.
4 3 0.999993085861206 607 1984 670 2019 The
4 3 0.9962041974067688 675 1984 765 2019 initial
4 3 0.9980441331863403 773 1987 915 2021 condition,
4 3 0.9998062252998352 927 1984 1014 2019 which
4 3 0.9988250136375427 1022 1984 1141 2019 includes
4 3 0.9999432563781738 1148 1984 1201 2021 the
4 3 0.9993165731430054 1204 1984 1308 2026 spatial
4 3 0.9998410940170288 1313 1984 1372 2019 and
4 3 0.6504607200622559 1379 1991 1494 2019 momen-
5 0 0.9999674558639526 818 2096 844 2133 3
