block line confidence X1 Y1 X2 Y2 token
0 0 0.7170093059539795 263 109 305 156 [2]
0 0 0.999835729598999 305 111 343 148 B.
0 0 0.9298272728919983 348 116 444 148 Barany.
0 0 0.5048249959945679 459 113 592 146 Dimension
0 0 0.9986984729766846 595 111 634 148 of
0 0 0.9977498650550842 632 111 682 148 the
0 0 0.9989537000656128 683 116 823 148 generalized
0 0 0.9737875461578369 828 113 936 146 4-corner
0 0 0.9984458088874817 936 113 982 148 set
0 0 0.9999213218688965 984 113 1037 146 and
0 0 0.9995648264884949 1039 111 1080 148 its
0 0 0.9033511281013489 1084 116 1230 148 projections.
0 0 0.9959670305252075 1246 113 1344 152 Ergodic
0 0 0.9982428550720215 1349 113 1442 152 Theory
0 1 0.9934496283531189 265 199 302 240 [3]
0 1 0.9978837370872498 305 199 348 236 M.
0 1 0.9970871806144714 350 204 464 236 Barnsley,
0 1 0.8819311261177063 468 201 498 234 J.
0 1 0.999189555644989 496 199 532 236 E.
0 1 0.9994412064552307 534 204 685 234 Hutchinson,
0 1 0.9995964169502258 687 201 738 234 and
0 1 0.5698429346084595 740 195 776 234 O.
0 1 0.9958608746528625 780 204 873 229 Stenflo.
0 1 0.9913251399993896 881 201 1014 232 V-variable
0 1 0.9913471341133118 1019 204 1117 229 fractals:
0 1 0.9539098739624023 1125 204 1250 229 dimension
0 1 0.997948944568634 1256 204 1344 229 results.
0 1 0.7774069309234619 1354 201 1441 234 Forum
0 2 0.43837782740592957 263 287 305 330 [41
0 2 0.9764118194580078 307 292 343 324 T.
0 2 0.9945417046546936 346 294 451 320 Bedford.
0 2 0.8702293634414673 464 290 562 328 Crinkly
0 2 0.8962951898574829 566 298 650 324 curves,
0 2 0.9260227084159851 660 294 755 320 Markou
0 2 0.5453765392303467 760 294 879 326 partitions
0 2 0.9989100694656372 883 290 937 324 and
0 2 0.7858107089996338 937 290 987 324 bor
0 2 0.9930033087730408 987 292 1130 322 dimensions
0 2 0.44149890542030334 1132 292 1165 322 in
0 2 0.6742469072341919 1168 294 1308 324 self-similar
0 2 0.597931981086731 1309 292 1369 324 sets..
0 2 0.9928160905838013 1376 290 1439 324 PhD
0 3 0.6954781413078308 263 375 305 418 [5]
0 3 0.9195041656494141 307 380 343 412 K.
0 3 0.9511661529541016 348 382 459 408 Falconer.
0 3 0.997740626335144 471 382 561 408 Fractal
0 3 0.8576327562332153 562 382 682 414 geometry.
0 3 0.9987240433692932 690 382 753 408 John
0 3 0.9995296001434326 760 380 835 414 Wiley
0 3 0.9961691498756409 838 378 868 410 &
0 3 0.9986721277236938 869 380 937 414 Sons,
0 3 0.9987670183181763 941 380 1002 414 Inc.,
0 3 0.9968756437301636 1006 380 1123 412 Hoboken,
0 3 0.9994089603424072 1127 380 1177 414 NJ,
0 3 0.9997158646583557 1180 382 1265 408 second
0 3 0.9977148771286011 1270 380 1364 412 edition,
0 3 0.9237658977508545 1369 382 1436 408 2003.
0 4 0.5863103866577148 263 464 302 504 [6
0 4 0.9960722923278809 305 466 345 500 K.
0 4 0.9994552731513977 351 470 456 496 Falconer
0 4 0.999929666519165 461 468 514 500 and
0 4 0.9994723200798035 517 468 547 500 J.
0 4 0.997819185256958 552 468 627 500 Miao.
0 4 0.9357950091362 645 470 791 502 Exceptional
0 4 0.9929453730583191 796 472 851 498 sets
0 4 0.9999998807907104 853 466 898 500 for
0 4 0.9177728295326233 903 470 1019 496 self-affine
0 4 0.9800764918327332 1027 470 1127 496 fractals.
0 4 0.9997305274009705 1143 468 1220 500 Math.
0 4 0.9923723936080933 1228 468 1296 500 Proc.
0 4 0.959535539150238 1306 470 1439 502 Cambridge
0 5 0.4773350656032562 263 554 302 592 [7
0 5 0.9735773205757141 305 554 375 588 K.J.
0 5 0.9976715445518494 376 558 488 584 Falconer.
0 5 0.999990701675415 493 556 549 588 The
0 5 0.7418723702430725 551 558 674 584 Hausdorff
0 5 0.9773464798927307 677 558 800 584 dimension
0 5 0.9998462200164795 801 556 838 588 of
0 5 0.9588745832443237 835 558 951 584 self-affine
0 5 0.9960241317749023 956 558 1054 584 fractals.
0 5 0.9987616539001465 1064 558 1135 584 Math.
0 5 0.9805174469947815 1142 556 1210 588 Proc.
0 5 0.9705673456192017 1216 558 1348 590 Cambridge
0 5 0.9561706781387329 1351 556 1437 588 Philos.
0 6 0.9886983036994934 265 642 302 685 [8]
0 6 0.9706672430038452 307 644 373 678 K.J.
0 6 0.9993985891342163 373 644 486 676 Falconer.
0 6 0.7362424731254578 491 646 639 676 Generalized
0 6 0.7031018733978271 639 646 778 676 dimensions
0 6 0.9990270137786865 776 646 813 678 of
0 6 0.9986542463302612 808 648 923 674 measures
0 6 0.99603670835495 923 650 961 676 on
0 6 0.6252224445343018 961 648 1079 674 self-affine
0 6 0.9977965354919434 1077 646 1140 678 sets.
0 6 0.7775864601135254 1145 646 1303 678 Nonlinearity,
0 6 0.7545632719993591 1308 646 1426 678 12(4):877
0 7 0.9600522518157959 263 732 302 771 [9]
0 7 0.9985764026641846 307 734 375 766 D.-J.
0 7 0.9995313882827759 376 734 441 769 Feng
0 7 0.9962745904922485 441 734 496 766 and
0 7 0.9988749623298645 496 732 532 769 Y.
0 7 0.9991118311882019 536 734 617 769 Wang.
0 7 0.9998918771743774 622 734 654 764 A
0 7 0.9962222576141357 654 734 718 766 class
0 7 0.999852180480957 718 734 752 764 of
0 7 0.9662982225418091 753 736 869 762 self-affine
0 7 0.9988038539886475 871 734 928 766 sets
0 7 0.9992696642875671 926 734 981 766 and
0 7 0.6558783054351807 982 736 1100 762 self-affine
0 7 0.8600698709487915 1104 741 1226 764 measures.
0 7 0.9372780919075012 1233 734 1265 764 J.
0 7 0.9991182684898376 1270 736 1364 762 Fourier
0 7 0.9744864106178284 1367 734 1437 766 Anal.
0 8 0.9625194072723389 249 818 303 861 [10]
0 8 0.9948559999465942 307 822 343 855 A.
0 8 0.7867786288261414 350 825 469 857 Ferguson,
0 8 0.8580806255340576 474 820 512 857 T.
0 8 0.9997134804725647 516 822 612 855 Jordan,
0 8 0.9957385063171387 619 822 674 855 and
0 8 0.9958743453025818 675 822 708 852 P.
0 8 0.9587406516075134 715 825 840 850 Shmerkin.
0 8 0.9984381794929504 854 820 913 855 The
0 8 0.9899145364761353 918 825 1040 850 Hausdorff
0 8 0.995804488658905 1047 825 1172 850 dimension
0 8 0.999997615814209 1178 822 1211 852 of
0 8 0.9999754428863525 1211 820 1261 855 the
0 8 0.9949554800987244 1265 825 1402 857 projections
0 8 0.9989961981773376 1407 818 1444 855 of
0 9 0.7858931422233582 249 906 303 951 [11]
0 9 0.757674515247345 303 908 338 945 J..
0 9 0.9991795420646667 335 908 378 943 M.
0 9 0.9984105825424194 380 910 468 943 Fraser.
0 9 0.9991779923439026 474 913 519 941 On
0 9 0.9984157085418701 519 910 567 945 the
0 9 0.9991511106491089 567 910 669 949 packing
0 9 0.9893056154251099 672 913 796 938 dimension
0 9 0.9999750852584839 798 910 831 941 of
0 9 0.9631351828575134 833 913 931 938 box-like
0 9 0.9977675676345825 934 910 1055 943 self-affine
0 9 0.9999182224273682 1054 910 1110 943 sets
0 9 0.9998098015785217 1108 908 1143 945 in
0 9 0.9999598264694214 1142 908 1190 943 the
0 9 0.9988020658493042 1191 913 1268 947 plane.
0 9 0.9310627579689026 1278 913 1436 945 Nonlinearity,
0 10 0.5874526500701904 249 994 303 1037 [12]
0 10 0.6143779158592224 307 999 337 1031 J.
0 10 0.9977422952651978 335 996 376 1031 M.
0 10 0.9970322847366333 378 999 464 1031 Fraser.
0 10 0.9987824559211731 469 999 576 1031 Assouad
0 10 0.9989408850669861 577 1001 639 1035 type
0 10 0.9987370371818542 639 999 778 1031 dimensions
0 10 0.9999401569366455 778 996 830 1031 and
0 10 0.9256359338760376 831 1001 987 1033 homogeneity
0 10 0.9999780654907227 989 999 1022 1029 of
0 10 0.9925744533538818 1022 1001 1120 1026 fractals.
0 10 0.995413601398468 1128 999 1208 1031 Trans.
0 10 0.9911223649978638 1213 999 1293 1031 Amer.
0 10 0.9872732162475586 1296 999 1372 1031 Math.
0 10 0.996626615524292 1376 999 1437 1033 Soc.,
0 11 0.8865018486976624 249 1084 303 1127 [13]
0 11 0.9474750757217407 305 1089 337 1119 J.
0 11 0.9981244206428528 348 1087 390 1121 M.
0 11 0.9999021291732788 403 1087 493 1125 Fraser,
0 11 0.9999352693557739 509 1089 542 1119 A.
0 11 0.9994454979896545 556 1087 599 1121 M.
0 11 0.9970489144325256 612 1089 752 1121 Henderson,
0 11 0.9988003969192505 770 1089 803 1119 E.
0 11 0.9939579963684082 815 1089 846 1119 J.
0 11 0.9995808005332947 859 1089 941 1121 Olson,
0 11 0.9996930360794067 957 1087 1012 1121 and
0 11 0.9955451488494873 1022 1089 1054 1119 J.
0 11 0.9773518443107605 1065 1089 1102 1121 C.
0 11 0.9995200634002686 1117 1091 1238 1117 Robinson.
0 11 0.9999741315841675 1279 1087 1326 1121 On
0 11 0.9992735981941223 1338 1087 1386 1121 the
0 11 0.9966269731521606 1396 1093 1439 1119 as-
0 12 0.9901692867279053 305 1121 385 1153 souad
0 12 0.9862713813781738 400 1123 524 1149 dimension
0 12 0.9999972581863403 539 1121 576 1153 of
0 12 0.998075008392334 584 1121 720 1153 self-similar
0 12 0.9998162388801575 733 1121 790 1153 sets
0 12 0.9997255206108093 800 1121 863 1153 with
0 12 0.9972135424613953 878 1123 987 1155 overlaps.
0 12 0.9518147706985474 1034 1123 1143 1155 Preprint,
0 12 0.9998981952667236 1162 1121 1231 1153 2014.
0 12 0.9977999329566956 1275 1123 1392 1149 Available
0 12 0.9999213218688965 1406 1123 1439 1151 at
0 13 0.8846242427825928 249 1205 302 1250 [14]
0 13 0.9983338713645935 305 1207 348 1243 M.
0 13 0.694068193435669 353 1213 478 1239 Hochman.
0 13 0.9998968839645386 491 1211 536 1239 On
0 13 0.7985708117485046 537 1211 677 1241 self-similar
0 13 0.9993332028388977 677 1211 735 1243 sets
0 13 0.9993289709091187 735 1209 798 1241 with
0 13 0.9994223117828369 800 1209 906 1248 overlaps
0 13 0.9993329644203186 908 1209 962 1241 and
0 13 0.8521435260772705 966 1213 1055 1239 inverse
0 13 0.999931812286377 1060 1213 1175 1239 theorems
0 13 0.9999978542327881 1178 1209 1223 1243 for
0 13 0.9982529282569885 1223 1213 1326 1246 entropy.
0 13 0.6119189858436584 1339 1209 1404 1241 Ann.
0 13 0.9999946355819702 1409 1207 1445 1246 of
0 14 0.9652718305587769 249 1293 302 1338 [15]
0 14 0.9998763799667358 305 1297 346 1332 M.
0 14 0.8624632954597473 351 1297 479 1329 Hochman.
0 14 0.9985437393188477 491 1299 536 1327 On
0 14 0.5028004050254822 537 1297 675 1329 self-similar
0 14 0.9997819066047668 675 1299 733 1332 sets
0 14 0.9993330836296082 733 1297 796 1329 with
0 14 0.9987976551055908 800 1299 903 1332 overlaps
0 14 0.9997442364692688 906 1297 961 1329 and
0 14 0.8199437260627747 964 1301 1052 1327 inverse
0 14 0.999964714050293 1059 1301 1172 1327 theorems
0 14 0.9999948740005493 1175 1297 1220 1332 for
0 14 0.9347843527793884 1220 1301 1318 1334 entropy
0 14 0.9994584918022156 1319 1295 1354 1332 in
0 14 0.9994819760322571 1356 1299 1439 1334 higher
0 15 0.8890493512153625 249 1383 302 1426 [16]
0 15 0.9992620348930359 307 1387 340 1417 T.
0 15 0.9985890984535217 345 1390 439 1415 Jordan.
0 15 0.9998286962509155 448 1387 581 1417 Dimension
0 15 0.9997184872627258 582 1387 615 1417 of
0 15 0.999487042427063 612 1385 657 1420 fat
0 15 0.9913265109062195 659 1390 781 1422 Sierpinski
0 15 0.998710036277771 785 1390 883 1422 gaskets.
0 15 0.994897186756134 891 1387 951 1420 Real
0 15 0.7951687574386597 952 1387 1022 1420 Anal.
0 15 0.8380426168441772 1029 1390 1152 1422 Erchange,
0 15 0.9823781847953796 1158 1390 1323 1422 31(1):97-110,
0 15 0.9910036325454712 1326 1385 1437 1424 2005/06.
0 16 0.3864378333091736 249 1439 303 1482 [17]
0 16 0.921879231929779 303 1439 341 1475 T.
0 16 0.9998302459716797 341 1441 433 1473 Jordan
0 16 0.999356210231781 433 1441 486 1473 and
0 16 0.9827384352684021 484 1439 522 1475 N.
0 16 0.9984720349311829 522 1443 602 1478 Jurga.
0 16 0.9807828068733215 607 1441 732 1473 Self-affine
0 16 0.999833345413208 730 1443 786 1475 sets
0 16 0.9998345375061035 785 1441 846 1473 with
0 16 0.9617812633514404 848 1445 1029 1475 non-compactly
0 16 0.9759347438812256 1030 1443 1157 1475 supported
0 16 0.9995977282524109 1163 1445 1256 1471 random
0 16 0.9971908926963806 1263 1445 1436 1475 perturbations.
0 17 0.9032132029533386 249 1527 302 1570 [18]
0 17 0.9379355907440186 305 1529 343 1566 T.
0 17 0.99982088804245 350 1533 438 1559 Jordan
0 17 0.9998432397842407 443 1531 498 1564 and
0 17 0.9588485956192017 501 1529 544 1564 M.
0 17 0.995468020439148 551 1533 664 1559 Pollicott.
0 17 0.9997521042823792 687 1533 816 1566 Properties
0 17 0.9999325275421143 821 1531 854 1561 of
0 17 0.9867265224456787 859 1538 976 1561 measures
0 17 0.9808355569839478 982 1533 1108 1566 supported
0 17 0.9919609427452087 1113 1538 1153 1564 on
0 17 0.9969178438186646 1157 1529 1201 1564 fat
0 17 0.9748740792274475 1206 1533 1329 1566 Sierpinski
0 17 0.9976902008056641 1338 1533 1436 1566 carpets.
0 18 0.9473464488983154 249 1615 303 1658 [19]
0 18 0.9867193102836609 303 1617 343 1652 T.
0 18 0.9995377063751221 346 1619 443 1652 Jordan,
0 18 0.9998410940170288 449 1617 491 1652 M.
0 18 0.5255424976348877 499 1624 610 1650 Pollicott,
0 18 0.9996004700660706 619 1619 674 1652 and
0 18 0.9980602860450745 675 1617 715 1652 K.
0 18 0.8248953223228455 720 1622 806 1647 Simon.
0 18 0.9958431124687195 825 1622 947 1647 Hausdorff
0 18 0.9454011917114258 954 1622 1080 1647 dimension
0 18 0.9994192123413086 1084 1617 1130 1652 for
0 18 0.9998013377189636 1133 1622 1253 1654 randomly
0 18 0.9455261826515198 1260 1622 1386 1654 perturbed
0 18 0.9999219179153442 1391 1617 1442 1652 self
0 19 0.9931121468544006 250 1703 302 1748 [20]
0 19 0.9678850173950195 307 1708 337 1740 S.
0 19 0.9922101497650146 338 1705 375 1742 P.
0 19 0.999948263168335 376 1710 454 1744 Lalley
0 19 0.992608368396759 459 1708 512 1740 and
0 19 0.9906879663467407 512 1705 552 1740 D.
0 19 0.9991123080253601 556 1708 692 1740 Gatzouras.
0 19 0.9967483282089233 705 1710 826 1735 Hausdorff
0 19 0.9998692274093628 830 1705 883 1740 and
0 19 0.9967765212059021 884 1708 939 1740 box
0 19 0.9979986548423767 941 1708 1080 1740 dimensions
0 19 0.999757707118988 1084 1708 1117 1738 of
0 19 0.9991005659103394 1117 1708 1206 1740 certain
0 19 0.6125458478927612 1213 1712 1329 1738 self-affine
0 19 0.9927834272384644 1336 1708 1437 1740 fractals.
0 20 0.8213721513748169 250 1791 302 1836 [21]
0 20 0.9992287158966064 305 1793 343 1830 D.
0 20 0.9999675750732422 345 1796 378 1826 G.
0 20 0.963365375995636 381 1796 488 1828 Larman.
0 20 0.9999130964279175 491 1796 517 1828 A
0 20 0.9996721744537354 519 1802 574 1828 new
0 20 0.9914147257804871 576 1798 659 1832 theory
0 20 0.9991772770881653 657 1793 693 1830 of
0 20 0.6942899823188782 692 1798 825 1830 dimension,
0 20 0.9510355591773987 830 1796 898 1828 Proc.
0 20 0.9342069029808044 899 1796 997 1828 London
0 20 0.9960214495658875 999 1796 1074 1828 Math.
0 20 0.9989829659461975 1077 1796 1132 1828 Soc.
0 20 0.945408821105957 1137 1796 1187 1832 (3),
0 20 0.999692440032959 1187 1796 1235 1832 17,
0 20 0.9846818447113037 1235 1796 1326 1834 (1967),
0 20 0.9711025357246399 1328 1796 1437 1828 178-192.
0 21 0.8945592045783997 250 1847 302 1892 [22]
0 21 0.9245663285255432 303 1849 338 1886 J.
0 21 0.9995788931846619 337 1849 380 1884 M.
0 21 0.9977986216545105 381 1851 486 1890 Mackay.
0 21 0.9996274709701538 494 1851 600 1884 Assouad
0 21 0.9988954067230225 605 1854 730 1879 dimension
0 21 0.9999537467956543 735 1851 768 1882 of
0 21 0.6704064011573792 770 1854 888 1879 self-affine
0 21 0.992067813873291 891 1856 992 1888 carpets.
0 21 0.921778678894043 1006 1854 1122 1886 Conform.
0 21 0.9781634211540222 1128 1851 1211 1884 Geom.
0 21 0.8961514830589294 1218 1854 1288 1888 Dyn.,
0 21 0.7984837889671326 1293 1854 1437 1886 15:177-187,
0 22 0.9924289584159851 250 1935 302 1978 [23]
0 22 0.9149967432022095 305 1937 345 1974 C.
0 22 0.9867896437644958 340 1940 476 1970 McMullen.
0 22 0.6290351748466492 478 1937 534 1972 The
0 22 0.948349118232727 536 1942 659 1967 Hausdorf
0 22 0.9779911041259766 659 1942 781 1967 dimension
0 22 0.9999909400939941 783 1937 818 1974 of
0 22 0.9879404306411743 813 1942 904 1974 general
0 22 0.9996002316474915 908 1942 1032 1974 Sierpinski
0 22 0.9992550015449524 1032 1944 1130 1976 carpets.
0 22 0.9987603425979614 1135 1940 1233 1978 Nagoya
0 22 0.9969689249992371 1233 1940 1308 1972 Math.
0 22 0.5290330648422241 1308 1937 1348 1976 J.,
0 22 0.651034414768219 1346 1942 1437 1974 96:1-9,
1 0 0.9718923568725586 308 150 408 182 Dynam.
1 0 0.5579977035522461 411 146 522 184 Systems,
1 0 0.9359131455421448 524 146 660 184 32(4):1190
1 0 0.9996114373207092 665 148 735 182 1215,
1 0 0.8786365985870361 738 150 805 176 2012.
1 1 0.9804310202598572 308 236 390 270 Math.,
1 1 0.9826506972312927 393 234 514 272 24(3):445
1 1 0.9998247027397156 519 236 577 270 470,
1 1 0.9996155500411987 579 236 649 268 2012.
1 2 0.9998992681503296 307 324 388 358 thesis,
1 2 0.9942674040794373 395 326 522 358 University
1 2 0.9999802112579346 524 324 557 354 of
1 2 0.9999326467514038 561 328 674 354 Warwick,
1 2 0.9993834495544434 679 324 747 356 1984.
1 3 0.9327020049095154 308 414 481 444 Mathematical
1 3 0.9096569418907166 484 414 630 444 foundations
1 3 0.9999023675918579 632 412 685 444 and
1 3 0.9981631636619568 688 416 843 446 applications.
1 4 0.9992514252662659 310 500 396 532 Philos.
1 4 0.9964606165885925 400 502 463 537 Soc.,
1 4 0.983249306678772 468 502 599 534 145(3):669
1 4 0.9993942975997925 604 502 662 534 684,
1 4 0.9244712591171265 665 504 732 530 2008.
1 5 0.9990823268890381 308 590 371 625 Soc.,
1 5 0.9207873940467834 378 592 567 623 103(2):339-350,
1 5 0.9998223185539246 574 592 639 618 1988.
1 6 0.9999351501464844 307 678 363 713 891,
1 6 0.9773908853530884 366 678 434 711 1999.
2 0 0.9713956713676453 310 769 385 803 Appl.,
2 0 0.9963679313659668 390 769 569 801 11(1):107-124,
2 0 0.9999154806137085 571 766 642 799 2005.
3 0 0.7912330627441406 307 857 426 883 self-affine
3 0 0.9981663823127747 429 859 529 891 carpets.
3 0 0.9581874012947083 539 855 612 887 Fund.
3 0 0.9797595143318176 619 855 700 889 Math.,
3 0 0.999483585357666 705 857 898 889 209(3):193-213,
3 0 0.7030156850814819 901 855 972 887 2010.
4 0 0.995075523853302 307 943 441 981 25(7):2075
4 0 0.9993670582771301 446 945 517 977 2092,
4 0 0.9996310472488403 519 947 586 973 2012.
4 1 0.999961256980896 308 1033 466 1065 366(12):6687
4 1 0.9929583072662354 474 1033 544 1067 6733,
4 1 0.9991310238838196 547 1035 615 1061 2014.
5 0 0.27867618203163147 310 1158 783 1188 ttp://arziy.org/al/1404.1016y1.
5 1 0.9865823984146118 308 1243 391 1278 Math.,
5 1 0.45867082476615906 396 1241 664 1280 18002,773-822,2014.
5 2 0.9403041005134583 307 1332 453 1362 dimensions.
5 2 0.7180849313735962 466 1334 534 1359 Work
5 2 0.7855826616287231 537 1332 569 1362 in
5 2 0.9995571970939636 571 1336 679 1368 progress,
5 2 0.9997995495796204 682 1334 750 1359 2014.
6 0 0.5816466212272644 307 1475 373 1508 Amn.
6 0 0.9997610449790955 378 1478 448 1503 Acad.
6 0 0.9982742071151733 454 1473 506 1508 Sci.
6 0 0.5558081865310669 511 1478 581 1503 Fenn.
6 0 0.9834175705909729 587 1475 670 1508 Math.,
6 0 0.9339131712913513 675 1475 821 1508 39:771-785,
6 0 0.9994770884513855 825 1478 891 1503 2014.
6 1 0.9969160556793213 312 1566 405 1598 Ergodic
6 1 0.9207603931427002 411 1566 499 1598 Theory
6 1 0.7614238262176514 504 1566 600 1598 Dynam.
6 1 0.9868062734603882 609 1566 715 1598 Systems,
6 1 0.90125972032547 720 1566 899 1598 26(3):739-754,
6 1 0.9974924325942993 904 1568 971 1594 2006.
6 2 0.6276007294654846 307 1652 380 1684 afine
6 2 0.6518769860267639 381 1654 514 1684 attractors.
6 2 0.6057744026184082 522 1652 612 1684 Comm.
6 2 0.99974125623703 620 1654 692 1680 Math.
6 2 0.9906919598579407 700 1654 776 1688 Phys.,
6 2 0.9785206317901611 783 1656 976 1686 270(2):519-544,
6 2 0.9992868304252625 977 1652 1049 1684 2007.
6 3 0.933412492275238 310 1744 406 1770 Indiana
6 3 0.24568696320056915 415 1744 479 1770 Umi.
6 3 0.9979074001312256 488 1744 561 1770 Math.
6 3 0.5243811011314392 566 1740 604 1776 J.,
6 3 0.9288952946662903 607 1744 723 1776 41(2):533
6 3 0.9996405839920044 732 1742 788 1776 568,
6 3 0.8541367650032043 793 1744 858 1770 1992.
7 0 0.995788037776947 307 1888 375 1914 2011.
7 1 0.9960755705833435 310 1976 375 2002 1984.
8 0 0.9988425970077515 828 2060 864 2092 16
