block line confidence X1 Y1 X2 Y2 token
0 0 0.9999680519104004 1542 75 1567 109 2
1 0 0.9906578063964844 146 148 214 180 netic
1 0 0.9992400407791138 217 156 300 182 energy
1 0 0.9509528279304504 305 148 444 180 functionals
1 0 0.9995331764221191 444 152 479 180 as
1 0 0.9945641756057739 479 148 544 180 local
1 0 0.9893059134483337 547 148 682 180 variational
1 0 0.999671459197998 687 150 801 182 problems
1 0 0.9993683695793152 801 146 836 182 in
1 0 0.9938429594039917 878 154 929 180 was
1 0 0.6763561367988586 933 148 989 180 also
1 0 0.9880931973457336 994 150 1120 182 supported
1 0 0.9982391595840454 1127 146 1167 184 by
1 0 0.8660619258880615 1170 148 1313 186 asymptotic
1 0 0.6722418665885925 1314 143 1469 182 estimates35.
1 0 0.9931352138519287 1482 146 1520 182 In
1 0 0.9627896547317505 1524 152 1565 180 or-
1 1 0.9995997548103333 147 182 258 214 auxiliary
1 1 0.9961169958114624 265 182 378 214 potential
1 1 0.996657133102417 383 180 458 212 fields.
1 1 0.9998676776885986 471 180 587 212 However,
1 1 0.9998200535774231 589 178 640 212 the
1 1 0.7641327381134033 640 180 758 219 proposed
1 1 0.9997178912162781 760 180 835 212 refor-
1 1 0.9999954700469971 878 182 926 212 der
1 1 0.9999799728393555 924 182 957 212 to
1 1 0.9999045133590698 957 180 1100 210 understand
1 1 0.9999659061431885 1099 178 1148 212 the
1 1 0.9806196689605713 1150 182 1326 214 underpinnings
1 1 0.9986760020256042 1328 180 1361 210 of
1 1 0.9999334812164307 1358 180 1412 212 this
1 1 0.8928502798080444 1414 182 1563 214 discrepancy,
1 2 0.9982842803001404 149 214 258 240 mulation
1 2 0.9995936751365662 267 212 300 242 of
1 2 0.8988540172576904 303 210 456 242 electrostatic
1 2 0.8841637372970581 463 212 612 242 interactions
1 2 0.9997956156730652 617 212 645 242 is
1 2 0.9987497329711914 652 212 748 244 notably
1 2 0.9713730812072754 755 210 835 242 differ-
1 2 0.9993388056755066 878 216 918 242 we
1 2 0.9990766048431396 918 216 966 242 use
1 2 0.9999605417251587 966 210 1016 244 the
1 2 0.9414729475975037 1017 212 1187 242 finite-element
1 2 0.9961122870445251 1190 210 1323 242 discretized
1 2 0.9913437366485596 1329 212 1454 244 real-space
1 2 0.972905158996582 1459 214 1563 240 formula-
1 3 0.992526650428772 146 247 194 277 ent
1 3 0.9651415348052979 195 242 260 275 from
1 3 0.8385570049285889 263 244 371 277 previous
1 3 0.9993758797645569 376 244 458 277 works,
1 3 0.9998394250869751 463 242 517 275 and
1 3 0.9971764087677002 519 242 617 275 enables
1 3 0.9974687099456787 620 244 669 275 the
1 3 0.9387375712394714 672 247 801 275 evaluation
1 3 0.9999974966049194 803 240 840 277 of
1 3 0.9999068975448608 878 242 934 275 tion
1 3 0.9999772310256958 934 240 971 277 of
1 3 0.9984050393104553 969 242 1112 275 orbital-free
1 3 0.9990522265434265 1117 244 1182 270 DFT
1 3 0.9993000030517578 1185 242 1238 277 and
1 3 0.9955422282218933 1243 247 1354 279 compute
1 3 0.999974250793457 1358 242 1407 277 the
1 3 0.9889707565307617 1407 247 1510 279 vacancy
1 3 0.9994392991065979 1515 242 1567 275 for-
1 4 0.9875524044036865 147 275 282 305 variational
1 4 0.681815505027771 288 277 471 309 configurational
1 4 0.9994660019874573 476 275 554 307 forces
1 4 0.9918970465660095 557 277 730 309 corresponding
1 4 0.9999717473983765 735 277 768 307 to
1 4 0.9999274015426636 770 275 835 307 both
1 4 0.9979221224784851 878 275 969 307 mation
1 4 0.9990841150283813 974 279 1060 311 energy
1 4 0.5591210126876831 1067 277 1138 311 using
1 4 0.9999135732650757 1142 275 1195 309 two
1 4 0.6945074796676636 1200 277 1321 309 boundary
1 4 0.8417506217956543 1328 275 1464 307 conditions:
1 4 0.5651282072067261 1479 272 1515 313 (i)
1 4 0.9702328443527222 1519 281 1563 309 pe-
1 5 0.9981415271759033 147 309 245 335 internal
1 5 0.997197151184082 249 307 338 339 atomic
1 5 0.9936205744743347 340 307 478 337 relaxations
1 5 0.9979628324508667 479 311 514 339 as
1 5 0.9386724829673767 512 307 567 339 well
1 5 0.9991770386695862 569 311 602 339 as
1 5 0.995037853717804 602 307 708 339 external
1 5 0.9770112633705139 708 305 758 339 cell
1 5 0.9279933571815491 758 307 835 339 relax-
1 5 0.9971036314964294 879 309 952 335 riodic
1 5 0.9997416138648987 959 309 1079 341 boundary
1 5 0.9989739656448364 1085 309 1221 339 conditions,
1 5 0.991304874420166 1228 309 1354 341 equivalent
1 5 0.9999028444290161 1359 309 1396 341 to
1 5 0.6736776828765869 1399 309 1565 341 Fourier-space
1 6 0.9999046325683594 146 339 215 371 ation
1 6 0.9998867511749268 219 339 297 371 under
1 6 0.9998975992202759 298 343 325 371 a
1 6 0.999320387840271 325 341 400 373 single
1 6 0.9453943371772766 405 339 546 369 framework.
1 6 0.9963194131851196 561 343 660 369 Further,
1 6 0.9999027252197266 669 341 717 371 the
1 6 0.9995855689048767 720 341 833 373 proposed
1 6 0.9997624754905701 878 339 952 371 based
1 6 0.9657115340232849 957 341 1120 371 formulations;
1 6 0.9915974736213684 1128 337 1172 375 (ii)
1 6 0.9998971223831177 1175 339 1236 371 bulk
1 6 0.9958416819572449 1241 341 1351 367 Dirichlet
1 6 0.998526930809021 1359 341 1480 373 boundary
1 6 0.9980390667915344 1485 341 1562 367 condi-
1 7 0.7228515148162842 147 371 293 401 formulation
1 7 0.913465142250061 297 373 413 406 naturally
1 7 0.9779871106147766 416 373 512 399 extends
1 7 0.9999879598617554 516 373 549 401 to
1 7 0.9998050332069397 552 371 692 401 all-electron
1 7 0.9970327615737915 693 371 835 401 orbital-free
1 7 0.9911080598831177 878 371 949 406 tions,
1 7 0.9999456405639648 957 373 1035 399 where
1 7 0.999588668346405 1040 369 1090 403 the
1 7 0.9951830506324768 1095 373 1265 406 perturbations
1 7 0.9996706247329712 1271 371 1303 401 in
1 7 0.9999752044677734 1306 369 1356 403 the
1 7 0.9976487755775452 1361 373 1480 399 electronic
1 7 0.9970158338546753 1487 371 1565 403 struc-
1 8 0.999946117401123 146 401 214 433 DFT
1 8 0.5590860247612 214 403 363 433 calculations
1 8 0.9998462200164795 363 403 396 431 of
1 8 0.9969111084938049 395 403 469 436 warm
1 8 0.9999723434448242 469 401 544 433 dense
1 8 0.9906083345413208 546 399 690 431 matter16,17.
1 8 0.9990077614784241 695 399 733 436 In
1 8 0.9997382760047913 730 401 780 436 the
1 8 0.9997671246528625 778 406 835 438 pro-
1 8 0.9993047714233398 876 403 936 436 ture
1 8 0.9320797920227051 933 401 1024 440 arising
1 8 0.9988214373588562 1020 401 1074 436 due
1 8 0.9996395111083984 1072 403 1105 433 to
1 8 0.9998453855514526 1104 401 1153 436 the
1 8 0.9454105496406555 1150 406 1253 438 vacancy
1 8 0.8448508977890015 1256 406 1358 431 vanishes
1 8 0.9998639822006226 1359 408 1397 433 on
1 8 0.9998553991317749 1397 403 1442 431 the
1 8 0.9996145963668823 1444 403 1563 436 boundary
1 9 0.9999386072158813 147 436 220 468 posed
1 9 0.9976950287818909 230 436 353 468 real-space
1 9 0.9211380481719971 361 436 512 466 formulation,
1 9 0.999981164932251 521 431 569 466 the
1 9 0.5930469036102295 574 436 732 468 ground-state
1 9 0.9895220398902893 740 436 831 461 orbital-
1 9 0.9656687378883362 874 431 913 468 of
1 9 0.9989745616912842 909 431 959 466 the
1 9 0.7635639905929565 961 438 1140 468 computational
1 9 0.9958912134170532 1145 433 1248 466 domain.
1 9 0.9999297857284546 1261 433 1316 466 Our
1 9 0.9976475834846497 1318 436 1394 468 study
1 9 0.957143247127533 1396 433 1504 472 suggests
1 9 0.9999610185623169 1505 433 1567 466 that
1 10 0.9998852014541626 146 466 199 498 free
1 10 0.9993890523910522 200 466 268 498 DFT
1 10 0.5305851697921753 272 468 373 500 problem
1 10 0.9990525841712952 378 466 406 498 is
1 10 0.9881370663642883 408 466 567 496 reformulated
1 10 0.999672532081604 571 472 605 498 as
1 10 0.999583899974823 605 472 644 498 an
1 10 0.9999417066574097 645 468 775 500 equivalent
1 10 0.9998594522476196 776 466 835 498 sad-
1 10 0.9988027811050415 879 468 946 494 while
1 10 0.9999439716339111 951 468 996 496 the
1 10 0.9866805672645569 997 470 1099 502 vacancy
1 10 0.9780418276786804 1102 466 1225 498 formation
1 10 0.9979362487792969 1228 470 1314 502 energy
1 10 0.9995118379592896 1316 466 1344 498 is
1 10 0.9336321949958801 1344 464 1399 498 well
1 10 0.9969834685325623 1401 466 1527 504 converged
1 10 0.9975476861000061 1527 466 1567 502 by
1 11 0.9996827840805054 146 496 192 530 dle
1 11 0.9999148845672607 194 500 263 532 point
1 11 0.9963305592536926 268 500 371 532 problem
1 11 0.9999948740005493 376 498 410 528 of
1 11 0.9994592070579529 408 500 433 530 a
1 11 0.9914420247077942 436 500 498 526 local
1 11 0.9423933625221252 504 500 627 526 functional
1 11 0.9980453252792358 634 498 665 528 in
1 11 0.603929877281189 670 500 770 526 electron
1 11 0.9997072815895081 775 498 835 530 den-
1 11 0.9782332181930542 878 498 929 530 108
1 11 0.9999784231185913 933 502 999 528 atom
1 11 0.9987275004386902 1009 500 1105 526 cell-size
1 11 0.9979890584945679 1112 500 1183 532 using
1 11 0.9943566918373108 1190 500 1293 532 periodic
1 11 0.9962077140808105 1301 500 1421 532 boundary
1 11 0.7460673451423645 1427 500 1563 530 conditions,
1 12 0.9981575608253479 146 530 202 565 sity,
1 12 0.5985355377197266 210 530 363 560 electrostatic
1 12 0.9839382767677307 370 532 483 565 potential
1 12 0.9993016719818115 489 530 542 562 and
1 12 0.9999620914459229 546 528 595 562 the
1 12 0.9998036026954651 600 532 712 565 auxiliary
1 12 0.9525308012962341 720 532 833 565 potential
1 12 0.9999517202377319 878 532 926 562 the
1 12 0.9974642992019653 929 532 1049 558 electronic
1 12 0.9978846907615662 1055 532 1122 558 fields
1 12 0.9955495595932007 1128 539 1172 560 are
1 12 0.9997352957725525 1172 530 1225 562 not
1 12 0.9948540329933167 1226 532 1407 565 well-converged
1 12 0.9934567809104919 1412 528 1452 567 by
1 12 0.9998831748962402 1452 530 1505 562 this
1 12 0.988038182258606 1507 528 1565 560 cell-
1 13 0.9999408721923828 147 565 214 590 fields
1 13 0.9978952407836914 219 560 308 599 (kernel
1 13 0.9964972138404846 312 565 443 597 potentials)
1 13 0.9498342275619507 449 565 586 597 accounting
1 13 0.9999997615814209 586 560 630 595 for
1 13 0.9999568462371826 629 560 677 595 the
1 13 0.9277769923210144 679 565 791 590 extended
1 13 0.9995315074920654 793 560 835 595 in-
1 13 0.9508486986160278 876 562 936 595 size.
1 13 0.9914814233779907 952 560 1001 595 On
1 13 0.9999678134918213 1002 560 1052 595 the
1 13 0.99988853931427 1057 565 1125 590 other
1 13 0.9971933960914612 1133 565 1200 590 hand
1 13 0.9999631643295288 1205 560 1253 595 the
1 13 0.9988297820091248 1260 565 1318 590 bulk
1 13 0.9983940720558167 1326 565 1434 590 Dirichlet
1 13 0.9994907379150391 1444 560 1567 599 boundary
1 14 0.9989200830459595 149 597 270 623 teractions
1 14 0.9998643398284912 273 590 308 627 in
1 14 0.9999710321426392 310 590 358 625 the
1 14 0.9991194605827332 361 592 449 625 kinetic
1 14 0.9916414022445679 453 597 539 629 energy
1 14 0.933085024356842 544 592 679 625 functional.
1 14 0.9986604452133179 690 590 740 625 We
1 14 0.6208949089050293 740 592 835 631 employ
1 14 0.9988448619842529 878 592 1007 625 conditions
1 14 0.9984893798828125 1009 592 1075 625 show
1 14 0.9997095465660095 1077 590 1133 625 well
1 14 0.9992119073867798 1135 595 1260 627 converged
1 14 0.9967819452285767 1265 597 1384 623 formation
1 14 0.9960965514183044 1391 601 1474 627 energy
1 14 0.9998668432235718 1475 599 1512 625 as
1 14 0.6879125833511353 1510 590 1565 625 well
1 15 0.9828280210494995 142 625 180 661 al
1 15 0.8383723497390747 172 627 327 659 higher-order
1 15 0.782819390296936 332 625 503 655 finite-element
1 15 0.9993383288383484 504 625 572 657 basis
1 15 0.9999513626098633 576 627 609 657 to
1 15 0.9993372559547424 614 627 730 653 discretize
1 15 0.9998250603675842 735 627 783 657 the
1 15 0.9994033575057983 783 625 836 657 for-
1 15 0.9998791217803955 878 629 911 657 as
1 15 0.9974039196968079 911 627 1030 653 electronic
1 15 0.9957039952278137 1034 625 1102 657 fields
1 15 0.9997318387031555 1102 625 1142 661 by
1 15 0.9994692206382751 1140 623 1190 657 cell
1 15 0.9998307228088379 1188 625 1250 657 sizes
1 15 0.9999352693557739 1250 625 1283 655 of
1 15 0.7726331353187561 1283 629 1371 655 1,000
1 15 0.9995636343955994 1374 631 1457 657 atoms,
1 15 0.9988503456115723 1462 625 1538 657 which
1 15 0.9999116659164429 1538 625 1565 657 is
1 16 0.97584468126297 147 659 267 691 mulation,
1 16 0.9996691942214966 272 657 327 689 and
1 16 0.9243339896202087 333 661 486 685 demonstrate
1 16 0.9999810457229614 491 657 541 691 the
1 16 0.9887114763259888 542 659 642 691 optimal
1 16 0.9953233599662781 649 659 770 685 numerical
1 16 0.9613633155822754 776 663 833 687 con-
1 16 0.9970254302024841 878 657 1004 689 consistent
1 16 0.9992690682411194 1006 657 1067 689 with
1 16 0.9818082451820374 1069 659 1135 693 prior
1 16 0.9779747724533081 1138 659 1263 691 real-space
1 16 0.9915153980255127 1266 657 1419 687 calculations.
1 16 0.9998466968536377 1427 657 1490 689 This
1 16 0.9980752468109131 1492 657 1567 691 study
1 17 0.9988124370574951 146 693 257 726 vergence
1 17 0.9990866184234619 258 689 292 719 of
1 17 0.999885082244873 292 691 353 717 both
1 17 0.9980568289756775 355 687 403 721 the
1 17 0.970386266708374 405 691 562 724 ground-state
1 17 0.5916135907173157 564 693 652 726 energy
1 17 0.9990864992141724 652 687 707 721 and
1 17 0.7085216045379639 708 691 831 724 configura-
1 17 0.9986854195594788 878 691 966 717 reveals
1 17 0.9999698400497437 971 691 1027 717 that
1 17 0.9962843656539917 1032 691 1102 717 while
1 17 0.9588268399238586 1105 687 1211 726 periodic
1 17 0.9982490539550781 1215 691 1336 724 boundary
1 17 0.7868474125862122 1341 691 1470 719 conditions
1 17 0.9988941550254822 1472 689 1540 721 show
1 17 0.9999052286148071 1540 691 1567 721 a
1 18 0.9177402257919312 147 724 222 749 tional
1 18 0.9996315240859985 227 724 300 749 forces
1 18 0.998700737953186 305 724 365 749 with
1 18 0.5567929744720459 368 724 459 756 respect
1 18 0.9999229907989502 461 724 496 751 to
1 18 0.9999688863754272 496 719 546 754 the
1 18 0.9922646284103394 546 721 720 751 discretization.
1 18 0.9996169805526733 728 721 833 754 Further,
1 18 0.999943733215332 878 724 982 756 superior
1 18 0.9674667119979858 989 726 1140 756 convergence
1 18 0.9996950626373291 1145 721 1178 751 in
1 18 0.9995208978652954 1185 724 1308 749 formation
1 18 0.9994926452636719 1316 724 1417 756 energies
1 18 0.9998935461044312 1422 721 1477 754 due
1 18 0.9999396800994873 1480 724 1514 751 to
1 18 0.9999650716781616 1517 719 1567 754 the
1 19 0.9869794845581055 146 758 187 784 we
1 19 0.9995730519294739 189 758 290 790 propose
1 19 0.9995936751365662 293 758 332 784 an
1 19 0.9944279193878174 337 756 433 782 efficient
1 19 0.9946603178977966 439 756 562 782 numerical
1 19 0.9997864365577698 567 756 683 788 approach
1 19 0.9998441934585571 688 756 722 784 to
1 19 0.7772615551948547 727 760 833 786 compute
1 19 0.834348201751709 878 754 1012 784 variational
1 19 0.9998868703842163 1016 758 1099 782 nature
1 19 0.9999929666519165 1104 754 1137 784 of
1 19 0.9993306398391724 1135 751 1182 786 the
1 19 0.9444025158882141 1183 756 1316 786 formalism,
1 19 0.9999361038208008 1319 756 1364 784 the
1 19 0.9994298815727234 1366 754 1426 786 true
1 19 0.999357283115387 1427 756 1524 782 cell-size
1 19 0.9833928942680359 1525 749 1565 786 ef-
1 20 0.9999864101409912 146 784 194 818 the
1 20 0.9999191761016846 192 784 275 816 saddle
1 20 0.9999371767044067 275 786 343 818 point
1 20 0.9965552091598511 345 786 449 818 problem
1 20 0.9997220635414124 449 784 479 816 in
1 20 0.9738426804542542 481 784 581 816 electron
1 20 0.7299432158470154 582 786 680 818 density,
1 20 0.8903350830078125 683 788 833 812 electrostatic
1 20 0.9998328685760498 878 784 939 816 fects
1 20 0.9998955726623535 942 786 1017 812 which
1 20 0.9996107220649719 1019 784 1077 816 also
1 20 0.9875330924987793 1079 790 1183 814 measure
1 20 0.9684299230575562 1185 790 1338 820 convergence
1 20 0.9999940395355225 1338 782 1374 818 of
1 20 0.9126816987991333 1374 786 1494 812 electronic
1 20 0.9935792684555054 1497 784 1565 816 fields
1 21 0.9885474443435669 147 818 260 850 potential
1 21 0.9999164342880249 263 816 317 848 and
1 21 0.9970182180404663 320 818 396 844 kernel
1 21 0.9964359998703003 403 818 526 850 potentials
1 21 0.9976333379745483 529 814 571 857 by
1 21 0.7934361100196838 571 822 700 850 expressing
1 21 0.9999486207962036 703 818 752 848 the
1 21 0.9998811483383179 752 816 835 848 saddle
1 21 0.9982654452323914 876 822 923 848 are
1 21 0.998984158039093 924 818 1034 850 provided
1 21 0.9999146461486816 1037 816 1077 852 by
1 21 0.999915361404419 1077 818 1125 848 the
1 21 0.9992314577102661 1123 816 1187 848 bulk
1 21 0.996591329574585 1190 818 1298 844 Dirichlet
1 21 0.7280853986740112 1303 818 1424 850 boundary
1 21 0.9903477430343628 1427 816 1563 846 conditions.
1 22 0.9998695850372314 146 850 217 883 point
1 22 0.9992677569389343 224 850 327 883 problem
1 22 0.9921584129333496 333 852 368 880 as
1 22 0.9974930286407471 370 852 396 880 a
1 22 0.9972946047782898 400 848 464 880 fixed
1 22 0.9999611377716064 469 850 539 883 point
1 22 0.9996511936187744 546 850 655 876 iteration
1 22 0.9998134970664978 662 850 773 883 problem,
1 22 0.9995527863502502 781 848 836 880 and
1 22 0.9957452416419983 876 846 926 880 We
1 22 0.9999191761016846 924 848 989 880 note
1 22 0.9991449117660522 989 848 1049 880 that
1 22 0.9996466636657715 1054 850 1099 878 the
1 22 0.9998723268508911 1104 850 1216 883 proposed
1 22 0.9557904005050659 1223 850 1348 883 real-space
1 22 0.9964808821678162 1353 848 1499 878 formulation
1 22 0.9995817542076111 1502 846 1565 880 with
1 23 0.9986061453819275 147 883 219 915 using
1 23 0.9999181032180786 219 885 247 913 a
1 23 0.876105546951294 247 880 421 910 self-consistent
1 23 0.9995591044425964 426 878 486 910 field
1 23 0.9993836879730225 491 883 607 915 approach
1 23 0.9994403719902039 612 883 645 910 to
1 23 0.9997636675834656 649 883 713 908 solve
1 23 0.9999589920043945 717 878 766 913 the
1 23 0.8960070610046387 770 883 833 908 fixed
1 23 0.635797381401062 878 880 1047 910 finite-element
1 23 0.9836488962173462 1049 880 1216 910 discretization
1 23 0.9979453682899475 1216 885 1260 910 are
1 23 0.9731793999671936 1261 883 1344 908 crucial
1 23 0.9991816878318787 1344 883 1377 910 to
1 23 0.9992491602897644 1376 883 1505 915 employing
1 23 0.9988206028938293 1505 878 1567 913 bulk
1 24 0.9972546696662903 146 1016 199 1048 free
1 24 0.9955137372016907 199 1016 267 1048 DFT
1 24 0.9989780187606812 267 1014 310 1050 for
1 24 0.9500738978385925 310 1016 346 1048 Al
1 24 0.9996359348297119 345 1016 400 1048 and
1 24 0.9982872605323792 400 1016 449 1052 Mg
1 24 0.9841960668563843 449 1016 567 1048 materials
1 24 0.9983731508255005 569 1018 675 1050 systems.
1 24 0.817054808139801 682 1014 723 1048 To
1 24 0.9998636245727539 722 1016 776 1048 this
1 24 0.9987654685974121 776 1016 835 1050 end,
1 24 0.9992824196815491 879 1014 971 1039 Section
1 24 0.9998693466186523 974 1011 1004 1044 II
1 24 0.999040424823761 1006 1014 1110 1046 provides
1 24 0.9996967315673828 1110 1016 1137 1044 a
1 24 0.5658348202705383 1137 1014 1275 1046 description
1 24 0.9999983310699463 1278 1011 1311 1041 of
1 24 0.9995941519737244 1309 1014 1354 1041 the
1 24 0.9956883788108826 1356 1011 1497 1041 orbital-free
1 24 0.9984057545661926 1500 1014 1563 1039 DFT
1 25 0.9969011545181274 146 1052 187 1080 we
1 25 0.9607843160629272 189 1054 293 1080 compute
1 25 0.9996885061264038 298 1050 343 1078 the
1 25 0.9594875574111938 345 1050 403 1076 bulk
1 25 0.9980244636535645 406 1050 532 1082 properties
1 25 0.787330687046051 534 1048 567 1078 of
1 25 0.9226618409156799 566 1048 609 1082 Al,
1 25 0.9975952506065369 609 1048 657 1084 Mg
1 25 0.9998130202293396 657 1048 710 1080 and
1 25 0.7401880621910095 712 1048 793 1082 Al-Mg
1 25 0.9994681477546692 795 1050 835 1078 in-
1 25 0.9983521699905396 878 1046 989 1078 problem.
1 25 0.9994707703590393 1011 1046 1102 1072 Section
1 25 0.9912341237068176 1108 1041 1150 1076 III
1 25 0.7266048192977905 1155 1046 1260 1078 presents
1 25 0.990290105342865 1266 1046 1314 1076 the
1 25 0.9723044037818909 1318 1046 1432 1078 proposed
1 25 0.9567154049873352 1439 1046 1565 1078 real-space
1 26 0.9134437441825867 147 1082 300 1112 termetallics,
1 26 0.9998143315315247 303 1080 358 1112 and
1 26 0.9982826709747314 361 1087 466 1112 compare
1 26 0.9969303011894226 471 1080 498 1110 it
1 26 0.9999067783355713 499 1080 562 1112 with
1 26 0.68141770362854 566 1080 713 1110 Kohn-Sham
1 26 0.9877434968948364 720 1082 790 1108 DFT.
1 26 0.999823272228241 795 1078 836 1112 As
1 26 0.9952178001403809 878 1076 1024 1108 formulation
1 26 0.9996553659439087 1027 1072 1065 1108 of
1 26 0.9996515512466431 1065 1074 1113 1108 the
1 26 0.7576732635498047 1117 1076 1258 1106 orbital-free
1 26 0.9532961845397949 1266 1078 1329 1104 DFT
1 26 0.9993247985839844 1338 1078 1447 1110 problem,
1 26 0.9998131394386292 1455 1074 1504 1108 the
1 26 0.9962354302406311 1505 1080 1563 1106 con-
1 27 0.9899711012840271 147 1112 287 1142 orbital-free
1 27 0.98982834815979 290 1115 353 1140 DFT
1 27 0.991446852684021 356 1112 415 1147 only
1 27 0.9551284909248352 418 1115 504 1140 admits
1 27 0.588716447353363 508 1115 569 1140 local
1 27 0.5138120651245117 572 1115 785 1147 pseudopotentials,
1 27 0.9996466636657715 790 1115 835 1142 the
1 27 0.9564487934112549 879 1108 1020 1140 figurational
1 27 0.9996403455734253 1025 1110 1099 1136 forces
1 27 0.9993299245834351 1102 1110 1228 1136 associated
1 27 0.9998185038566589 1230 1106 1291 1138 with
1 27 0.9913089275360107 1293 1110 1416 1136 structural
1 27 0.9595285058021545 1419 1108 1563 1140 relaxations,
1 28 0.8273186087608337 147 1142 297 1173 Kohn-Sham
1 28 0.9984467625617981 300 1145 366 1170 DFT
1 28 0.9792047142982483 368 1145 517 1175 calculations
1 28 0.9998569488525391 519 1149 564 1175 are
1 28 0.9969985485076904 569 1147 693 1173 conducted
1 28 0.9800323843955994 698 1145 768 1179 using
1 28 0.9999538660049438 770 1142 835 1175 both
1 28 0.9981843829154968 876 1138 929 1170 and
1 28 0.961909294128418 933 1140 977 1168 the
1 28 0.8396325707435608 982 1138 1152 1168 finite-element
1 28 0.9565887451171875 1157 1138 1324 1168 discretization
1 28 0.9993496537208557 1328 1138 1361 1168 of
1 28 0.9998925924301147 1362 1140 1407 1168 the
1 28 0.9943045973777771 1411 1138 1563 1170 formulation.
1 29 0.9965787529945374 146 1175 210 1207 local
1 29 0.9993913173675537 214 1175 268 1207 and
1 29 0.9982751607894897 273 1179 388 1205 non-local
1 29 0.5249043703079224 398 1177 597 1209 psedupotentials.
1 29 0.6539480090141296 614 1175 672 1207 Our
1 29 0.9346252083778381 675 1175 766 1207 studies
1 29 0.9987117052078247 771 1175 835 1207 indi-
1 29 0.9992424249649048 879 1173 971 1198 Section
1 29 0.9977287650108337 971 1168 1011 1203 IV
1 29 0.9661222100257874 1012 1173 1122 1198 discusses
1 29 0.9999732971191406 1123 1168 1172 1203 the
1 29 0.8067485690116882 1172 1173 1293 1198 numerical
1 29 0.9412699341773987 1296 1173 1489 1205 implementation
1 29 0.9999738931655884 1490 1170 1524 1200 of
1 29 0.9999755620956421 1519 1168 1567 1203 the
1 30 0.9971959590911865 147 1211 214 1237 cates
1 30 0.9994239807128906 219 1207 277 1239 that
1 30 0.9946417808532715 282 1209 330 1239 the
1 30 0.9997866749763489 332 1207 395 1239 bulk
1 30 0.9972533583641052 400 1209 526 1241 properties
1 30 0.9227825999259949 532 1209 655 1241 computed
1 30 0.9858113527297974 662 1209 733 1241 using
1 30 0.9939950108528137 740 1209 831 1235 orbital-
1 30 0.9957868456840515 878 1203 1024 1233 formulation
1 30 0.9998400211334229 1024 1200 1079 1235 and
1 30 0.9992196559906006 1079 1205 1183 1237 presents
1 30 0.9998124241828918 1183 1207 1221 1235 an
1 30 0.9986525774002075 1223 1205 1321 1231 efficient
1 30 0.9768491387367249 1324 1205 1445 1231 numerical
1 30 0.9989296793937683 1447 1200 1567 1239 approach
1 31 0.9999858140945435 146 1237 199 1271 free
1 31 0.9991710186004639 197 1239 263 1271 DFT
1 31 0.9999997615814209 260 1237 305 1271 for
1 31 0.9067664742469788 303 1237 346 1274 Al,
1 31 0.99554044008255 345 1239 398 1276 Mg
1 31 0.9965248703956604 390 1239 444 1271 and
1 31 0.9765056371688843 444 1239 527 1274 Al-Mg
1 31 0.8909698128700256 526 1239 695 1271 intermetallics
1 31 0.999011754989624 695 1243 740 1269 are
1 31 0.9997860789299011 737 1237 771 1274 in
1 31 0.9999041557312012 768 1237 836 1278 good
1 31 0.999996542930603 876 1233 919 1267 for
1 31 0.9999815225601196 918 1233 966 1267 the
1 31 0.9991833567619324 967 1237 1067 1263 solution
1 31 0.9999287128448486 1069 1235 1102 1265 of
1 31 0.9994730353355408 1100 1233 1148 1267 the
1 31 0.9994000196456909 1148 1237 1228 1263 saddle
1 31 0.9999715089797974 1231 1235 1303 1269 point
1 31 0.9988853335380554 1304 1237 1429 1269 real-space
1 31 0.9953494668006897 1431 1233 1565 1265 variational
1 32 0.9958908557891846 147 1274 277 1306 agreement
1 32 0.9997541308403015 278 1274 338 1299 with
1 32 0.9131858348846436 338 1271 488 1301 Kohn-Sham
1 32 0.8463648557662964 489 1274 559 1299 DET.
1 32 0.9997299313545227 562 1269 609 1304 We
1 32 0.9994309544563293 610 1274 697 1299 further
1 32 0.9931226372718811 700 1274 833 1304 investigate
1 32 0.9992126226425171 878 1269 987 1301 problem.
1 32 0.9994645714759827 1001 1269 1092 1295 Section
1 32 0.999118983745575 1099 1265 1127 1297 V
1 32 0.9984772801399231 1130 1269 1233 1301 presents
1 32 0.9999642372131348 1236 1265 1284 1299 the
1 32 0.9925811290740967 1286 1269 1409 1295 numerical
1 32 0.9882314801216125 1414 1271 1565 1301 convergence
1 33 0.9273671507835388 147 1306 195 1336 the
1 33 0.994276225566864 194 1310 305 1336 accuracy
1 33 0.8326958417892456 307 1304 338 1334 of
1 33 0.998056173324585 335 1304 476 1334 orbital-free
1 33 0.9967823028564453 479 1306 542 1332 DFT
1 33 0.9915329813957214 542 1301 582 1340 by
1 33 0.9989902377128601 582 1306 713 1338 computing
1 33 0.9809941053390503 717 1306 762 1334 the
1 33 0.9921182990074158 763 1306 833 1332 inter-
1 33 0.9999701976776123 878 1297 964 1329 results
1 33 0.998600423336029 967 1295 1006 1332 of
1 33 0.9999204874038696 1007 1299 1052 1327 the
1 33 0.9469990730285645 1062 1299 1231 1329 finite-element
1 33 0.9754294157028198 1238 1299 1407 1329 discretization
1 33 0.9999305009841919 1411 1295 1450 1329 of
1 33 0.9999608993530273 1452 1299 1497 1327 the
1 33 0.9568077325820923 1502 1297 1565 1329 real-
1 34 0.9868606925010681 149 1338 234 1364 atomic
1 34 0.9989416003227234 235 1334 312 1366 forces
1 34 0.9998886585235596 310 1334 341 1364 in
1 34 0.9804348945617676 341 1334 429 1366 Aland
1 34 0.987220048904419 429 1334 483 1370 Mg,
1 34 0.9993727803230286 484 1334 561 1366 which
1 34 0.9859268665313721 562 1342 605 1364 are
1 34 0.9984386563301086 605 1334 660 1366 also
1 34 0.9996107220649719 659 1336 690 1366 in
1 34 0.9943776726722717 688 1336 753 1370 good
1 34 0.9991053938865662 755 1338 835 1370 agree-
1 34 0.9975895881652832 878 1332 951 1364 space
1 34 0.9974400997161865 949 1332 1102 1362 formulation,
1 34 0.9998793601989746 1105 1332 1150 1359 the
1 34 0.9990743398666382 1152 1336 1261 1362 accuracy
1 34 0.9812001585960388 1261 1329 1314 1362 and
1 34 0.8199162483215332 1314 1332 1489 1364 transferability
1 34 0.8988179564476013 1490 1329 1527 1362 oft
1 34 0.999966025352478 1517 1327 1567 1362 the
1 35 0.9362847805023193 146 1370 214 1396 ment
1 35 0.9980486631393433 219 1366 282 1398 with
1 35 0.6409175992012024 285 1366 436 1396 Kohn-Sham
1 35 0.9877915382385254 441 1368 508 1394 DFT
1 35 0.9952976107597351 512 1366 667 1396 calculations.
1 35 0.9999799728393555 683 1366 740 1398 Our
1 35 0.9996845722198486 743 1366 835 1398 studies
1 35 0.9796486496925354 878 1364 1002 1396 real-space
1 35 0.8997775316238403 1006 1362 1145 1392 orbital-free
1 35 0.998904824256897 1150 1364 1213 1390 DFT
1 35 0.5070149302482605 1216 1364 1339 1390 formalism
1 35 0.9999997615814209 1341 1359 1386 1394 for
1 35 0.8754785656929016 1386 1362 1469 1396 Al-Mg
1 35 0.9981947541236877 1472 1364 1563 1390 materi-
1 36 0.7404279112815857 149 1402 302 1426 demonstrate
1 36 0.9301866888999939 303 1398 363 1430 that
1 36 0.9974982142448425 363 1398 501 1428 orbital-free
1 36 0.9883338212966919 504 1400 569 1426 DFT
1 36 0.9998853206634521 569 1398 595 1430 is
1 36 0.6273944973945618 597 1402 702 1426 accurate.
1 36 0.9852123260498047 703 1398 757 1430 and
1 36 0.9927176237106323 755 1398 835 1430 trans-
1 36 0.9999505281448364 876 1392 919 1426 als
1 36 0.998433530330658 921 1396 1017 1428 system,
1 36 0.9999349117279053 1022 1392 1075 1426 and
1 36 0.9999686479568481 1079 1392 1127 1426 the
1 36 0.999356210231781 1128 1394 1203 1428 study
1 36 0.999858021736145 1206 1394 1240 1424 of
1 36 0.9999715089797974 1240 1392 1288 1426 the
1 36 0.9983161687850952 1289 1392 1344 1426 role
1 36 0.9999862909317017 1344 1390 1381 1426 of
1 36 0.9795159697532654 1381 1392 1504 1430 boundary
1 36 0.9940201044082642 1507 1398 1563 1424 con-
1 37 0.9980029463768005 147 1433 234 1458 ferable
1 37 0.9993519186973572 239 1437 317 1460 across
1 37 0.9998786449432373 317 1435 343 1463 a
1 37 0.9525256752967834 343 1433 405 1458 wide
1 37 0.9149391651153564 406 1435 483 1467 range
1 37 0.9999241828918457 483 1430 516 1460 of
1 37 0.9992223978042603 516 1433 642 1465 properties
1 37 0.9999998807907104 644 1428 688 1463 for
1 37 0.8576072454452515 688 1428 732 1465 Al,
1 37 0.994648277759552 733 1430 783 1467 Mg
1 37 0.9995211362838745 783 1430 836 1463 and
1 37 0.990124523639679 878 1424 966 1456 ditions
1 37 0.999842643737793 967 1430 1006 1456 on
1 37 0.9999421834945679 1007 1424 1054 1458 the
1 37 0.9332655668258667 1055 1428 1152 1454 cell-size
1 37 0.999427318572998 1155 1424 1238 1456 effects
1 37 0.9992263317108154 1236 1422 1271 1458 in
1 37 0.9988589286804199 1273 1428 1394 1454 electronic
1 37 0.9995086193084717 1396 1426 1514 1458 structure
1 37 0.9993359446525574 1514 1424 1565 1456 cal-
1 38 0.9114581942558289 147 1463 230 1497 Al-Mg
1 38 0.9183713793754578 230 1465 405 1495 intermetallics,
1 38 0.9920175075531006 406 1463 461 1495 and
1 38 0.9991391897201538 459 1467 508 1493 can
1 38 0.9854088425636292 508 1463 544 1495 be
1 38 0.9995543360710144 541 1463 602 1495 used
1 38 0.9996765851974487 602 1465 634 1493 to
1 38 0.9997077584266663 634 1463 707 1497 study
1 38 0.9953452944755554 708 1465 833 1497 properties
1 38 0.9971248507499695 879 1460 991 1486 culations
1 38 0.9999794960021973 996 1454 1032 1491 of
1 38 0.9999852180480957 1034 1458 1102 1493 point
1 38 0.99955815076828 1108 1456 1205 1488 defects.
1 38 0.6928554177284241 1223 1458 1268 1486 We
1 38 0.9906094074249268 1275 1458 1354 1491 finally
1 38 0.9989126920700073 1361 1456 1474 1488 conclude
1 38 0.9998608827590942 1477 1456 1540 1488 with
1 39 0.9999455213546753 146 1495 179 1525 of
1 39 0.9993984699249268 174 1493 245 1525 these
1 39 0.9986206293106079 245 1497 360 1523 materials
1 39 0.9986639022827148 363 1499 459 1525 systems
1 39 0.7576664686203003 461 1493 521 1525 that
1 39 0.9998061060905457 521 1495 609 1527 require
1 39 0.6619216799736023 610 1495 788 1527 computational
1 39 0.9994500279426575 790 1495 835 1523 do-
1 39 0.9442456960678101 878 1497 996 1523 summary
1 39 0.9991881251335144 996 1488 1050 1523 and
1 39 0.9993382096290588 1052 1488 1150 1521 outlook
1 39 0.999517560005188 1150 1486 1185 1523 in
1 39 0.9997172951698303 1183 1488 1278 1521 Section
1 39 0.9923244714736938 1281 1486 1328 1521 VI.
2 0 0.9993101358413696 147 913 217 947 point
2 0 0.9996082186698914 220 915 327 941 iteration
2 0 0.9991784691810608 333 915 441 947 problem.
3 0 0.9981235861778259 879 915 987 941 Dirichlet
3 0 0.9997909665107727 992 915 1112 947 boundary
3 0 0.9839524626731873 1113 915 1250 945 conditions,
3 0 0.9990154504776001 1255 915 1328 941 which
3 0 0.9977169036865234 1331 915 1414 941 enable
3 0 0.9999710321426392 1414 910 1462 945 the
3 0 0.9999045133590698 1460 913 1535 947 study
3 0 0.9995156526565552 1535 913 1572 945 of
3 1 0.9999648332595825 904 979 961 1011 The
3 1 0.9984001517295837 966 981 1095 1009 remainder
3 1 0.9898877739906311 1100 979 1133 1009 of
3 1 0.9993768334388733 1135 977 1185 1011 the
3 1 0.9994927644729614 1187 983 1265 1016 paper
3 1 0.999871015548706 1270 979 1298 1011 is
3 1 0.9987382292747498 1303 981 1424 1014 organized
3 1 0.9940474033355713 1429 983 1465 1011 as
3 1 0.9988734126091003 1470 981 1562 1007 follows.
4 0 0.9787063002586365 172 951 227 986 Wes
4 0 0.9687438607215881 215 953 380 986 subsequently
4 0 0.9364911317825317 381 953 516 986 investigate
4 0 0.9993906021118164 517 953 562 981 the
4 0 0.9810889959335327 562 956 674 988 accuracy
4 0 0.9996320009231567 672 951 727 983 and
4 0 0.9975504279136658 727 956 831 981 transfer-
4 0 0.9926510453224182 879 945 976 971 isolated
4 0 0.9994888305664062 979 943 1069 975 defects
4 0 0.9998244643211365 1070 945 1100 973 in
4 0 0.99928879737854 1102 943 1168 975 bulk.
5 0 0.9976195693016052 147 983 230 1018 ability
5 0 0.999988317489624 232 983 265 1014 of
5 0 0.9982225298881531 263 983 312 1018 the
5 0 0.9812232255935669 315 990 423 1016 proposed
5 0 0.9912793040275574 431 986 554 1018 real-space
5 0 0.6273534893989563 559 983 705 1016 formulation
5 0 0.9999973773956299 705 981 742 1018 of
5 0 0.9947527647018433 740 986 831 1011 orbital-
6 0 0.7955740690231323 146 1525 225 1557 mains
6 0 0.9932882189750671 224 1525 283 1557 that
6 0 0.9368035197257996 282 1529 328 1555 are
6 0 0.9957196116447449 325 1527 373 1557 not
6 0 0.9968112111091614 373 1527 493 1553 accessible
6 0 0.9943997263908386 494 1527 566 1559 using
6 0 0.9573200345039368 564 1525 712 1555 Kohn-Sham
6 0 0.9979795813560486 713 1525 786 1557 DFT.
6 0 0.9999946355819702 788 1527 836 1557 For
6 1 0.9992656111717224 149 1561 257 1587 instance,
6 1 0.9999148845672607 263 1557 295 1587 in
6 1 0.9998136162757874 297 1555 346 1589 the
6 1 0.999607503414154 348 1559 443 1591 present
6 1 0.9993411898612976 446 1559 522 1594 study
6 1 0.9990413784980774 526 1566 564 1585 we
6 1 0.9807900190353394 569 1559 693 1591 computed
6 1 0.9999728202819824 697 1555 745 1589 the
6 1 0.9350460767745972 748 1559 833 1585 forma-
6 2 0.9991397857666016 146 1589 204 1622 tion
6 2 0.9964292645454407 204 1594 290 1626 energy
6 2 0.9993595480918884 292 1589 328 1622 of
6 2 0.46424710750579834 323 1585 358 1626 B'
6 2 0.7989915013313293 360 1589 443 1624 Al-Mg
6 2 0.9996064305305481 444 1587 512 1628 alloy
6 2 0.908473014831543 512 1591 645 1624 containing
6 2 0.9995936751365662 645 1589 697 1622 879
6 2 0.9995554089546204 698 1594 778 1619 atoms
6 2 0.9999122619628906 780 1589 813 1619 in
6 2 0.9999200105667114 811 1594 836 1622 a
6 3 0.9958639144897461 146 1622 204 1654 unit
6 3 0.9978283047676086 204 1622 255 1654 cell
6 3 0.9991053938865662 257 1624 386 1656 employing
6 3 0.9997807145118713 391 1624 436 1652 the
6 3 0.999159574508667 441 1624 554 1656 proposed
6 3 0.9782854318618774 559 1624 683 1656 real-space
6 3 0.9655251502990723 688 1622 835 1652 formulation
6 4 0.9985289573669434 144 1682 185 1718 be
6 4 0.7498481869697571 185 1686 343 1718 prohibitively
6 4 0.9997338652610779 346 1686 468 1718 expensive
6 4 0.995044469833374 471 1686 542 1720 using
6 4 0.7586129307746887 544 1684 693 1714 Kohn-Sham
6 4 0.9540326595306396 697 1686 766 1712 DFT.
6 5 0.9999635219573975 172 1723 222 1757 We
6 5 0.9988151788711548 225 1727 305 1759 finally
6 5 0.5907468199729919 310 1727 446 1759 investigate
6 5 0.9974027276039124 449 1727 498 1757 the
6 5 0.6577851176261902 499 1725 600 1757 cell-size
6 5 0.9996722936630249 602 1725 685 1757 effects
6 5 0.998418927192688 687 1723 722 1759 in
6 5 0.9999643564224243 722 1723 771 1757 the
6 5 0.9883637428283691 773 1725 835 1757 elec-
6 6 0.9974828362464905 146 1757 227 1789 tronic
6 6 0.7190346717834473 230 1761 345 1787 structure
6 6 0.9998505115509033 350 1757 381 1787 of
6 6 0.9998635053634644 385 1759 454 1791 point
6 6 0.9920841455459595 461 1761 552 1787 defects,
6 6 0.9996144771575928 561 1757 592 1787 in
6 6 0.9967930912971497 597 1759 722 1791 particular
6 6 0.9998952150344849 723 1763 750 1791 a
6 6 0.9953734278678894 752 1763 833 1787 mono-
6 7 0.9940286874771118 146 1793 249 1826 vacancy
6 7 0.999714195728302 255 1789 287 1819 in
6 7 0.8518330454826355 292 1787 338 1821 Al.
6 7 0.9999107122421265 356 1791 425 1817 Prior
6 7 0.9908022284507751 433 1791 522 1817 studies
6 7 0.5435753464698792 529 1791 600 1824 using
6 7 0.9870088696479797 609 1789 776 1819 Fourier-based
6 7 0.9997301697731018 783 1789 835 1821 for-
6 8 0.9847652912139893 146 1821 272 1854 mulations
6 8 0.9999524354934692 277 1821 310 1851 of
6 8 0.9687377214431763 312 1821 453 1851 orbital-free
6 8 0.9980493783950806 459 1824 524 1849 DFT
6 8 0.9000381827354431 531 1824 592 1849 have
6 8 0.9977746605873108 597 1824 720 1856 suggested
6 8 0.6774290204048157 727 1824 783 1849 that
6 8 0.9999717473983765 786 1819 836 1854 the
6 9 0.9997581839561462 149 1856 270 1882 formation
6 9 0.998975396156311 275 1858 363 1890 energy
6 9 0.9975907802581787 366 1854 403 1886 of
6 9 0.9936946034431458 400 1858 428 1886 a
6 9 0.8885127305984497 428 1858 605 1888 mono-vacancy
6 9 0.9994059801101685 610 1854 644 1884 in
6 9 0.9942789077758789 644 1851 683 1886 Al
6 9 0.999893307685852 685 1854 713 1884 is
6 9 0.75931715965271 717 1854 773 1886 well
6 9 0.9916326403617859 776 1860 833 1884 con-
6 10 0.9999439716339111 147 1886 230 1920 verged
6 10 0.9881924986839294 235 1884 277 1922 by
6 10 0.9995883107185364 280 1884 381 1916 108-256
6 10 0.9997826218605042 386 1888 454 1914 atom
6 10 0.9427152276039124 459 1879 599 1918 cell-sizes22.
6 10 0.9967131614685059 620 1886 735 1918 However,
6 10 0.9965730905532837 745 1890 833 1914 coarse-
7 0 0.9980074763298035 896 1521 937 1557 II.
7 0 0.92534339427948 961 1527 1187 1551 ORBITAL-FRDE
7 0 0.9999313354492188 1191 1523 1333 1553 DENSITY
7 0 0.9957503080368042 1338 1523 1542 1553 FUNCTIONAL
7 1 0.9993768334388733 903 1626 962 1658 The
7 1 0.9183797240257263 962 1628 1120 1660 ground-state
7 1 0.9987419247627258 1123 1630 1210 1662 energy
7 1 0.9999773502349854 1208 1624 1246 1660 of
7 1 0.9996935129165649 1241 1630 1268 1658 a
7 1 0.999076247215271 1266 1628 1349 1660 charge
7 1 0.9982775449752808 1351 1626 1445 1658 neutral
7 1 0.9845313429832458 1449 1628 1533 1654 materia
7 2 0.9922812581062317 878 1692 971 1725 density
7 2 0.8727740049362183 974 1690 1100 1723 functional
7 2 0.9998568296432495 1102 1692 1188 1725 theory
7 2 0.9986085295677185 1188 1690 1218 1720 is
7 2 0.9919500350952148 1218 1692 1286 1727 given
7 2 0.5587526559829712 1288 1684 1356 1727 by1.7
8 0 0.9999598264694214 1157 1555 1288 1579 THEORY
9 0 0.9999860525131226 146 1654 182 1686 of
9 0 0.9803429245948792 180 1654 320 1684 orbital-free
9 0 0.9988780617713928 325 1654 396 1686 DFT,
9 0 0.975402295589447 401 1652 451 1686 but
9 0 0.9999585151672363 453 1652 501 1686 the
9 0 0.9992949962615967 503 1658 571 1684 same
9 0 0.8104611039161682 576 1656 665 1688 system
9 0 0.9988909363746643 669 1658 720 1684 was
9 0 0.9952946305274963 725 1656 798 1682 found
9 0 0.9990711212158203 803 1656 836 1684 to
9 0 0.998684823513031 876 1662 967 1695 system
9 0 0.9985632300376892 971 1660 1102 1692 containing
9 0 0.9966918230056763 1105 1656 1145 1690 M
9 0 0.9957680702209473 1148 1660 1225 1686 nuclei
9 0 0.9928722381591797 1228 1656 1283 1690 and
9 0 0.9934598207473755 1284 1658 1316 1688 N
9 0 0.9821442365646362 1319 1658 1416 1690 valence
9 0 0.9997429251670837 1419 1660 1530 1686 electrons
10 0 0.9747352004051208 906 1884 1100 1922 wherepdenotes
10 0 0.9996793270111084 1100 1886 1145 1914 the
10 0 0.9559081196784973 1147 1886 1341 1918 electron-density
10 0 0.9957054257392883 1341 1884 1394 1918 and
10 0 0.9992997646331787 1391 1882 1426 1918 R
10 0 0.9970569610595703 1422 1888 1454 1914 =
10 0 0.4905427098274231 1454 1882 1550 1920 fRI,R2
11 0 0.9981375932693481 147 1918 244 1950 grained
11 0 0.9830400347709656 244 1918 368 1950 real-space
11 0 0.5108110904693604 370 1916 519 1946 calculations
11 0 0.9955417513847351 517 1916 582 1948 have
11 0 0.9993441700935364 582 1918 703 1950 suggested
11 0 0.9802201986312866 703 1916 763 1948 that
11 0 0.9547547698020935 762 1916 835 1948 much
11 0 0.9997361302375793 879 1920 974 1946 denotes
11 0 0.9974555373191833 979 1918 1024 1946 the
11 0 0.9979467988014221 1025 1920 1105 1946 vector
11 0 0.993694007396698 1108 1918 1241 1950 containing
11 0 0.9999034404754639 1245 1918 1289 1946 the
11 0 0.9953976273536682 1293 1918 1406 1950 positions
11 0 0.9957245588302612 1406 1914 1444 1950 of
11 0 0.999241828918457 1442 1916 1479 1948 M
11 0 0.5664973258972168 1480 1916 1563 1948 nuclei.
11 1 0.9993971586227417 147 1950 224 1983 larger
11 1 0.9650439620018005 227 1950 335 1976 cell-sizes
11 1 0.9999557733535767 338 1948 371 1978 of
11 1 0.9794025421142578 371 1950 420 1980 the
11 1 0.9887290000915527 421 1950 489 1976 order
11 1 0.9999004602432251 493 1948 526 1978 of
11 1 0.9989063739776611 526 1948 597 1980 1,000
11 1 0.8749141097068787 599 1948 679 1980 atoms
11 1 0.9966270923614502 680 1952 728 1983 are
11 1 0.9994388222694397 728 1950 833 1983 required
11 1 0.6204240918159485 876 1946 916 1980 In.
11 1 0.9999786615371704 916 1946 966 1980 the
11 1 0.9998345375061035 974 1948 1057 1983 above,
11 1 0.9086556434631348 1065 1946 1104 1983 Ts
11 1 0.9997256398200989 1112 1948 1211 1980 denotes
11 1 0.9999688863754272 1216 1946 1266 1980 the
11 1 0.9964208602905273 1275 1950 1361 1976 kinetic
11 1 0.997846245765686 1369 1952 1457 1985 energy
11 1 0.9999929666519165 1465 1948 1499 1978 of
11 1 0.9983174800872803 1502 1955 1563 1978 non-
11 2 0.9999997615814209 146 1978 190 2013 for
11 2 0.9196087718009949 192 1985 343 2015 convergence
11 2 0.9999337196350098 346 1980 380 2010 of
11 2 0.9766696691513062 381 1985 484 2017 vacancy
11 2 0.9839556813240051 489 1983 612 2008 formation
11 2 0.9881321787834167 617 1978 750 2017 energies30,
11 2 0.9998650550842285 758 1983 833 2008 which
11 2 0.9989756345748901 878 1983 1014 2015 interacting
11 2 0.8935984373092651 1017 1983 1137 2015 electrons,
11 2 0.8138166666030884 1138 1980 1190 2015 Erc
11 2 0.9995638728141785 1190 1980 1218 2010 is
11 2 0.9967357516288757 1218 1983 1266 2013 the
11 2 0.7613958716392517 1266 1983 1519 2013 exchange-correlation
11 2 0.999735414981842 1520 1985 1563 2010 en-
