block line confidence X1 Y1 X2 Y2 token
0 0 0.9994907379150391 612 146 808 178 Planck-Star
0 0 0.5642232298851013 816 148 1097 180 Tunneling-T'ime:
1 0 0.999715268611908 180 197 229 227 an
1 0 0.930674135684967 235 195 486 227 Astrophysically
1 0 0.9946025013923645 496 193 644 223 Relevant
1 0 0.9769744873046875 654 193 836 223 Observable
1 0 0.9304060339927673 843 191 926 225 from
1 0 0.4903481900691986 937 195 1213 227 Background-Pree
1 0 0.9554409384727478 1223 191 1379 229 Quantum
1 0 0.9684510827064514 1389 191 1530 229 Gravity*
2 0 0.9995599389076233 405 264 491 290 Marios
2 0 0.6497460007667542 499 264 695 294 "Christodoulou"","
2 0 0.9999445676803589 705 264 775 290 Carlo
2 0 0.3267575204372406 783 262 891 294 Rovellis,
2 0 0.9784790873527527 899 264 992 290 Simone
2 0 0.6865366101264954 999 264 1120 296 Speziale,
2 0 0.9947395920753479 1128 262 1183 296 Ilya
2 0 0.15900500118732452 1190 262 1306 294 Vilensky
3 0 0.9627276659011841 848 296 864 317 t
3 1 0.5622376203536987 848 326 863 350 #
3 2 0.9990575909614563 727 358 815 391 (Dated:
3 2 0.9779215455055237 820 358 876 393 May
3 2 0.9995903372764587 876 356 919 393 29,
3 2 0.9964669942855835 919 358 986 391 2020)
4 0 0.9990341663360596 295 418 330 455 A
4 0 0.9566689133644104 330 423 499 455 gravitationally
4 0 0.9855068922042847 503 423 610 455 collapsed
4 0 0.9998886585235596 615 423 692 455 object
4 0 0.5786824226379395 695 427 742 451 can
4 0 0.9919013381004333 747 425 876 449 bounce-out
4 0 0.9910481572151184 879 421 941 453 from
4 0 0.9999880790710449 942 423 979 451 its
4 0 0.9980758428573608 982 425 1072 449 horizon
4 0 0.9913903474807739 1075 423 1118 451 via
4 0 0.9999322891235352 1117 425 1142 453 a
4 0 0.9990264177322388 1143 423 1263 455 tunnelling
4 0 0.9978105425834656 1268 429 1354 455 process
4 0 0.9999140501022339 1358 421 1412 453 that
4 1 0.9991528987884521 300 453 390 479 violates
4 1 0.9999266862869263 390 451 434 479 the
4 1 0.7541033625602722 434 453 527 479 classical
4 1 0.987307608127594 531 455 639 481 equations
4 1 0.9996657371520996 639 451 670 481 in
4 1 0.5911538004875183 665 455 690 483 a
4 1 0.7515676021575928 687 453 753 485 finite
4 1 0.9996182918548584 752 453 833 485 region.
4 1 0.9997431635856628 838 453 903 479 Since
4 1 0.9523637890815735 904 455 1020 481 tunnelling
4 1 0.9977085590362549 1020 451 1047 481 is
4 1 0.9988553524017334 1042 455 1067 483 a
4 1 0.8374128937721252 1064 453 1258 483 non-perturbative
4 1 0.9362198710441589 1260 453 1412 483 phenomenon,
4 2 0.6495129466056824 297 481 333 513 itc
4 2 0.9988663196563721 322 483 403 509 cannot
4 2 0.9998582601547241 403 481 438 509 be
4 2 0.9576599597930908 438 483 546 507 described
4 2 0.9960107803344727 544 481 576 511 in
4 2 0.8969630002975464 574 483 642 509 terms
4 2 0.9999996423721313 642 481 672 511 of
4 2 0.9359638690948486 669 481 773 513 quantum
4 2 0.7467501163482666 776 483 909 507 fuctuations
4 2 0.9996073842048645 911 483 994 509 around
4 2 0.9996874332427979 992 481 1017 511 a
4 2 0.9876392483711243 1014 483 1108 509 classical
4 2 0.9989903569221497 1110 483 1203 507 solution
4 2 0.9991569519042969 1203 481 1251 511 and
4 2 0.9906150102615356 1248 481 1271 511 a
4 2 0.9577909708023071 1270 481 1411 513 background-
4 3 0.9999555349349976 297 507 350 541 free
4 3 0.970982015132904 350 509 484 539 formulation
4 3 0.9998719692230225 488 509 519 537 of
4 3 0.9919039607048035 519 511 625 543 quantum
4 3 0.9668156504631042 627 511 713 543 gravity
4 3 0.9999191761016846 713 509 742 539 is
4 3 0.9995546936988831 743 511 825 537 needed
4 3 0.9999785423278809 828 511 859 539 to
4 3 0.9996881484985352 861 511 952 543 analyze
4 3 0.8957796096801758 954 509 986 539 it.
4 3 0.9999542236328125 992 511 1052 537 Here
4 3 0.9998639822006226 1054 513 1092 539 we
4 3 0.9575574994087219 1092 513 1137 539 use
4 3 0.9999679327011108 1138 509 1203 543 Loop
4 3 0.5878750085830688 1208 513 1316 539 Quantum
4 3 0.9945725798606873 1319 509 1414 541 Gravity
4 4 0.41752174496650696 297 537 340 571 to
4 4 0.4680287837982178 330 543 431 569 compute.
4 4 0.9999531507492065 434 539 476 567 the
4 4 0.8261446952819824 478 539 597 571 amplitude
4 4 0.9994229078292847 599 539 637 567 for
4 4 0.9999470710754395 635 537 688 569 this
4 4 0.9993267059326172 688 545 780 571 process,
4 4 0.9999122619628906 781 539 813 569 in
4 4 0.9998443126678467 813 543 833 567 a
4 4 0.9245565533638 833 537 888 569 first
4 4 0.6441973447799683 888 541 1062 571 approximation.
4 4 0.9995539784431458 1067 537 1122 569 The
4 4 0.9830377101898193 1122 539 1240 571 amplitude
4 4 0.9877517223358154 1241 541 1367 565 determines
4 4 0.9998584985733032 1371 539 1414 567 the
4 5 0.6737921833992004 300 569 418 601 tunnelling
4 5 0.7350157499313354 420 567 479 599 time
4 5 0.9997335076332092 478 573 511 599 as
4 5 0.9997677206993103 509 571 534 599 a
4 5 0.994699239730835 534 571 632 595 function
4 5 0.9999890327453613 634 567 665 597 of
4 5 0.9969620108604431 664 569 707 597 the
4 5 0.7134041786193848 707 573 776 599 mass.
4 5 0.999984622001648 780 567 840 599 This
4 5 0.9997797608375549 840 569 866 599 is
4 5 0.9992319345474243 866 569 911 597 the
4 5 0.9996659755706787 911 567 957 603 key
4 5 0.9809427261352539 957 569 1097 599 information
4 5 0.9858191013336182 1097 569 1128 597 to
4 5 0.9602493643760681 1130 571 1228 595 evaluate
4 5 0.9990390539169312 1230 569 1273 597 the
4 5 0.9930650591850281 1276 569 1384 595 relevance
4 5 0.9999991655349731 1384 567 1416 597 of
4 6 0.9998962879180908 300 599 348 629 this
4 6 0.9981531500816345 350 603 434 629 process
4 6 0.999858021736145 436 597 476 625 for
4 6 0.9999195337295532 474 597 517 625 the
4 6 0.7803961634635925 519 599 679 629 interpretation
4 6 0.9999780654907227 680 597 712 625 of
4 6 0.9999725818634033 710 599 763 625 Fast
4 6 0.9995286464691162 765 599 836 625 Radio
4 6 0.9992856383323669 840 599 918 625 Bursts
4 6 0.9999871253967285 918 601 951 627 or
4 6 0.998382568359375 951 599 1085 629 high-energy
4 6 0.8196449875831604 1085 597 1170 629 cosmic
4 6 0.9991422891616821 1170 603 1228 629 rays.
4 6 0.9999924898147583 1231 595 1286 627 The
4 6 0.8704833984375 1286 599 1411 625 calculation
4 7 0.9994980096817017 297 625 366 657 offers
4 7 0.9997279047966003 365 629 391 657 a
4 7 0.9995576739311218 390 627 494 659 template
4 7 0.9889186024665833 493 625 546 657 and
4 7 0.9884485602378845 544 629 571 657 a
4 7 0.998229444026947 567 629 667 655 concrete
4 7 0.985660195350647 669 627 768 659 example
4 7 0.9997938275337219 768 627 800 655 of
4 7 0.8405042290687561 798 625 853 657 how
4 7 0.9910747408866882 850 627 876 657 a
4 7 0.8809410929679871 876 627 1059 657 background-free
4 7 0.9937008619308472 1062 627 1168 659 quantum
4 7 0.9997730851173401 1170 627 1250 659 theory
4 7 0.999745786190033 1250 625 1281 655 of
4 7 0.9701960682868958 1281 627 1366 659 gravity
4 7 0.9960456490516663 1366 629 1414 659 can
5 0 0.9999591112136841 297 653 337 687 be
5 0 0.9995918869972229 335 657 390 683 used
5 0 0.999953031539917 391 657 423 685 to
5 0 0.9973294734954834 423 657 527 689 compute
5 0 0.9999035596847534 524 659 549 687 a
5 0 0.9953228831291199 551 657 662 683 realistical
5 0 0.9991905093193054 665 657 786 683 observable
5 0 0.953046977519989 790 657 893 689 quantity.
6 0 0.995396077632904 340 741 370 769 I.
6 0 0.9863980412483215 393 743 637 766 INTRODUCTION
7 0 0.9921377301216125 876 739 941 771 time
7 0 0.996192216873169 939 741 1020 773 region
7 0 0.9998984336853027 1022 739 1049 771 is
7 0 0.997093677520752 1052 741 1168 773 sufficient
7 0 0.9999163150787354 1170 741 1203 771 to
7 0 0.9938592314720154 1203 739 1273 771 allow
7 0 0.9993695616722107 1271 743 1298 771 a
7 0 0.998479425907135 1294 736 1366 771 black
7 0 0.999030590057373 1366 739 1426 771 hole
7 0 0.9962174296379089 1426 739 1509 771 tunnel
7 0 0.9917661547660828 1510 741 1553 769 into
7 1 0.9992192983627319 876 775 909 805 a
7 1 0.9998162388801575 904 771 979 803 white
7 1 0.997826874256134 984 771 1042 803 hole
7 1 0.9990261793136597 1047 771 1095 807 (an
7 1 0.6587523221969604 1104 773 1273 805 anti-trapped'
7 1 0.9996902942657471 1281 773 1369 805 region,
7 1 0.9998210072517395 1376 771 1455 803 where
7 1 0.9998483657836914 1459 769 1499 803 all
7 1 0.9483855962753296 1502 769 1555 805 light
7 2 0.9999560117721558 904 900 967 932 This
7 2 0.9995424747467041 969 900 997 930 is
7 2 0.9998645782470703 997 904 1022 932 a
7 2 0.7264260649681091 1024 902 1135 928 standard
7 2 0.5139114260673523 1142 902 1268 934 tunnelling
7 2 0.9830510020256042 1275 902 1437 934 phenomenon:
7 2 0.9856697916984558 1447 902 1553 928 evolution
7 3 0.9807132482528687 876 962 966 1001 spatial
7 3 0.9973374009132385 967 964 1045 999 region
7 3 0.9998447895050049 1045 962 1099 996 and
7 3 0.9992915391921997 1100 964 1187 1001 during
7 3 0.9988259673118591 1185 966 1208 996 a
7 3 0.7794396281242371 1208 962 1299 994 limited
7 3 0.7539446353912354 1303 966 1367 992 time.
7 3 0.9685443639755249 1374 964 1406 994 It
7 3 0.9997909665107727 1401 964 1429 994 is
7 3 0.9988235831260681 1431 962 1545 994 therefore
7 3 0.999747097492218 1543 968 1560 992 a
8 0 0.9999300241470337 174 809 204 842 A
8 0 0.9708309173583984 207 812 305 844 striking
8 0 0.9945153594017029 312 809 443 842 realization
8 0 0.9992809891700745 448 809 484 842 of
8 0 0.9999654293060303 483 807 531 842 the
8 0 0.9854523539543152 532 809 587 842 last
8 0 0.5043551921844482 589 809 688 842 decades
8 0 0.9996417760848999 692 809 722 842 is
8 0 0.8920008540153503 725 809 783 842 that
8 0 0.9997066855430603 786 816 836 842 our
8 0 0.999921441078186 878 803 954 835 fronts
8 0 0.9998294115066528 957 805 1065 837 expand).
8 0 0.9842156767845154 1075 803 1145 835 From
8 0 0.999967098236084 1147 801 1196 835 the
8 0 0.9976207613945007 1196 801 1298 840 outside,
8 0 0.9994977712631226 1301 805 1346 833 the
8 0 0.9991132616996765 1349 807 1444 840 process
8 0 0.9996380805969238 1447 805 1514 831 looks
8 0 0.8195978999137878 1517 803 1547 833 lik
8 1 0.9996693134307861 149 846 252 872 universe
8 1 0.9997830986976624 258 842 287 874 is
8 1 0.9997949004173279 295 844 396 876 teeming
8 1 0.9998226761817932 405 842 466 874 with
8 1 0.8993055820465088 474 844 655 876 gravitationally
8 1 0.9528607726097107 665 844 780 876 collapsed
8 1 0.9915459752082825 788 840 835 874 ob-
8 1 0.9997846484184265 874 840 904 867 a
8 1 0.8543457388877869 901 837 1014 870 quantum
8 1 0.9995773434638977 1017 837 1107 863 bounce
8 1 0.999862551689148 1108 835 1142 865 of
8 1 0.9999649524688721 1138 833 1187 867 the
8 1 0.9973370432853699 1187 833 1303 872 in-falling
8 1 0.9728386998176575 1301 837 1397 870 matter,
8 1 0.9943872690200806 1399 835 1452 867 and
8 1 0.9997549653053284 1450 835 1479 865 it
8 1 0.9997500777244568 1479 835 1507 867 is
8 1 0.9994981288909912 1507 835 1547 863 aki
8 2 0.9972463846206665 144 872 210 913 jects
8 2 0.9971573352813721 214 876 267 908 -or
8 2 0.9736951589584351 272 874 351 906 'black
8 2 0.553871750831604 358 874 449 906 holes'-
8 2 0.9854570031166077 454 874 491 906 of
8 2 0.999934196472168 496 876 587 902 various
8 2 0.7985551357269287 595 874 665 906 sizes.
8 2 0.9999854564666748 690 874 747 906 The
8 2 0.995478093624115 755 878 833 904 recent
8 2 0.9977335929870605 876 863 913 900 in
8 2 0.9990111589431763 911 870 994 895 nature
8 2 0.9999669790267944 996 867 1027 898 to
8 2 0.9998016953468323 1029 867 1074 895 the
8 2 0.9244136214256287 1075 865 1128 902 'big
8 2 0.9682305455207825 1127 865 1228 898 bounce'
8 2 0.6402180790901184 1228 867 1261 898 of
8 2 0.6182396411895752 1261 872 1371 898 quantum
8 2 0.9978106617927551 1374 865 1505 904 cosmology
8 2 0.8969305753707886 1509 863 1550 906 [28]
8 3 0.9962998032569885 149 941 215 966 black
8 3 0.9983357787132263 219 938 288 971 holes
8 3 0.9999988079071045 290 938 322 968 of
8 3 0.9992238283157349 323 941 466 973 unexpected
8 3 0.9985929131507874 468 938 522 971 size
8 3 0.4901852011680603 524 936 561 975 [1
8 3 0.8737457990646362 562 938 645 971 makes
8 3 0.9999197721481323 645 936 700 971 this
8 3 0.9973579049110413 705 941 835 968 conclusion
8 3 0.9985007047653198 878 930 936 964 that
8 3 0.966825008392334 939 934 1035 960 violates
8 3 0.9999492168426514 1037 930 1085 964 the
8 3 0.5630290508270264 1087 934 1188 960 classical
8 3 0.9980541467666626 1193 934 1313 966 equations
8 3 0.9966216087341309 1316 932 1349 962 of
8 3 0.7826173901557922 1349 934 1437 960 motion
8 3 0.9998427629470825 1441 932 1472 962 in
8 3 0.9994018077850342 1472 936 1497 964 a
8 3 0.9929602742195129 1497 930 1562 962 finite
8 4 0.9942330718040466 177 1003 283 1029 Classical
8 4 0.999365508556366 288 1003 380 1035 general
8 4 0.9885134100914001 383 1003 498 1035 relativity
8 4 0.8631522059440613 501 999 571 1039 (GR)
8 4 0.9979460835456848 572 1003 674 1035 predicts
8 4 0.9997784495353699 675 1001 733 1033 that
8 4 0.9998495578765869 735 1003 833 1035 gravita-
8 4 0.9813644289970398 878 999 937 1031 very
8 4 0.9997490048408508 941 996 1052 1029 plausible
8 4 0.8181891441345215 1057 996 1220 1029 phenomenon.
8 4 0.9999619722366333 1230 994 1273 1029 Its
8 4 0.94614577293396 1275 996 1436 1029 astrophysical
8 4 0.9958646297454834 1441 996 1563 1029 relevance,
8 5 0.9870907068252563 147 1035 244 1067 tionally
8 5 0.9723978638648987 247 1035 360 1067 collapsed
8 5 0.9988324046134949 361 1035 453 1067 objects
8 5 0.9922136664390564 454 1041 498 1063 are
8 5 0.9996966123580933 498 1033 582 1065 stable:
8 5 0.9541831612586975 586 1039 649 1065 once
8 5 0.9999345541000366 645 1037 670 1067 a
8 5 0.9837015867233276 670 1035 798 1067 dynamical
8 5 0.9882723689079285 800 1029 835 1069 [2]
8 5 0.9932629466056824 876 1033 923 1059 on
8 5 0.9999693632125854 919 1029 967 1059 the
8 5 0.9994076490402222 969 1026 1042 1059 other
8 5 0.9836142063140869 1045 1026 1120 1061 hand,
8 5 0.9999699592590332 1127 1029 1231 1061 depends
8 5 0.9986045956611633 1236 1033 1275 1059 on
8 5 0.999976634979248 1279 1029 1328 1059 the
8 5 0.997602641582489 1331 1026 1392 1059 time
8 5 0.9990050196647644 1396 1026 1426 1059 it
8 5 0.9971573352813721 1427 1026 1504 1059 takes.
8 5 0.9995935559272766 1517 1024 1565 1059 Di-
8 6 0.999995231628418 146 1069 182 1097 or
8 6 0.9996045231819153 180 1067 290 1100 trapping
8 6 0.9997822642326355 293 1067 386 1093 horizon
8 6 0.9743503332138062 391 1067 464 1093 forms
8 6 0.9400081038475037 468 1065 537 1100 (light
8 6 0.9997863173484802 542 1067 642 1093 surfaces
8 6 0.9914994835853577 644 1067 742 1100 shrink),
8 6 0.9999159574508667 745 1065 773 1097 it
8 6 0.9995754361152649 771 1065 835 1097 lasts
8 6 0.9749277830123901 878 1061 1002 1087 mensional
8 6 0.9908220767974854 1006 1061 1138 1093 arguments
8 6 0.9903426170349121 1138 1061 1235 1093 suggest
8 6 0.9996447563171387 1236 1057 1294 1091 that
8 6 0.6084134578704834 1294 1059 1464 1089 accumulation
8 6 0.9994584918022156 1464 1059 1497 1089 of
8 6 0.779017984867096 1495 1057 1565 1089 small
8 7 0.9982457160949707 147 1100 234 1125 forever
8 7 0.8706119060516357 237 1095 275 1134 (it
8 7 0.9993189573287964 273 1097 302 1130 is
8 7 0.9996347427368164 300 1102 340 1130 an
8 7 0.9414404034614563 341 1100 423 1125 'event'
8 7 0.672004759311676 429 1102 536 1127 horizon).
8 7 0.9997732043266296 546 1097 600 1130 But
8 7 0.9999233484268188 600 1097 654 1130 this
8 7 0.9991229176521301 655 1100 781 1132 prediction
8 7 0.9907625317573547 783 1097 835 1130 dis-
8 7 0.9948871731758118 878 1093 991 1125 quantum
8 7 0.9978165626525879 992 1091 1074 1123 effects
8 7 0.9945835471153259 1074 1089 1145 1121 could
8 7 0.9800307154655457 1145 1089 1235 1127 trigger
8 7 0.9991987347602844 1233 1089 1279 1123 the
8 7 0.9338721036911011 1278 1089 1407 1127 tunnelling
8 7 0.9978675842285156 1406 1089 1504 1127 already
8 7 0.9999293088912964 1500 1089 1567 1121 after
8 8 0.937085747718811 147 1132 242 1164 regards
8 8 0.9942118525505066 244 1132 355 1164 quantum
8 8 0.9988947510719299 358 1132 443 1158 effects.
8 8 0.9989192485809326 453 1132 522 1158 Some
8 8 0.9994496703147888 522 1130 556 1160 of
8 8 0.9999603033065796 556 1132 620 1158 these
8 8 0.9979491829872131 622 1134 667 1160 are
8 8 0.997996985912323 667 1134 793 1158 accounted
8 8 0.9999998807907104 793 1127 836 1162 for
8 8 0.9996994733810425 876 1125 909 1155 at
8 8 0.5989716053009033 898 1123 982 1155 timeT
8 8 0.5121521353721619 979 1125 1012 1153 a
8 8 0.5007795691490173 1009 1119 1054 1153 m2
8 8 0.9994155168533325 1050 1119 1085 1155 in
8 8 0.9955834746360779 1085 1121 1172 1153 Planck
8 8 0.9993404746055603 1173 1123 1246 1155 units,
8 8 0.9940738081932068 1250 1125 1324 1151 where
8 8 0.5398157238960266 1323 1125 1356 1153 m
8 8 0.9998490810394287 1354 1123 1382 1153 is
8 8 0.9992163181304932 1381 1121 1427 1155 the
8 8 0.9947836995124817 1427 1127 1492 1153 mass
8 8 0.9999628067016602 1489 1121 1567 1153 ofthe
8 9 0.9792673587799072 144 1160 184 1196 by
8 9 0.9997418522834778 185 1160 235 1194 the
8 9 0.9971320629119873 237 1162 323 1198 theory
8 9 0.9981770515441895 322 1158 358 1194 of
8 9 0.9865854978561401 356 1160 473 1198 quantum
8 9 0.9996354579925537 476 1160 546 1192 fields
8 9 0.999089241027832 551 1162 685 1194 interacting
8 9 0.9983367919921875 690 1160 752 1192 with
8 9 0.992598295211792 753 1160 835 1192 classi-
8 9 0.6005152463912964 878 1153 992 1192 collapsed
8 9 0.9996205568313599 996 1155 1077 1190 object
8 9 0.4479140043258667 1079 1151 1137 1194 [27.
8 9 0.999976396560669 1142 1153 1203 1185 This
8 9 0.999906063079834 1203 1153 1231 1185 is
8 9 0.540836751461029 1233 1155 1366 1188 sufficiently
8 9 0.9982512593269348 1369 1155 1427 1190 long
8 9 0.9884219765663147 1429 1155 1462 1185 to
8 9 0.9999827146530151 1460 1153 1500 1188 be
8 9 0.9983314871788025 1499 1160 1563 1185 com-
8 10 0.9983232617378235 144 1192 189 1226 cal
8 10 0.9957137107849121 194 1196 315 1228 geometry,
8 10 0.9990118741989136 320 1192 398 1224 which
8 10 0.9944644570350647 403 1194 504 1226 predicts
8 10 0.9930452704429626 512 1194 622 1226 Hawking
8 10 0.9991175532341003 629 1194 748 1220 radiation.
8 10 0.9997488856315613 765 1194 833 1220 How-
8 10 0.5335403680801392 878 1183 969 1222 patible
8 10 0.9997732043266296 971 1183 1032 1218 with
8 10 0.9999068975448608 1037 1188 1082 1216 the
8 10 0.9999172687530518 1085 1185 1157 1218 black
8 10 0.9994926452636719 1160 1185 1228 1218 holes
8 10 0.998073935508728 1231 1192 1271 1218 we
8 10 0.9997047781944275 1275 1185 1372 1218 observe
8 10 0.998785674571991 1372 1183 1407 1220 in
8 10 0.999970555305481 1409 1183 1457 1218 the
8 10 0.9353093504905701 1457 1185 1514 1224 sky,
8 10 0.9991725087165833 1514 1183 1567 1218 but
8 11 0.9997486472129822 146 1228 210 1261 ever,
8 11 0.9995146989822388 215 1226 368 1258 macroscopic
8 11 0.999875545501709 376 1226 443 1252 black
8 11 0.9989707469940186 448 1224 516 1256 holes
8 11 0.9980549812316895 519 1231 566 1254 are
8 11 0.9982024431228638 567 1222 622 1256 still
8 11 0.998224675655365 627 1226 752 1258 effectively
8 11 0.9821572303771973 757 1226 833 1252 stable
8 11 0.9882819056510925 878 1220 947 1246 much
8 11 0.9579977989196777 954 1220 1044 1246 shorter
8 11 0.99986732006073 1049 1218 1113 1250 than
8 11 0.9999637603759766 1115 1216 1163 1250 the
8 11 0.9975480437278748 1167 1218 1231 1252 huge
8 11 0.6023972630500793 1236 1220 1346 1252 Hawking
8 11 0.9973874688148499 1351 1220 1499 1252 evaporation
8 11 0.9950395226478577 1504 1218 1567 1250 time
8 12 0.9997877478599548 146 1261 184 1289 on
8 12 0.9870772361755371 184 1258 303 1284 accessible
8 12 0.6073311567306519 307 1258 366 1284 time
8 12 0.9946233034133911 368 1258 441 1284 scales
8 12 0.9997977614402771 468 1261 493 1289 a
8 12 0.913123607635498 491 1256 640 1286 stellar-mass
8 12 0.999357283115387 642 1258 708 1284 black
8 12 0.9969760179519653 710 1256 766 1289 hole
8 12 0.9993587136268616 768 1258 833 1284 takes
8 12 0.8927550911903381 874 1252 916 1286 TH
8 12 0.4474171996116638 914 1252 949 1280 2
8 12 0.7854629755020142 947 1248 1001 1282 m3.
8 12 0.9991673231124878 1016 1252 1125 1284 Hawking
8 12 0.999316930770874 1132 1252 1245 1278 radiation
8 12 0.9942777752876282 1251 1252 1321 1278 could
8 12 0.9999977350234985 1326 1248 1366 1282 be
8 12 0.9998059868812561 1364 1254 1392 1282 a
8 12 0.6852350831031799 1392 1250 1565 1280 sub-dominant
8 13 0.8065150380134583 147 1284 225 1319 1050
8 13 0.9986095428466797 229 1291 318 1316 Hubble
8 13 0.5077661275863647 323 1291 391 1316 times
8 13 0.9995871186256409 395 1291 426 1319 to
8 13 0.9246011972427368 428 1291 552 1323 evaporate
8 13 0.9996850490570068 552 1291 597 1319 via
8 13 0.9972924590110779 599 1291 708 1323 Hawking
8 13 0.9991641044616699 712 1291 831 1316 radiation.
8 13 0.9945456981658936 879 1284 1044 1316 phenomenon,
8 13 0.9995124340057373 1047 1280 1108 1314 with
8 13 0.9824038743972778 1112 1284 1203 1316 respect
8 13 0.9999483823776245 1205 1284 1240 1312 to
8 13 0.9995517134666443 1240 1280 1288 1314 the
8 13 0.9914455413818359 1291 1284 1386 1310 bounce.
8 13 0.8301040530204773 1396 1280 1497 1319 Writing
8 13 0.9904568791389465 1495 1280 1522 1314 h
8 13 0.9993771910667419 1520 1286 1565 1312 ex-
8 14 0.9782499670982361 146 1319 200 1353 But
8 14 0.9872057437896729 199 1319 252 1353 this
8 14 0.9872084259986877 252 1319 341 1357 theory,
8 14 0.9999796152114868 341 1325 375 1353 or
8 14 0.9650208950042725 373 1325 426 1357 any
8 14 0.9861356019973755 426 1323 581 1353 perturbative
8 14 0.9894848465919495 584 1321 728 1351 formulation
8 14 0.9999995231628418 730 1321 762 1351 of
8 14 0.700173556804657 758 1323 833 1355 quan-
8 14 0.9988409876823425 878 1312 967 1351 plicitly
8 14 0.9940021634101868 967 1314 1034 1349 gives
8 14 0.997399091720581 1032 1316 1059 1347 T
8 14 0.4846743643283844 1055 1316 1089 1344 a
8 14 0.6146588325500488 1084 1310 1190 1349 m2/vh,
8 14 0.9998183846473694 1190 1312 1266 1344 which
8 14 0.997914731502533 1268 1312 1382 1344 indicates
8 14 0.9997639060020447 1382 1312 1441 1344 that
8 14 0.9999637603759766 1439 1312 1494 1344 this
8 14 0.9982865452766418 1492 1312 1520 1344 is
8 14 0.9998648166656494 1517 1312 1567 1347 not
8 15 0.9966668486595154 144 1417 204 1450 ena.
8 15 0.9991692304611206 214 1417 307 1450 Among
8 15 0.999884843826294 310 1415 380 1448 these
8 15 0.9999395608901978 381 1415 408 1445 is
8 15 0.9998503923416138 410 1413 459 1448 the
8 15 0.9941529631614685 461 1417 589 1450 possibility
8 15 0.9731902480125427 592 1415 629 1448 of
8 15 0.9995456337928772 629 1417 697 1443 black
8 15 0.988381028175354 698 1415 758 1448 hole
8 15 0.9985737800598145 760 1417 835 1450 decay
8 15 0.9999978542327881 878 1409 909 1439 of
8 15 0.989768385887146 908 1411 1029 1437 lunar-size
8 15 0.9981796741485596 1030 1415 1095 1439 mass
8 15 0.9973801970481873 1095 1409 1168 1441 could
8 15 0.9999914169311523 1165 1409 1205 1443 be
8 15 0.9844314455986023 1205 1411 1326 1443 exploding
8 15 0.9933185577392578 1328 1411 1402 1445 today
8 15 0.9992440938949585 1401 1409 1455 1441 and
8 15 0.9912379384040833 1455 1409 1520 1443 yield
8 15 0.9995604157447815 1517 1407 1565 1441 ob-
8 16 0.9999779462814331 172 1478 230 1512 The
8 16 0.9954875111579895 232 1480 290 1512 idea
8 16 0.9999576807022095 292 1478 343 1512 has
8 16 0.8530632853507996 341 1484 370 1512 a
8 16 0.9990968704223633 370 1480 429 1514 long
8 16 0.7746999263763428 433 1482 522 1514 history
8 16 0.999651312828064 527 1482 577 1508 and
8 16 0.9993855953216553 581 1480 632 1512 has
8 16 0.9986207485198975 635 1482 697 1508 been
8 16 0.9683781862258911 700 1480 833 1510 considered
8 16 0.9937106370925903 876 1473 923 1510 ing
8 16 0.9997804760932922 923 1473 999 1508 signal
8 16 0.9986444115638733 997 1473 1025 1506 is
8 16 0.9724111557006836 1025 1475 1180 1508 tantalisingly
8 16 0.811781108379364 1183 1475 1270 1501 similar
8 16 0.9999310970306396 1271 1475 1304 1503 to
8 16 0.9997017979621887 1304 1475 1349 1503 the
8 16 0.9953476786613464 1351 1475 1450 1508 recently
8 16 0.9979903697967529 1455 1475 1563 1501 observed
8 17 0.9939739108085632 146 1510 185 1546 by
8 17 0.8323760032653809 189 1518 310 1542 numerous
8 17 0.9902157783508301 315 1514 410 1540 authors
8 17 0.9240387678146362 413 1510 446 1549 [4
8 17 0.6578270792961121 449 1512 499 1546 24).
8 17 0.9995602965354919 512 1514 597 1540 Kieffer
8 17 0.9887690544128418 599 1510 654 1544 and
8 17 0.9964697360992432 659 1512 768 1544 Hajichek
8 17 0.9976797699928284 775 1514 835 1540 have
8 17 0.9998652935028076 876 1506 936 1538 Fast
8 17 0.9991463422775269 939 1508 1016 1533 Radio
8 17 0.9993497729301453 1019 1506 1105 1538 Bursts
8 17 0.9335924983024597 1107 1501 1165 1544 [30).
8 17 0.9999561309814453 1170 1506 1230 1538 Fast
8 17 0.9997124075889587 1233 1508 1308 1533 Radio
8 17 0.9772367477416992 1313 1508 1396 1533 Bursts
8 17 0.5369665622711182 1399 1503 1494 1544 31-34]
8 17 0.9994217157363892 1495 1508 1563 1533 could
8 18 0.9581701159477234 147 1544 220 1570 found
8 18 0.8323899507522583 227 1544 335 1570 evidence
8 18 0.9998683929443359 338 1542 398 1574 that
8 18 0.9999051094055176 400 1540 449 1574 the
8 18 0.9931586384773254 453 1544 566 1576 quantum
8 18 0.6919264793395996 571 1546 635 1572 state
8 18 0.9994416832923889 640 1542 674 1572 of
8 18 0.94353187084198 672 1546 698 1574 a
8 18 0.9979167580604553 698 1544 833 1576 spherically
8 18 0.9998878240585327 878 1538 937 1570 thus
8 18 0.9993475079536438 939 1536 979 1570 be
8 18 0.9999561309814453 981 1536 1030 1570 the
8 18 0.984500527381897 1032 1536 1089 1570 first
8 18 0.9199705719947815 1094 1540 1215 1572 genuinely
8 18 0.9728631377220154 1220 1540 1334 1572 quantum
8 18 0.994327962398529 1341 1540 1499 1570 gravitational
8 18 0.9990405440330505 1505 1538 1565 1572 phe-
8 19 0.5321277976036072 147 1576 278 1609 symmetric
8 19 0.9903905391693115 283 1576 398 1609 in-falling
8 19 0.9962945580482483 400 1572 456 1607 null
8 19 0.9996669292449951 459 1576 519 1602 shell
8 19 0.9443219304084778 526 1576 617 1602 tunnels
8 19 0.9972190856933594 622 1574 680 1607 into
8 19 0.9961757659912109 682 1581 720 1607 an
8 19 0.999259889125824 723 1576 835 1609 outgoing
8 19 0.9990019202232361 878 1574 992 1598 nomenon
8 19 0.9998990297317505 996 1574 1054 1598 ever
8 19 0.9974265694618225 1055 1568 1168 1600 observed
8 19 0.9527044296264648 1173 1568 1220 1604 [35,
8 19 0.5349438190460205 1223 1568 1275 1604 36].
8 19 0.99989914894104 1281 1568 1311 1600 A
8 19 0.9983060359954834 1313 1568 1407 1600 second,
8 19 0.9995819926261902 1409 1566 1472 1607 high
8 19 0.997414231300354 1472 1572 1563 1604 energy,
8 20 0.996760904788971 146 1611 195 1637 one
8 20 0.9996182918548584 195 1609 225 1637 in
8 20 0.9986763596534729 225 1609 270 1637 the
8 20 0.9684485197067261 272 1607 368 1639 context
8 20 0.9999366998672485 366 1607 400 1637 of
8 20 0.9948156476020813 396 1609 421 1639 a
8 20 0.8773168325424194 420 1609 609 1641 minisuperspace
8 20 0.99860018491745 609 1607 690 1639 model
8 20 0.6618741154670715 690 1607 747 1645 [25).
8 20 0.9790081977844238 753 1609 833 1641 Quan-
8 20 0.9540453553199768 878 1604 1016 1634 component
8 20 0.9999758005142212 1017 1600 1050 1630 of
8 20 0.9998593330383301 1047 1602 1092 1630 the
8 20 0.9998388290405273 1094 1600 1170 1634 signal
8 20 0.9225137233734131 1173 1602 1241 1628 could
8 20 0.9700249433517456 1243 1602 1279 1630 be
8 20 0.9995050430297852 1279 1602 1324 1630 the
8 20 0.8647664189338684 1326 1604 1407 1630 source
8 20 0.9999988079071045 1409 1600 1441 1630 of
8 20 0.9993435740470886 1439 1604 1507 1630 some
8 20 0.9876331090927124 1505 1602 1567 1637 very
8 21 0.9983323216438293 146 1639 204 1671 tum
8 21 0.9996334314346313 205 1641 285 1667 effects
8 21 0.9347767233848572 288 1641 358 1667 could
8 21 0.9932990074157715 361 1639 448 1671 indeed
8 21 0.9338918328285217 449 1641 519 1667 make
8 21 0.9967595934867859 522 1641 645 1673 collapsing
8 21 0.9989116191864014 647 1637 742 1675 objects
8 21 0.9990360736846924 745 1641 833 1667 bounce
8 21 0.9987667798995972 879 1634 1024 1667 high-energy
8 21 0.5920862555503845 1027 1632 1115 1665 cosmic
8 21 0.9981107711791992 1115 1637 1180 1669 rays.
8 21 0.9999247789382935 1185 1632 1218 1662 In
8 21 0.985679566860199 1221 1634 1283 1660 both
8 21 0.9931491017341614 1284 1639 1353 1662 cases
8 21 0.9892136454582214 1354 1634 1402 1665 the
8 21 0.9963573813438416 1402 1634 1514 1667 expected
8 21 0.9986911416053772 1515 1632 1565 1669 sig-
8 22 0.9996392726898193 147 1673 217 1699 when
8 22 0.9994028806686401 224 1671 283 1705 they
8 22 0.9991481304168701 290 1673 360 1699 reach
8 22 0.9999632835388184 365 1669 415 1703 the
8 22 0.9487050175666809 421 1669 521 1701 """Planck"
8 22 0.9558590054512024 527 1673 591 1699 "star"""
8 22 0.985404908657074 599 1673 670 1705 stage
8 22 0.8128862977027893 677 1671 733 1710 [26),
8 22 0.9942430853843689 742 1673 833 1705 namely
8 22 0.9987500905990601 878 1667 921 1695 nal
8 22 0.9995050430297852 923 1667 971 1697 has
8 22 0.9994292855262756 967 1669 992 1697 a
8 22 0.9697527885437012 992 1667 1107 1699 signature
8 22 0.923134982585907 1110 1667 1338 1697 distance-frequency
8 22 0.9978316426277161 1341 1667 1437 1692 relation
8 22 0.9977965354919434 1439 1665 1497 1697 that
8 22 0.9990785121917725 1497 1665 1565 1697 char-
8 23 0.9996069073677063 174 1733 204 1766 A
8 23 0.9911252856254578 204 1733 254 1770 key
8 23 0.9997491240501404 254 1735 312 1770 step
8 23 0.999614953994751 313 1740 365 1763 was
8 23 0.9994164705276489 366 1735 438 1761 taken
8 23 0.999515175819397 441 1733 473 1763 in
8 23 0.4774581789970398 473 1729 532 1772 [27),
8 23 0.9999691247940063 534 1735 610 1761 where
8 23 0.9960416555404663 612 1733 640 1766 it
8 23 0.844626247882843 640 1733 669 1763 is
8 23 0.9991726279258728 672 1735 750 1761 shown
8 23 0.9999265670776367 753 1735 811 1761 that
8 23 0.9998891353607178 811 1738 838 1766 a
8 23 0.9968103766441345 879 1731 946 1757 inner
8 23 0.8983668088912964 949 1731 1040 1757 secrets'
8 23 0.977993905544281 1047 1727 1095 1763 [39]
8 23 0.9999086856842041 1097 1729 1162 1761 after
8 23 0.7513417601585388 1162 1727 1208 1761 all,
8 23 0.9432140588760376 1211 1731 1294 1757 thanks
8 23 0.9995379447937012 1299 1731 1333 1759 to
8 23 0.765680730342865 1333 1731 1447 1763 quantum
8 23 0.9968822002410889 1450 1727 1540 1766 theory.
9 0 0.5613328814506531 149 908 385 941 gravitational-waves
9 0 0.996187150478363 396 906 541 938 observation
9 0 0.9999277591705322 549 906 582 936 of
9 0 0.9999743700027466 587 904 637 938 the
9 0 0.9911982417106628 644 910 737 943 merger
9 0 0.9986287355422974 745 906 778 936 of
9 0 0.9998452663421631 781 906 836 938 two
10 0 0.9972819089889526 146 975 209 1001 even
10 0 0.9943053126335144 209 975 278 1001 more
10 0 0.5337749719619751 280 973 420 1005 compelling.
11 0 0.9982726573944092 147 1355 204 1381 tum
11 0 0.6550188064575195 205 1351 303 1390 gravity,
11 0 0.6544286012649536 307 1357 353 1383 are
11 0 0.9520946741104126 355 1351 411 1383 still
11 0 0.5938233137130737 415 1355 610 1385 approximations,
11 0 0.9975669384002686 619 1355 717 1381 because
11 0 0.9950915575027466 720 1349 783 1390 they
11 0 0.9997950196266174 783 1351 835 1383 dis-
11 0 0.9998276233673096 874 1349 903 1379 a
11 0 0.9950809478759766 901 1347 1057 1379 perturbative
11 0 0.907543420791626 1060 1347 1223 1379 phenomenon.
12 0 0.9973013997077942 147 1385 230 1417 regard
12 0 0.7897548079490662 232 1385 443 1417 non-perturbative
12 0 0.5181490778923035 446 1385 720 1417 quantum-gravilational
12 0 0.9944862723350525 723 1385 833 1417 phenom-
12 1 0.9680829048156738 144 1448 197 1482 via
12 1 0.9227787852287292 194 1450 351 1482 gravitational
12 1 0.9831405282020569 356 1450 469 1482 quantum
12 1 0.23117351531982422 471 1445 617 1484 tunnelling'.
13 0 0.9999270439147949 904 1379 934 1411 A
13 0 0.9565092325210571 937 1381 1030 1407 lifetime
13 0 0.9950329065322876 1034 1381 1059 1411 T
13 0 0.6059736013412476 1057 1381 1090 1409 2
13 0 0.6082671284675598 1085 1370 1135 1413 m2
13 0 0.741934061050415 1133 1377 1228 1415 implies
13 0 0.9960936903953552 1228 1379 1288 1411 that
13 0 0.6963016390800476 1289 1377 1424 1415 primordial
13 0 0.9993038177490234 1427 1381 1495 1407 black
13 0 0.9992309808731079 1497 1377 1567 1409 holes
13 1 0.9019915461540222 879 1443 979 1469 servable
13 1 0.9973883032798767 981 1443 1067 1475 signals
13 1 0.9128960371017456 1067 1437 1125 1480 [29).
13 1 0.9999159574508667 1128 1441 1157 1473 A
13 1 0.9959855675697327 1157 1443 1294 1475 component
13 1 0.9994651675224304 1294 1441 1328 1471 of
13 1 0.9996258020401001 1324 1443 1369 1471 the
13 1 0.9928421974182129 1369 1443 1480 1475 expected
13 1 0.9975056052207947 1480 1441 1563 1473 result-
14 0 0.9789464473724365 147 1703 267 1735 planckian
14 0 0.9983100891113281 272 1703 366 1735 density.
15 0 0.9995561242103577 879 1699 984 1725 acterises
15 0 0.9999535083770752 986 1697 1014 1727 it
15 0 0.8302517533302307 1012 1697 1062 1733 [37,
15 0 0.45639070868492126 1060 1697 1110 1733 38.
15 0 0.941217839717865 1120 1697 1206 1733 Maybe
15 0 0.9989410042762756 1208 1699 1275 1725 black
15 0 0.9984285235404968 1278 1699 1341 1725 holes
15 0 0.9879934787750244 1344 1699 1414 1725 could
15 0 0.9980611205101013 1419 1699 1499 1725 reveal
15 0 0.9998975992202759 1500 1695 1567 1727 their
15 1 0.5447289943695068 903 1759 962 1791 The
15 1 0.9765062928199768 966 1759 1024 1791 first
15 1 0.9994980096817017 1029 1761 1145 1793 objective
15 1 0.9953693747520447 1148 1757 1187 1793 of
15 1 0.9994152784347534 1188 1759 1241 1791 this
15 1 0.9996998310089111 1250 1768 1324 1793 paper
15 1 0.9999191761016846 1329 1759 1358 1791 is
15 1 0.999535083770752 1362 1761 1396 1791 to
15 1 0.9785715341567993 1402 1763 1514 1796 compute
15 1 0.9998175501823425 1519 1759 1567 1793 the
15 2 0.9987832903862 879 1793 1004 1819 black-hole
15 2 0.9622924327850342 1009 1793 1102 1819 lifetime
15 2 0.9982765913009644 1105 1791 1168 1824 from
15 2 0.99864262342453 1167 1793 1191 1824 a
15 2 0.9999010562896729 1190 1789 1238 1824 full
15 2 0.9972735047340393 1238 1796 1351 1828 quantum
15 2 0.9998183846473694 1354 1793 1437 1828 theory
15 2 0.9999942779541016 1436 1789 1472 1826 of
15 2 0.8718447685241699 1467 1791 1557 1830 gravity
15 3 0.99954754114151 878 1828 911 1856 to
15 3 0.9972631931304932 914 1830 991 1856 assess
15 3 0.9997541308403015 997 1826 1045 1856 the
15 3 0.9825473427772522 1049 1826 1175 1858 credibility
15 3 0.9999806880950928 1180 1824 1213 1854 of
15 3 0.9735106825828552 1216 1826 1265 1856 the
15 3 0.8284785747528076 1266 1824 1416 1856 dimensional
15 3 0.9059109687805176 1422 1824 1532 1856 estimate
15 4 0.5764368176460266 876 1851 929 1894 [27
15 4 0.9998034834861755 929 1856 982 1888 and
15 4 0.9999207258224487 986 1856 1100 1888 therefore
15 4 0.999915361404419 1104 1858 1193 1890 ground
15 4 0.9999804496765137 1198 1858 1246 1888 the
15 4 0.9940420985221863 1248 1858 1409 1890 astrophysical
15 4 0.9985748529434204 1416 1856 1533 1888 relevance
15 5 0.9987695813179016 906 1922 974 1948 Since
15 5 0.9997718930244446 977 1918 1027 1952 the
15 5 0.9889283180236816 1029 1922 1142 1955 quantum
15 5 0.9994077682495117 1148 1922 1238 1948 bounce
15 5 0.9998657703399658 1241 1920 1275 1950 of
15 5 0.9998352527618408 1275 1925 1301 1952 a
15 5 0.9998130202293396 1303 1922 1387 1948 Planck
15 5 0.9998148083686829 1391 1920 1449 1952 star
15 5 0.9997038245201111 1449 1920 1477 1950 is
15 5 0.9997636675834656 1477 1925 1504 1952 a
15 5 0.32090356945991516 1502 1925 1540 1950 noi
15 6 0.8623355627059937 878 1987 992 2019 quantum
15 6 0.9810776114463806 997 1985 1145 2015 fluctuations
15 6 0.9998230338096619 1150 1987 1240 2013 around
15 6 0.9981439113616943 1243 1989 1270 2017 a
15 6 0.9608262777328491 1271 1987 1374 2013 classical
15 6 0.9904042482376099 1379 1987 1482 2013 solution
15 6 0.9994722008705139 1485 1985 1519 2015 of
15 6 0.9971639513969421 1520 1985 1553 2015 the
16 0 0.9988088607788086 149 1768 257 1793 violation
16 0 0.9999963045120239 258 1761 295 1798 of
16 0 0.9999822378158569 292 1763 340 1798 the
16 0 0.9979939460754395 343 1768 444 1793 Einstein
16 0 0.9993894100189209 449 1768 569 1800 equations
16 0 0.9994387030601501 574 1768 655 1793 within
16 0 0.9972618818283081 655 1770 682 1798 a
16 0 0.9748210310935974 680 1766 752 1800 finite
16 0 0.9907570481300354 753 1770 835 1802 space-
17 0 0.873071014881134 152 1905 167 1927 t
18 0 0.9986811280250549 879 1890 946 1916 black
18 0 0.9950888752937317 949 1888 1007 1920 hole
18 0 0.7506167888641357 1009 1890 1142 1922 tunnelling.
19 0 0.9342732429504395 167 1950 219 1985 Not
19 0 0.9667921662330627 220 1952 258 1980 """in"
19 0 0.9989846348762512 255 1955 280 1983 a
19 0 0.9998447895050049 280 1955 370 1980 different
19 0 0.9683751463890076 375 1955 473 1978 "universe"""
19 0 0.9981435537338257 476 1957 509 1983 as
19 0 0.9903704524040222 506 1952 537 1983 in
19 0 0.6549402475357056 537 1950 577 1989 [3),
19 0 0.9996597766876221 579 1955 620 1980 but
19 0 0.9979220032691956 622 1952 697 1985 simply
19 0 0.9858269095420837 702 1957 805 1983 exploding
19 0 0.9996551275253296 806 1952 836 1983 in
19 0 0.9917267560958862 878 1955 1032 1987 perturbative
19 0 0.6344471573829651 1035 1955 1198 1987 phenomenon,
19 0 0.9293829798698425 1200 1952 1230 1985 it
19 0 0.9999009370803833 1226 1952 1255 1985 is
19 0 0.9400126338005066 1251 1952 1303 1985 not
19 0 0.8237173557281494 1301 1955 1412 1987 captured
19 0 0.9975801706314087 1412 1950 1452 1989 by
19 0 0.9999551773071289 1449 1950 1497 1985 the
19 0 0.8993702530860901 1497 1955 1553 1980 smal
20 0 0.9999226331710815 169 1980 204 2008 its
20 0 0.9982965588569641 204 1980 273 2006 actual
20 0 0.9970616698265076 275 1980 366 2006 location.
