block line confidence X1 Y1 X2 Y2 token
0 0 0.9994046688079834 515 95 562 127 ON
0 0 0.9999606609344482 563 93 628 127 THE
0 0 0.9894157648086548 629 93 707 127 LAST
0 0 0.9731491804122925 710 95 854 130 QUESTION
0 0 0.8538194894790649 859 95 901 125 OF
0 0 0.9998661279678345 906 93 1015 127 STEFAN
0 0 0.9920976161956787 1020 93 1140 127 BANACH
1 0 0.9999955892562866 1494 95 1516 127 5
2 0 0.9966649413108826 172 155 221 201 (It
2 0 0.9991568326950073 213 157 250 196 is
2 0 0.9976734519004822 251 157 410 198 interesting
2 0 0.9999375343322754 413 157 452 194 to
2 0 0.9999303817749023 453 159 524 194 note
2 0 0.9999693632125854 528 157 594 191 that
2 0 0.999977707862854 600 157 652 191 the
2 0 0.8784397840499878 652 159 733 194 same
2 0 0.9958613514900208 739 157 889 191 1936-1937
2 0 0.9965338706970215 896 157 969 191 issue
2 0 0.9820266366004944 973 155 1011 194 of
2 0 0.7947219610214233 1015 157 1141 198 Comptes
2 0 0.997533917427063 1150 157 1256 191 Rendus
2 0 0.9997994303703308 1263 157 1314 194 des
2 0 0.9824892282485962 1321 157 1435 191 Séances
2 0 0.9998243451118469 1442 155 1482 194 de
2 0 0.975992739200592 1484 159 1516 191 la
2 1 0.8418427109718323 140 191 248 232 Société
2 1 0.9905016422271729 250 194 302 230 des
2 1 0.9987670183181763 306 196 429 230 Sciences
2 1 0.9998570680618286 434 198 466 228 et
2 1 0.9883650541305542 471 194 523 230 des
2 1 0.6358903050422668 528 196 628 230 Lettres
2 1 0.9985201954841614 631 194 671 230 de
2 1 0.9906517267227173 680 196 802 230 Varsovie
2 1 0.9999366998672485 806 194 841 232 in
2 1 0.6744004487991333 843 196 931 230 which
2 1 0.6026528477668762 936 194 1083 237 Slupecki's
2 1 0.9984369874000549 1085 198 1174 239 paper
2 1 0.9998080134391785 1174 201 1235 235 was
2 1 0.9897391200065613 1240 198 1387 232 published,
2 1 0.9995573163032532 1392 196 1515 230 contains
2 2 0.9998063445091248 138 232 193 274 the
2 2 0.9958903193473816 197 237 285 278 paper
2 2 0.8917044401168823 292 232 377 276 [We2]
2 2 0.968566358089447 381 232 419 271 of
2 2 0.9962568283081055 424 235 533 269 Donald
2 2 0.9978041052818298 537 232 575 271 L.
2 2 0.9910066723823547 583 232 678 274 Webb,
2 2 0.9969096779823303 684 239 712 271 a
2 2 0.9996718168258667 715 232 791 269 fresh
2 2 0.995349109172821 797 235 868 269 PhD
2 2 0.7631308436393738 875 235 949 269 from
2 2 0.9975900650024414 957 235 1069 269 Caltech
2 2 0.991880476474762 1074 235 1135 269 and
2 2 0.9999954700469971 1140 235 1195 269 the
2 2 0.9970300197601318 1200 235 1300 269 author
2 2 0.9951936602592468 1305 232 1343 269 of
2 2 0.9999943971633911 1345 235 1400 269 the
2 2 0.9909932017326355 1403 232 1515 276 already
2 3 0.941578209400177 138 276 292 308 mentioned
2 3 0.5635105967521667 297 271 390 315 [Wel],
2 3 0.999881386756897 395 271 432 310 in
2 3 0.9999940395355225 436 274 523 308 which
2 3 0.9999727010726929 528 274 570 310 he
2 3 0.5069212317466736 571 274 686 308 extends
2 3 0.9999970197677612 691 274 744 308 the
2 3 0.9966356158256531 746 274 846 308 results
2 3 0.9973688125610352 849 271 888 310 of
2 3 0.9994950294494629 889 274 943 310 the
2 3 0.9915968775749207 944 274 1028 308 latter
2 3 0.9978463649749756 1032 276 1129 317 paper.
2 3 0.9921922087669373 1138 271 1217 315 This,
2 3 0.9922682642936707 1221 276 1326 317 among
2 3 0.9998533725738525 1327 274 1408 310 other
2 3 0.9998993873596191 1413 274 1513 315 things,
2 4 0.9990507960319519 138 317 261 351 suggests
2 4 0.9999827146530151 269 312 335 347 that
2 4 0.8942042589187622 344 312 541 354 developments
2 4 0.9999692440032959 549 315 584 349 in
2 4 0.9998800754547119 591 312 650 347 this
2 4 0.9996392726898193 659 312 762 347 branch
2 4 0.9736695289611816 767 310 806 349 of
2 4 0.9996738433837891 809 312 907 354 logical
2 4 0.9994427561759949 915 312 1012 347 calculi
2 4 0.999964714050293 1020 317 1061 347 on
2 4 0.9968199729919434 1070 312 1143 347 both
2 4 0.998077392578125 1150 312 1224 347 sides
2 4 0.9993095397949219 1230 310 1269 349 of
2 4 0.9995530247688293 1274 312 1393 347 Atlantic
2 4 0.997844934463501 1402 310 1455 347 did
2 4 0.9903554916381836 1460 312 1516 349 not
2 5 0.9919137954711914 138 354 251 388 proceed
2 5 0.9999281167984009 260 349 297 388 in
2 5 0.9997591376304626 302 347 428 388 isolation
2 5 0.9986013770103455 434 351 473 388 at
2 5 0.9999949932098389 478 349 544 386 that
2 5 0.3977128863334656 550 344 654 395 timef).
2 5 0.9393740296363831 671 349 781 390 Earlier,
2 5 0.807508647441864 793 351 906 386 another
2 5 0.998508632183075 915 349 1088 383 Lukasiewicz
2 5 0.982135534286499 1093 349 1216 390 student,
2 5 0.6384060382843018 1224 349 1366 392 Mordchaj
2 5 0.9980090260505676 1376 351 1515 392 Wajsberg
2 6 0.9999330043792725 138 388 193 424 has
2 6 0.9983218312263489 195 390 324 431 reported
2 6 0.99936443567276 326 390 365 427 at
2 6 0.9999700784683228 366 388 419 424 the
2 6 0.9482765793800354 424 390 599 424 Lukasiewicz
2 6 0.9943716526031494 604 386 704 427 Tarski
2 6 0.8533333539962769 705 390 831 424 seminart
2 6 0.7989766597747803 838 395 915 422 some
2 6 0.9974834322929382 919 390 1024 424 related
2 6 0.99138343334198 1028 390 1127 424 results
2 6 0.998275637626648 1158 392 1209 427 see
2 6 0.9999040365219116 1209 395 1237 424 a
2 6 0.9994283318519592 1238 388 1311 424 brief
2 6 0.9930257797241211 1314 392 1474 427 description
2 6 0.9999680519104004 1479 392 1515 427 at
2 7 0.9997377991676331 138 427 193 468 the
2 7 0.9985339641571045 193 431 263 468 very
2 7 0.987764298915863 263 427 326 470 end
2 7 0.9468230605125427 329 422 545 472 "(""Anmerkung"""
2 7 0.9979231953620911 560 427 599 468 of
2 7 0.887856662273407 602 427 671 470 [Wa]
2 7 0.7541256546974182 676 424 730 470 (cf.
2 7 0.9998618364334106 736 429 799 463 also
2 7 0.9998098015785217 802 429 901 463 Surma
2 7 0.9513140916824341 907 427 967 472 [Su,
2 7 0.6714144945144653 970 427 1048 470 Six]).
2 7 0.9998863935470581 1056 427 1095 465 In
2 7 0.9999382495880127 1098 429 1150 465 the
2 7 0.9679229855537415 1153 431 1232 465 same
2 7 0.9994431138038635 1237 436 1329 470 paper,
2 7 0.8933505415916443 1337 436 1413 463 more
2 7 0.9920656085014343 1418 429 1515 470 binary
2 8 0.942460298538208 137 472 219 507 maps
2 8 0.9780943989753723 222 468 379 509 generating
2 8 0.9995895028114319 382 465 426 504 all
2 8 0.9364343285560608 429 470 508 507 maps
2 8 0.9878197908401489 513 465 550 504 of
2 8 0.9998051524162292 550 468 684 509 arbitrary
2 8 0.9977971315383911 689 465 764 509 arity
2 8 0.9999651908874512 768 475 809 502 on
2 8 0.9998019337654114 812 472 838 502 a
2 8 0.9945468902587891 841 468 920 502 finite
2 8 0.9998859167098999 922 470 972 504 set
2 8 0.9934013485908508 975 475 1025 502 are
2 8 0.9429548978805542 1028 468 1172 509 presented
2 8 0.7811040878295898 1174 465 1293 507 without
2 8 0.9959413409233093 1297 468 1385 509 proof.
2 8 0.9316497445106506 1397 468 1479 502 Some
2 8 0.9938581585884094 1481 465 1518 504 of
2 9 0.9999308586120605 138 504 193 545 the
2 9 0.9899826645851135 192 500 360 548 Wajsberg's
2 9 0.9987525939941406 360 504 461 545 results
2 9 0.9842357635498047 463 507 623 548 apparently
2 9 0.9997231364250183 626 507 667 548 go
2 9 0.9994012117385864 668 507 741 543 back
2 9 0.999455988407135 746 511 781 541 as
2 9 0.9991306662559509 785 502 864 545 early
2 9 0.9995315074920654 864 509 904 545 as
2 9 0.9997394680976868 909 507 986 543 1927,
2 9 0.8728373050689697 990 504 1040 543 i.e.
2 9 0.9992690682411194 1048 504 1148 539 almost
2 9 0.9997838139533997 1150 511 1177 541 a
2 9 0.9976422190666199 1180 504 1282 539 decade
2 9 0.9998782873153687 1285 502 1381 543 before
2 9 0.9886471629142761 1385 504 1477 539 Webb.
2 10 0.9999954700469971 172 543 251 580 More
2 10 0.9924576282501221 260 543 355 584 logical
2 10 0.9971321821212769 365 543 470 584 calculi,
2 10 0.9997085928916931 481 543 552 580 both
2 10 0.9366447329521179 562 543 696 587 complete
2 10 0.9898171424865723 704 543 762 580 and
2 10 0.7090607285499573 768 543 940 584 incomplete,
2 10 0.9998266100883484 948 548 1022 582 were
2 10 0.9988883137702942 1027 541 1174 584 developed
2 10 0.9969354867935181 1182 545 1287 580 around
2 10 0.9999260902404785 1297 543 1356 580 this
2 10 0.9969046711921692 1363 543 1444 587 time,
2 10 0.9996476173400879 1453 543 1515 580 first
2 11 0.9983682036399841 137 582 176 621 of
2 11 0.9949387311935425 180 584 230 621 all,
2 11 0.9999655485153198 240 582 285 625 by
2 11 0.8657975196838379 293 582 365 619 Emil
2 11 0.9988621473312378 376 582 452 619 Leon
2 11 0.999930739402771 461 582 529 619 Post
2 11 0.9462653994560242 542 584 626 623 (born
2 11 0.9999175071716309 631 580 670 621 in
2 11 0.9997519850730896 678 582 791 623 Poland,
2 11 0.6522992849349976 804 584 944 619 otherwise
2 11 0.9999662637710571 952 584 1007 619 not
2 11 0.999041736125946 1014 580 1120 621 related
2 11 0.9998549222946167 1129 584 1169 621 to
2 11 0.9999690055847168 1175 582 1242 619 that
2 11 0.2371838390827179 1250 582 1395 623 country3),
2 11 0.9994538426399231 1408 591 1445 619 as
2 11 0.9999744892120361 1453 582 1515 619 well
2 12 0.9999567270278931 138 628 174 657 as
2 12 0.9994574189186096 182 623 227 666 by
2 12 0.9937415719032288 232 621 415 662 Lukasiewicz,
2 12 0.9513520002365112 426 623 557 664 Slupecki,
2 12 0.9371776580810547 568 619 701 660 Boleslaw
2 12 0.8042929172515869 707 619 865 660 Sobocinski
2 12 0.9997913241386414 875 621 1001 662 (another
2 12 0.999624490737915 1011 621 1080 657 PhD
2 12 0.9723941683769226 1087 619 1203 660 student
2 12 0.9938993453979492 1209 621 1246 660 of
2 12 0.9873342514038086 1253 621 1447 662 Lukasiewicz),
2 12 0.9171468019485474 1458 623 1515 657 Eu-
2 13 0.999798595905304 137 662 235 705 stachy
2 13 0.5570869445800781 239 655 360 705 Zyliniski
2 13 0.6037003397941589 368 662 508 703 (professor
2 13 0.9692999720573425 515 664 550 698 of
2 13 0.999985933303833 552 662 607 698 the
2 13 0.9992994070053101 612 662 686 698 Lvov
2 13 0.6800031065940857 691 662 844 703 University
2 13 0.9998267292976379 847 662 885 701 in
2 13 0.8953297734260559 886 660 1064 708 1919-1941),
2 13 0.9712745547294617 1069 662 1201 705 Zygmunt
2 13 0.9989948868751526 1208 662 1342 703 Zawirski,
2 13 0.7782776951789856 1348 662 1408 698 and
2 13 0.9719517230987549 1413 664 1513 698 others.
2 14 0.8754575252532959 138 698 232 742 Post's
2 14 0.9273841381072998 234 703 331 744 purely
2 14 0.7915393114089966 334 698 434 740 formal
2 14 0.990781843662262 437 703 583 737 treatment
2 14 0.9718185067176819 586 701 625 740 of
2 14 0.8817644715309143 623 698 814 746 many-valued
2 14 0.9727280139923096 815 696 904 746 logics
2 14 0.996539831161499 906 698 959 744 "(""a"
2 14 0.9808846712112427 962 703 1161 737 combinatorial
2 14 0.5567861199378967 1166 698 1287 740 "scheme"""
2 14 0.9999480247497559 1292 701 1330 740 in
2 14 0.9999921321868896 1332 703 1387 737 the
2 14 0.7502753138542175 1390 703 1477 737 words
2 14 0.9973239898681641 1482 703 1518 737 of
2 15 0.9981728792190552 140 742 293 776 Mostowski
2 15 0.6026995182037354 298 740 371 783 [Mo,
2 15 0.9988906979560852 369 742 403 783 p.
2 15 0.6208065152168274 407 742 461 783 3])
2 15 0.9965932965278625 452 742 492 781 is,
2 15 0.9997106194496155 495 740 621 783 perhaps,
2 15 0.9996787309646606 625 740 713 781 closer
2 15 0.9998373985290527 713 740 751 778 in
2 15 0.9998794794082642 751 740 831 783 spirit
2 15 0.9999655485153198 836 744 872 778 to
2 15 0.6568509340286255 873 742 1074 776 mathematical
2 15 0.9839165806770325 1075 742 1214 783 questions
2 15 0.9952067732810974 1217 742 1371 776 considered
2 15 0.9999092817306519 1374 742 1440 776 here
2 15 0.9999923706054688 1445 742 1515 776 than
2 16 0.9969192743301392 174 817 295 851 Another
2 16 0.9889489412307739 302 817 407 851 feature
2 16 0.9967819452285767 411 815 449 854 of
2 16 0.9999581575393677 450 817 505 854 the
2 16 0.9905835390090942 510 817 586 854 work
2 16 0.9882717728614807 591 817 629 854 of
2 16 0.992725133895874 633 817 828 851 Lukasiewicz's
2 16 0.9999716281890869 835 817 927 851 school
2 16 0.9994956254959106 935 817 994 854 and
2 16 0.9961684346199036 1003 817 1091 851 Polish
2 16 0.9998315572738647 1099 817 1229 858 logicians
2 16 0.9995608925819397 1234 822 1269 856 in
2 16 0.9984766840934753 1274 817 1392 858 general,
2 16 0.999874472618103 1398 824 1456 851 was
2 16 0.9999803304672241 1461 817 1516 854 the
2 17 0.9939344525337219 138 863 264 893 constant
2 17 0.9408369660377502 274 861 355 897 quest
2 17 0.9989998936653137 365 856 413 893 for
2 17 0.9992044568061829 418 856 549 897 minimal,
2 17 0.9996665716171265 560 863 597 893 as
2 17 0.9984554052352905 604 856 652 893 far
2 17 0.9989142417907715 657 865 696 893 as
2 17 0.991337776184082 702 856 830 899 possible,
2 17 0.9337550401687622 838 858 957 899 systems
2 17 0.550625741481781 964 854 1001 895 of
2 17 0.9942916631698608 1007 861 1112 895 axioms
2 17 0.9989913105964661 1120 856 1169 893 for
2 17 0.9996199607849121 1175 856 1242 893 that
2 17 0.996134877204895 1248 865 1287 893 or
2 17 0.999887228012085 1293 854 1411 895 another
2 17 0.9993752837181091 1418 856 1515 899 logical
2 18 0.99832683801651 138 897 264 931 calculus.
2 18 0.9831320643424988 272 895 437 936 Minimality
2 18 0.9999082088470459 437 899 499 934 was
2 18 0.9914453029632568 502 897 663 929 understood
2 18 0.8385440707206726 670 895 741 931 both
2 18 0.9999778270721436 743 897 778 931 in
2 18 0.9768102169036865 781 902 865 929 terms
2 18 0.9658230543136597 868 897 904 931 of
2 18 0.9998144507408142 904 895 957 931 the
2 18 0.8798069953918457 957 897 1072 931 number
2 18 0.9991993308067322 1075 897 1111 931 of
2 18 0.9951183795928955 1111 897 1216 931 axioms
2 18 0.998350977897644 1219 895 1277 931 and
2 18 0.9999992847442627 1279 895 1353 931 their
2 18 0.999955415725708 1356 895 1452 938 length
2 18 0.9143300652503967 1455 893 1515 938 (cf.,
2 19 0.7275251746177673 135 936 203 979 e.g.,
2 19 0.8610349297523499 209 934 293 977 [Wo1,
2 19 0.9954025745391846 298 938 350 975 pp.
2 19 0.9233958721160889 355 934 482 975 390-391]
2 19 0.9466080069541931 487 931 549 975 and
2 19 0.9969678521156311 554 931 612 977 [Su,
2 19 0.5510525107383728 613 929 702 979 Sv)*.
2 19 0.9901902675628662 710 934 843 968 Banach's
2 19 0.9931381344795227 846 934 928 968 claim
2 19 0.84110426902771 933 934 991 970 and
2 19 0.9704644083976746 998 938 1119 973 question
2 19 0.9936937689781189 1127 941 1250 968 resonate
2 19 0.9999270439147949 1255 934 1314 970 well
2 19 0.8919475674629211 1321 934 1389 970 with
2 19 0.9997335076332092 1395 934 1455 968 this
2 19 0.9858291745185852 1456 934 1516 968 line
2 20 0.9943323135375977 135 970 176 1009 of
2 20 0.8062810301780701 174 973 302 1014 thought,
2 20 0.9999074935913086 308 979 344 1009 as
2 20 0.9999475479125977 348 975 416 1011 they
2 20 0.9988886713981628 419 977 478 1011 can
2 20 0.9999912977218628 481 970 523 1009 be
2 20 0.9967229962348938 526 970 642 1014 phrased
2 20 0.9995311498641968 647 977 683 1007 as
2 20 0.9996030926704407 689 973 797 1007 follows:
2 20 0.9999517202377319 809 975 838 1007 if
2 20 0.9996848106384277 838 975 864 1009 a
2 20 0.9924882650375366 867 975 969 1009 certain
2 20 0.9976527094841003 975 975 1075 1009 3-term
2 20 0.9898397922515869 1080 977 1219 1011 operation
2 20 0.9999628067016602 1227 975 1259 1007 in
2 20 0.999798595905304 1264 979 1305 1007 an
2 20 0.9702900648117065 1311 975 1437 1009 n-valued
2 20 0.9989597797393799 1444 970 1516 1014 logic
2 21 0.9997108578681946 137 1009 169 1050 is
2 21 0.9999076128005981 167 1014 224 1050 not
2 21 0.995446503162384 229 1016 368 1050 generated
2 21 0.9999208450317383 373 1011 418 1055 by
2 21 0.9999306201934814 418 1016 442 1050 a
2 21 0.9583110213279724 445 1014 544 1048 2-term
2 21 0.9998798370361328 549 1018 604 1046 one
2 21 0.9922257661819458 608 1009 689 1055 (alas,
2 21 0.9997001886367798 692 1018 730 1048 as
2 21 0.9989668130874634 731 1018 776 1046 we
2 21 0.9983060359954834 778 1011 851 1048 have
2 21 0.9839808344841003 852 1016 927 1050 seen,
2 21 0.999534010887146 931 1011 993 1048 this
2 21 0.9998866319656372 993 1016 1022 1046 is
2 21 0.9635449647903442 1024 1011 1140 1055 wrong),
2 21 0.9998924732208252 1145 1014 1198 1048 the
2 21 0.999974250793457 1198 1014 1267 1048 next
2 21 0.9954023361206055 1271 1011 1337 1048 best
2 21 0.9999643564224243 1339 1011 1421 1055 thing
2 21 0.9999706745147705 1423 1014 1461 1050 to
2 21 0.9995368719100952 1461 1011 1515 1048 ask
2 22 0.9958246946334839 172 1112 222 1148 Of
2 22 0.9946444034576416 213 1116 323 1151 course,
2 22 0.9543754458427429 331 1116 415 1151 many
2 22 0.7891650199890137 423 1112 528 1146 further
2 22 0.9981410503387451 534 1112 633 1146 results
2 22 0.5266413688659668 639 1112 726 1146 about
2 22 0.6709379553794861 734 1112 864 1146 Hilbert's
2 22 0.9630749225616455 870 1112 940 1148 13th
2 22 0.978878378868103 946 1112 1077 1153 problem,
2 22 0.977445125579834 1085 1112 1156 1148 from
2 22 0.9999353885650635 1162 1119 1219 1146 one
2 22 0.9905034303665161 1222 1110 1297 1153 side,
2 22 0.9821408987045288 1301 1112 1361 1148 and
2 22 0.9997547268867493 1369 1112 1513 1146 functional
2 23 0.9972302317619324 138 1155 329 1190 completeness
2 23 0.995371401309967 335 1153 394 1187 and
2 23 0.6238588094711304 397 1151 620 1192 incompleteness
2 23 0.9962853193283081 621 1148 660 1187 of
2 23 0.9992220401763916 663 1153 768 1187 various
2 23 0.8309004306793213 773 1151 872 1192 logical
2 23 0.8766523003578186 877 1148 983 1192 calculi,
2 23 0.9584716558456421 990 1151 1061 1187 from
2 23 0.9999942779541016 1066 1151 1120 1187 the
2 23 0.9993367791175842 1124 1151 1214 1192 other,
2 23 0.9999434947967529 1221 1160 1290 1185 were
2 23 0.9996638298034668 1297 1151 1424 1185 obtained
2 23 0.6039474010467529 1434 1155 1511 1183 atter-
2 24 0.9992269277572632 138 1190 227 1224 wards
2 24 0.9949937462806702 235 1187 295 1231 (cf.,
2 24 0.45179855823516846 305 1194 368 1231 e.g.,
2 24 0.998071014881134 377 1190 431 1226 the
2 24 0.9905270338058472 436 1192 536 1233 survey
2 24 0.9969404935836792 544 1190 584 1231 by
2 24 0.9916551113128662 592 1190 738 1224 Vitushkin
2 24 0.9974746108055115 744 1185 794 1233 [V]
2 24 0.9995063543319702 799 1190 847 1226 for
2 24 0.9999881982803345 854 1190 907 1224 the
2 24 0.9795560240745544 912 1187 1022 1228 former,
2 24 0.9594875574111938 1030 1190 1091 1224 and
2 24 0.9998774528503418 1098 1190 1151 1224 the
2 24 0.9995984435081482 1158 1190 1234 1224 book
2 24 0.9999772310256958 1242 1190 1282 1231 by
2 24 0.9999585151672363 1288 1190 1351 1226 Lau
2 24 0.9258700013160706 1360 1190 1402 1231 [L]
2 24 0.9988141059875488 1410 1190 1458 1226 for
2 24 0.9997287392616272 1465 1190 1516 1224 the
2 25 0.9986203908920288 145 1317 182 1356 2.
2 25 0.9981402158737183 192 1320 314 1354 CLONES
2 25 0.9996597766876221 323 1324 369 1356 OF
2 25 0.9957714676856995 373 1324 526 1356 ANALYTIC
2 25 0.9809324741363525 531 1322 600 1356 AND
2 25 0.99310702085495 605 1324 752 1356 ORDERED
2 25 0.9998939037322998 759 1324 852 1359 MAPS,
2 25 0.8402782678604126 860 1324 1019 1359 COUNTING
2 25 0.9405086040496826 1024 1327 1284 1359 SUPERPOSITIONS,
2 25 0.5781364440917969 1292 1324 1452 1356 EXAMPLES
2 25 0.9985650181770325 1456 1327 1505 1354 TO
2 26 0.5655876398086548 171 1452 187 1480 t
2 26 0.9999920129776001 192 1452 248 1489 The
2 26 0.99750816822052 253 1457 360 1491 personal
2 26 0.9984025359153748 365 1459 470 1487 contacts
2 26 0.9984392523765564 473 1457 573 1491 started,
2 26 0.6512413024902344 579 1457 696 1491 probably,
2 26 0.7675882577896118 702 1455 764 1489 with
2 26 0.9999947547912598 768 1457 812 1487 the
2 26 0.9995161294937134 815 1455 875 1489 visit
2 26 0.9988499879837036 878 1455 909 1487 of
2 26 0.9934588074684143 915 1457 1009 1484 Willard
2 26 0.999835729598999 1015 1455 1070 1489 Van
2 26 0.6429537534713745 1074 1455 1164 1489 Orman
2 26 0.9985002279281616 1171 1457 1248 1491 Quine
2 26 0.937231183052063 1255 1455 1322 1491 (then
2 26 0.9999734163284302 1327 1457 1358 1489 at
2 26 0.969438910484314 1363 1452 1479 1493 Harvard)
2 26 0.9999874830245972 1484 1457 1515 1489 to
2 27 0.6021420359611511 140 1491 239 1518 Warsaw
2 27 0.9997684359550476 242 1491 274 1523 in
2 27 0.9972648620605469 277 1491 344 1518 1932.
2 27 0.9998729228973389 353 1489 437 1523 Ernest
2 27 0.9290646910667419 442 1489 516 1525 Nagel
2 27 0.7170233726501465 521 1489 591 1525 (then
2 27 0.999813973903656 592 1491 625 1521 at
2 27 0.9897880554199219 629 1489 760 1523 Columbia)
2 27 0.9663196206092834 764 1489 836 1523 made
2 27 0.9902607798576355 838 1489 919 1525 public
2 27 0.9935710430145264 922 1489 969 1525 (cf.
2 27 0.6241989135742188 977 1489 1054 1525 [Nag)
2 27 0.9231541752815247 1057 1489 1101 1525 his
2 27 0.9969702959060669 1103 1491 1237 1525 interesting
2 27 0.9688321352005005 1240 1491 1385 1525 impressions
2 27 0.9967390894889832 1387 1487 1421 1525 of
2 27 0.9952415227890015 1421 1491 1515 1525 visiting
2 28 0.9999017715454102 138 1521 230 1555 Poland
2 28 0.9999784231185913 234 1523 266 1553 in
2 28 0.9993485808372498 272 1523 340 1557 1935,
2 28 0.9997712969779968 347 1521 405 1557 but,
2 28 0.9979985356330872 411 1521 505 1555 written
2 28 0.9906124472618103 512 1521 575 1555 from
2 28 0.9539769887924194 581 1523 628 1555 the
2 28 0.9902922511100769 631 1521 796 1562 philosopher's
2 28 0.9999737739562988 799 1521 883 1555 rather
2 28 0.9999878406524658 888 1521 951 1555 than
2 28 0.7291869521141052 957 1523 1074 1557 logician's
2 28 0.9990612864494324 1078 1523 1216 1557 standpoint
2 28 0.9894956946372986 1222 1523 1293 1557 "(""the"
2 28 0.9995861649513245 1298 1523 1381 1557 logical
2 28 0.9979285001754761 1387 1523 1515 1557 researches
2 29 0.9993245601654053 138 1555 203 1589 both
2 29 0.9991440773010254 201 1557 234 1587 at
2 29 0.9998563528060913 237 1557 335 1585 Warsaw
2 29 0.9968698620796204 337 1555 390 1589 and
2 29 0.9322698712348938 390 1557 468 1585 Lwow
2 29 0.986700177192688 470 1560 516 1592 are
2 29 0.9998214840888977 512 1553 686 1594 extraordinary
2 29 0.9333058595657349 688 1557 823 1592 specialized
2 29 0.9832702875137329 822 1555 877 1589 and
2 29 0.7026814222335815 875 1553 1024 1594 "technical""),"
2 29 0.9998582601547241 1024 1555 1095 1589 these
2 29 0.9989388585090637 1093 1557 1246 1592 impressions,
2 29 0.9998034834861755 1250 1557 1366 1592 probably,
2 29 0.9601157307624817 1369 1555 1515 1589 contributed
2 30 0.9998020529747009 138 1587 205 1621 little
2 30 0.9994564652442932 205 1592 239 1621 to
2 30 0.9843167066574097 239 1589 387 1624 interchange
2 30 0.9798000454902649 387 1587 423 1626 of
2 30 0.9982232451438904 423 1589 507 1624 logical
2 30 0.9997482895851135 508 1589 562 1624 and
2 30 0.8821379542350769 563 1585 738 1626 mathematical
2 30 0.9890357851982117 739 1587 809 1621 ideas
2 30 0.9996144771575928 812 1592 914 1619 between
2 30 0.999958872795105 920 1592 967 1624 the
2 30 0.9858241081237793 969 1592 1090 1619 countries.
2 30 0.9980134963989258 1103 1592 1171 1619 Ulam
2 30 0.8245922923088074 1175 1594 1227 1621 was
2 30 0.9812290072441101 1230 1589 1326 1624 moving
2 30 0.998836100101471 1329 1589 1390 1624 back
2 30 0.9968844056129456 1393 1587 1447 1621 and
2 30 0.9998138546943665 1452 1592 1515 1619 forth
2 31 0.6654812693595886 140 1624 242 1651 between
2 31 0.999929666519165 245 1619 290 1656 US
2 31 0.9935997724533081 293 1619 431 1660 (Princeton
2 31 0.9941188097000122 429 1621 484 1656 and
2 31 0.9977130889892578 484 1619 547 1653 then
2 31 0.8108041882514954 550 1621 663 1656 Harvard)
2 31 0.9984884262084961 670 1621 722 1656 and
2 31 0.9999732971191406 725 1624 789 1651 Lvov
2 31 0.9999589920043945 793 1621 825 1653 in
2 31 0.9884278178215027 827 1621 965 1656 1935-1939,
2 31 0.9994180202484131 969 1621 1019 1656 but
2 31 0.9678566455841064 1020 1624 1062 1653 his
2 31 0.9808911681175232 1062 1619 1182 1660 interests,
2 31 0.9997791647911072 1185 1624 1217 1653 at
2 31 0.9999388456344604 1219 1621 1284 1656 least
2 31 0.9988429546356201 1285 1624 1318 1653 at
2 31 0.999030351638794 1319 1621 1379 1656 that
2 31 0.8346110582351685 1381 1621 1450 1658 time,
2 31 0.9999074935913086 1453 1628 1515 1653 were
2 32 0.9868097305297852 137 1656 232 1690 outside
2 32 0.9850727915763855 232 1656 300 1692 logic.
2 32 0.8917044401168823 310 1658 402 1685 Webb's
2 32 0.9999687671661377 405 1658 478 1685 thesis
2 32 0.9992353916168213 479 1656 579 1690 advisor,
2 32 0.9986794590950012 583 1656 639 1690 Eric
2 32 0.9902459383010864 639 1653 736 1694 Temple
2 32 0.9980562925338745 736 1656 799 1692 Bell,
2 32 0.999980092048645 799 1660 836 1690 an
2 32 0.992865800857544 836 1656 993 1690 enthusiastic,
2 32 0.9996656179428101 994 1656 1070 1690 albeit
2 32 0.9968563318252563 1069 1656 1120 1690 not
2 32 0.9099746942520142 1117 1653 1208 1694 always
2 32 0.980180025100708 1206 1658 1301 1692 precise,
2 32 0.9992049336433411 1303 1656 1384 1690 writer
2 32 0.9996849298477173 1385 1658 1416 1688 of
2 32 0.9999103546142578 1416 1658 1515 1692 popular
2 33 0.6616829633712769 138 1688 310 1722 mathematical
2 33 0.9926436543464661 313 1688 398 1722 books,
2 33 0.9781690835952759 403 1690 494 1724 praised
2 33 0.8940876126289368 499 1688 667 1722 Lukasiewicz's
2 33 0.7286593914031982 670 1688 778 1722 3-valued
2 33 0.9981458187103271 781 1688 846 1724 logic
2 33 0.9998800754547119 846 1694 880 1722 as
2 33 0.9999167919158936 881 1692 931 1719 one
2 33 0.9850270748138428 933 1690 967 1719 of
2 33 0.9999257326126099 969 1690 1015 1722 the
2 33 0.9979269504547119 1015 1688 1074 1722 four
2 33 0.9605340361595154 1075 1690 1156 1726 major
2 33 0.9875942468643188 1156 1688 1324 1722 contributions
2 33 0.9785323143005371 1329 1688 1379 1722 """on"
2 33 0.999634861946106 1382 1690 1429 1722 the
2 33 0.9979506134986877 1431 1692 1515 1719 nature
2 34 0.9998719692230225 137 1722 172 1756 of
2 34 0.9684020280838013 171 1724 250 1751 "truth"""
2 34 0.9107139706611633 255 1719 344 1761 during
2 34 0.9998559951782227 345 1724 392 1756 the
2 34 0.999954342842102 394 1724 442 1751 last
2 34 0.9999282360076904 447 1724 508 1751 6000
2 34 0.9994691014289856 510 1724 581 1758 years
2 34 0.9806604981422424 584 1719 628 1758 (cf.
2 34 0.9600801467895508 638 1719 689 1758 [Be,
2 34 0.9956952333450317 692 1722 738 1758 pp.
2 34 0.8803257942199707 741 1722 791 1756 258
2 34 0.7729337811470032 797 1722 870 1758 262]),
2 34 0.9475836157798767 873 1726 906 1756 SO
2 34 0.9998425245285034 907 1724 935 1754 it
2 34 0.4963242709636688 936 1724 972 1758 1s,
2 34 0.9680060744285583 972 1719 1083 1761 perhaps,
2 34 0.9999595880508423 1085 1726 1132 1754 not
2 34 0.9976224303245544 1133 1722 1263 1754 accidental
2 34 0.9999871253967285 1266 1724 1322 1751 that
2 34 0.9902393817901611 1327 1722 1408 1756 Webb,
2 34 0.9999881982803345 1413 1729 1432 1751 a
2 34 0.9998077750205994 1437 1729 1515 1756 young
2 35 0.8136633038520813 174 1786 190 1815 #
2 35 0.9989911913871765 195 1786 324 1820 """Professor"
2 35 0.9564591646194458 327 1788 497 1822 Lukasiewicz's
2 35 0.6143408417701721 499 1788 600 1822 seminar
2 35 0.9999796152114868 602 1790 634 1820 at
2 35 0.9997362494468689 638 1788 741 1822 Warsaw
2 35 0.9999008178710938 743 1795 796 1820 was
2 35 0.9996134638786316 799 1790 904 1818 crowded
2 35 0.999993085861206 907 1788 970 1822 with
2 35 0.9990018010139465 972 1790 1104 1825 competent
2 35 0.9995579123497009 1108 1793 1188 1827 young
2 35 0.9986932873725891 1190 1793 1258 1827 men,
2 35 0.7860673666000366 1259 1790 1431 1825 incomparably
2 35 0.9959654808044434 1435 1790 1515 1818 better
2 36 0.988431990146637 137 1825 251 1859 equipped
2 36 0.9998736381530762 258 1825 289 1857 in
2 36 0.9984887838363647 290 1822 355 1859 logic
2 36 0.9999327659606934 356 1822 421 1857 than
2 36 0.9986037611961365 424 1825 531 1852 students
2 36 0.9997209906578064 536 1822 566 1854 of
2 36 0.9998494386672974 566 1820 620 1857 like
2 36 0.9997668862342834 618 1825 668 1859 age
2 36 0.9999673366546631 671 1822 702 1854 in
2 36 0.7207455635070801 705 1825 820 1859 America,
2 36 0.9999006986618042 823 1822 883 1857 who
2 36 0.8012860417366028 885 1827 946 1854 were
2 36 0.9993249177932739 951 1825 1062 1859 expected
2 36 0.9998936653137207 1066 1825 1099 1854 to
2 36 0.9996355772018433 1101 1822 1172 1857 write
2 36 0.997901201248169 1174 1831 1206 1852 as
2 36 0.935577929019928 1209 1825 1309 1852 seminar
2 36 0.9842466115951538 1314 1827 1424 1852 exercises
2 36 0.6651642322540283 1431 1829 1513 1857 papers
2 37 0.9794461727142334 174 1886 188 1916 S
2 37 0.8493337631225586 192 1889 219 1920 A
2 37 0.9675800204277039 219 1891 297 1925 quote
2 37 0.9054706692695618 297 1889 363 1923 from
2 37 0.5376318693161011 363 1886 447 1930 [Wo1):
2 37 0.9928575754165649 457 1891 544 1918 """When"
2 37 0.9990243911743164 549 1891 629 1918 Tarski
2 37 0.9998655319213867 631 1889 686 1923 met
2 37 0.7161737084388733 688 1889 752 1923 Emil
2 37 0.999275267124176 755 1891 815 1918 Post
2 37 0.9982773065567017 818 1891 857 1920 for
2 37 0.9999721050262451 862 1891 906 1920 the
2 37 0.9999663829803467 907 1889 964 1923 first
2 37 0.9616061449050903 964 1889 1028 1923 time
2 37 0.996894359588623 1030 1889 1070 1925 (in
2 37 0.9999898672103882 1072 1889 1135 1923 1939
2 37 0.9975646734237671 1135 1893 1169 1920 or
2 37 0.9986750483512878 1172 1889 1243 1925 1940)
2 37 0.9999905824661255 1246 1891 1282 1920 he
2 37 0.994950532913208 1282 1889 1339 1923 told
2 37 0.9979583024978638 1340 1889 1402 1923 him:
2 37 0.8484565615653992 1406 1889 1471 1923 'You
2 37 0.9999433755874634 1471 1893 1516 1920 are
2 38 0.9999728202819824 137 1920 185 1957 the
2 38 0.9998531341552734 184 1923 245 1959 only
2 38 0.6962147355079651 248 1927 342 1955 logician
2 38 0.9998781681060791 347 1925 403 1952 who
2 38 0.9922916293144226 405 1925 512 1952 achieved
2 38 0.9832057356834412 512 1920 647 1962 something
2 38 0.9994638562202454 647 1925 775 1959 important
2 38 0.999951958656311 775 1923 806 1955 in
2 38 0.9913333058357239 806 1920 973 1962 propositional
2 38 0.9922488927841187 975 1925 1077 1952 calculus
2 38 0.9988011121749878 1080 1925 1177 1952 without
2 38 0.5446329116821289 1179 1920 1271 1962 having
2 38 0.9899554252624512 1267 1920 1384 1962 anything
2 38 0.9997438788414001 1384 1925 1416 1955 to
2 38 0.9534075856208801 1416 1925 1453 1955 do
2 38 0.999797523021698 1453 1923 1515 1957 with
2 39 0.6791999340057373 172 1984 193 2019 1
2 39 0.9991770386695862 195 1987 260 2023 This
2 39 0.9976043105125427 263 1989 400 2023 fascination
2 39 0.9999388456344604 405 1989 466 2023 with
2 39 0.9637960195541382 471 1994 573 2021 minimal
2 39 0.7928880453109741 581 1996 680 2023 systems
2 39 0.9930403232574463 684 1991 717 2023 of
2 39 0.9988651275634766 720 1991 801 2028 logical
2 39 0.9947847723960876 809 1994 898 2021 axioms
2 39 0.9999270439147949 902 1996 956 2023 was
2 39 0.99897301197052 959 1994 1006 2021 not
2 39 0.9938428401947021 1011 1994 1095 2021 shared
2 39 0.9998488426208496 1099 1989 1138 2028 by
2 39 0.6057866215705872 1141 1996 1253 2023 everyone
2 39 0.9999464750289917 1258 1991 1288 2021 in
2 39 0.9975869655609131 1295 1989 1392 2023 Poland.
2 39 0.9987994432449341 1406 1991 1447 2021 An
2 39 0.8985285758972168 1452 1989 1516 2023 anti-
2 40 0.9993946552276611 138 2026 237 2060 utopian
2 40 0.9998403787612915 239 2023 310 2058 novel
2 40 0.8604164719581604 314 2026 497 2060 """Nienasycenie"""
2 40 0.999653697013855 502 2023 541 2060 by
2 40 0.5676372647285461 542 2023 663 2058 Stanislaw
2 40 0.9978893399238586 663 2021 754 2062 Ignacy
2 40 0.9823563694953918 755 2023 896 2055 Witkiewicz
2 40 0.9989147186279297 901 2026 930 2058 (a
2 40 0.9990007281303406 930 2023 996 2058 close
2 40 0.5388129353523254 999 2026 1074 2053 friend
2 40 0.9351404309272766 1078 2026 1109 2053 of
2 40 0.9996122717857361 1109 2026 1174 2053 Leon
2 40 0.9878828525543213 1177 2019 1303 2060 Chwistek,
2 40 0.9994109869003296 1303 2021 1421 2062 professor
2 40 0.9815187454223633 1421 2023 1453 2055 of
2 40 0.9975970387458801 1452 2023 1516 2060 logic
2 41 0.9997068047523499 137 2058 172 2092 at
2 41 0.999871015548706 174 2058 221 2090 the
2 41 0.996573805809021 222 2055 287 2090 Lvov
2 41 0.9963502883911133 293 2058 424 2092 University,
2 41 0.9998836517333984 429 2060 463 2090 as
2 41 0.9992693066596985 465 2055 520 2090 well
2 41 0.9999390840530396 521 2060 555 2090 as
2 41 0.9894178509712219 555 2058 587 2087 of
2 41 0.9993857145309448 589 2055 671 2090 Alfred
2 41 0.5786945223808289 675 2058 775 2092 Tarski),
2 41 0.9998624324798584 781 2060 872 2087 written
2 41 0.9999591112136841 875 2060 906 2087 in
2 41 0.9999778270721436 909 2055 973 2090 1927
2 41 0.9927045702934265 973 2055 1027 2090 and
2 41 0.8931751251220703 1030 2060 1148 2094 depicting
2 41 0.9828792214393616 1148 2055 1264 2096 conquest
2 41 0.9864829182624817 1266 2058 1298 2087 of
2 41 0.9974209070205688 1298 2055 1389 2090 Poland
2 41 0.9999710321426392 1392 2055 1431 2094 by
2 41 0.8162375688552856 1431 2062 1513 2090 enemy
2 42 0.9904230833053589 138 2092 214 2119 forces
2 42 0.981450080871582 218 2090 272 2124 and
2 42 0.990143895149231 277 2090 449 2124 establishment
2 42 0.9969493746757507 457 2092 523 2119 there
2 42 0.9836993217468262 528 2090 560 2119 of
2 42 0.999477207660675 562 2092 587 2124 a
2 42 0.9978690147399902 589 2090 734 2122 totalitarian
2 42 0.8943872451782227 739 2092 828 2126 regime
2 42 0.9999605417251587 831 2090 870 2126 by
2 42 0.9979540109634399 873 2090 923 2124 the
2 42 0.8899509310722351 923 2087 977 2122 end
2 42 0.9965038299560547 982 2090 1012 2122 of
2 42 0.9994364380836487 1014 2087 1066 2124 XX
2 42 0.9993988275527954 1070 2090 1172 2124 century,
2 42 0.7898266911506653 1180 2092 1280 2119 features
2 42 0.9996784925460815 1285 2094 1311 2124 a
2 42 0.9536246657371521 1313 2092 1435 2126 grotesque
2 42 0.996852695941925 1440 2090 1516 2126 figure
2 43 0.9846007227897644 135 2119 172 2158 of
2 43 0.8787176609039307 172 2124 271 2158 logician
2 43 0.9994398951530457 276 2122 386 2156 Afanasol
2 43 0.9878439903259277 390 2122 457 2156 Benz
2 43 0.9998099207878113 461 2124 491 2158 (a
2 43 0.9989230036735535 494 2124 555 2158 Jew,
2 43 0.9972276091575623 560 2126 657 2153 stresses
2 43 0.8805824518203735 660 2119 812 2160 Witkiewicz)
2 43 0.9997023940086365 814 2122 873 2156 who
2 43 0.8873646855354309 873 2122 983 2156 invented
2 43 0.999876856803894 985 2126 1009 2156 a
2 43 0.9998310804367065 1011 2124 1087 2158 single
2 43 0.9933637380599976 1091 2126 1169 2153 axiom
2 43 0.9999734163284302 1174 2122 1232 2156 that
2 43 0.9998557567596436 1235 2124 1330 2158 nobody
2 43 0.9955292344093323 1335 2122 1385 2156 but
2 43 0.9987647533416748 1387 2122 1440 2156 him
2 43 0.9960237741470337 1444 2126 1513 2151 could
2 44 0.9850601553916931 138 2158 289 2190 understand,
2 44 0.6059116721153259 290 2156 342 2190 and
2 44 0.8698496222496033 342 2156 408 2190 from
2 44 0.9999550580978394 410 2156 487 2190 which
2 44 0.999387264251709 489 2158 524 2188 all
2 44 0.9337223172187805 528 2160 688 2185 mathematics
2 44 0.992107093334198 692 2160 778 2188 follows
2 44 0.9978839755058289 781 2156 820 2195 by
2 44 0.9997771382331848 820 2163 839 2188 a
2 44 0.7984218597412109 843 2160 909 2188 mere
2 44 0.9982130527496338 912 2158 994 2185 formal
2 44 0.9972531199455261 998 2160 1153 2185 combination
2 44 0.9994869232177734 1156 2158 1187 2188 of
2 44 0.9994800686836243 1187 2158 1290 2192 symbols
2 44 0.9933698177337646 1293 2156 1339 2192 (cf.
2 44 0.9794718027114868 1345 2156 1403 2192 [Wi,
2 44 0.998238205909729 1405 2160 1434 2190 p.
2 44 0.805472195148468 1435 2156 1497 2192 93]).
3 0 0.9998831748962402 135 776 193 820 the
3 0 0.9801207184791565 193 776 386 824 philosophical
3 0 0.9999575614929199 390 778 510 813 attitude
3 0 0.9610527753829956 512 776 550 815 of
3 0 0.9591833353042603 550 776 733 817 Lukasiewicz.
4 0 0.9996685981750488 135 1050 169 1089 is
4 0 0.9999444484710693 169 1055 208 1084 to
4 0 0.9995951056480408 213 1055 310 1082 extend
4 0 0.9998570680618286 316 1050 369 1087 the
4 0 0.9921693205833435 373 1053 471 1087 3-term
4 0 0.9975079298019409 479 1055 617 1089 operation
4 0 0.9960132837295532 621 1057 659 1087 SO
4 0 0.9999902248382568 662 1050 730 1087 that
4 0 0.9999144077301025 733 1053 762 1084 it
4 0 0.9999426603317261 764 1046 823 1089 will
4 0 0.9999527931213379 827 1050 868 1087 be
4 0 0.9989519119262695 872 1050 1015 1091 generated
4 0 0.9999656677246094 1020 1050 1085 1087 that
4 0 0.992985188961029 1090 1055 1156 1091 way.
5 0 0.9966373443603516 138 1228 243 1270 latter),
5 0 0.9999001026153564 250 1228 305 1263 but
5 0 0.9777818918228149 308 1228 382 1263 their
5 0 0.8642973303794861 386 1228 533 1263 discussion
5 0 0.9994180202484131 539 1226 596 1263 will
5 0 0.9912869334220886 602 1231 681 1267 bring
5 0 0.997980535030365 684 1235 722 1265 us
5 0 0.9999833106994629 726 1228 773 1265 far
5 0 0.9998216032981873 776 1233 852 1267 away
5 0 0.891056478023529 857 1228 930 1263 from
5 0 0.9999635219573975 935 1235 988 1263 our
5 0 0.998306155204773 991 1228 1069 1263 main
5 0 0.9895588159561157 1075 1231 1159 1270 topic.
6 0 0.9014958143234253 718 1361 875 1393 BANACH's
6 0 0.9991264939308167 881 1361 978 1395 CLAIM
7 0 0.9944455027580261 138 1754 287 1788 Californian,
7 0 0.9176501631736755 290 1756 413 1790 published
7 0 0.9999459981918335 413 1756 445 1788 in
7 0 0.9999667406082153 449 1761 468 1786 a
7 0 0.945552408695221 466 1751 589 1793 relatively
7 0 0.6244587302207947 589 1754 689 1788 obscure
7 0 0.99936443567276 691 1754 793 1788 Warsaw
7 0 0.9972112774848938 794 1756 893 1790 journal.
8 0 0.9999865293502808 137 1854 216 1889 which
8 0 0.9946216344833374 218 1859 339 1886 elsewhere
8 0 0.9986190795898438 340 1854 419 1889 would
8 0 0.995205819606781 423 1857 457 1886 be
8 0 0.9962767958641052 461 1857 560 1891 thought
8 0 0.9998297691345215 563 1857 691 1891 important
8 0 0.9862074851989746 692 1857 786 1891 enough
8 0 0.9997276663780212 789 1854 831 1891 for
8 0 0.9989721775054932 831 1857 991 1891 "publication"","
8 0 0.9999614953994751 999 1857 1091 1891 reports
8 0 0.9706103801727295 1093 1857 1175 1891 Nagel.
9 0 0.9779781699180603 138 1955 242 1989 Poland'.
9 0 0.9986748695373535 248 1955 313 1989 Post
9 0 0.9924724102020264 313 1957 436 1984 answered:
9 0 0.9877815246582031 445 1955 502 1991 'Oh,
9 0 0.9997076392173767 505 1959 547 1989 no,
9 0 0.999829888343811 552 1959 568 1987 I
9 0 0.9995551705360413 568 1955 621 1989 was
9 0 0.9991087317466736 623 1955 688 1989 born
9 0 0.9825429916381836 688 1957 718 1987 in
9 0 0.9794021844863892 720 1952 847 1994 Bialystok'
9 0 0.8202400207519531 849 1952 878 1987 """."
