block line confidence X1 Y1 X2 Y2 token
0 0 0.998820960521698 146 152 229 184 maries
0 0 0.9988790154457092 229 154 337 186 extracted
0 0 0.9999963045120239 338 152 375 189 by
0 0 0.9997953772544861 376 152 454 184 RNES
0 0 0.9999487400054932 454 156 498 184 are
0 0 0.9984775185585022 498 154 531 184 of
0 0 0.9997676014900208 531 152 609 186 higher
0 0 0.9911092519760132 610 154 693 189 quality
0 0 0.9990338087081909 695 152 752 184 than
0 0 0.7699720859527588 753 158 816 184 sum-
0 1 0.9998669624328613 146 268 215 300 Table
0 1 0.9546091556549072 215 270 245 300 2:
0 1 0.9857606291770935 247 270 396 300 Performance
0 1 0.9973698854446411 398 272 532 305 comparison
0 1 0.999923586845398 534 275 571 300 on
0 1 0.9431477785110474 572 272 705 305 CNN/Daily
0 1 0.6303586959838867 708 270 770 302 Mail
0 1 0.9978598952293396 771 272 816 300 test
0 2 0.9986153841018677 144 302 192 337 set,
0 2 0.9899000525474548 195 305 305 330 evaluated
0 2 0.9964925646781921 307 300 365 333 with
0 2 0.9886306524276733 368 302 489 335 full-length
0 2 0.996820330619812 494 302 527 333 F1
0 2 0.9970194697380066 534 300 634 333 ROUGE
0 2 0.997541069984436 637 305 712 330 scores
0 2 0.9642244577407837 715 300 771 335 (%).
0 2 0.9997586607933044 773 300 818 335 All
0 3 0.999300479888916 146 333 225 365 scores
0 3 0.989247739315033 224 333 255 363 of
0 3 0.9996441602706909 255 330 333 363 RNES
0 3 0.9968940019607544 333 335 375 363 are
0 3 0.9916611909866333 376 333 508 365 statistically
0 3 0.6949062943458557 511 333 632 365 significant
0 3 0.9996076226234436 634 333 702 367 using
0 3 0.999724805355072 702 330 758 363 95%
0 3 0.9885862469673157 758 333 816 365 con-
0 4 0.976597249507904 147 365 234 391 fidence
0 4 0.9989583492279053 234 365 323 391 interval
0 4 0.9999926090240479 323 363 381 395 with
0 4 0.9963887929916382 380 365 466 397 respect
0 4 0.9997010231018066 464 365 494 395 to
0 4 0.9994864463806152 494 365 595 397 previous
0 4 0.9996262788772583 595 363 649 395 best
0 4 0.9989004135131836 649 365 737 391 models.
1 0 0.9997114539146423 883 156 918 184 or
1 0 0.9929829835891724 919 152 1012 184 without
1 0 0.9829459190368652 1017 152 1143 184 coherence.
1 0 0.999764621257782 1147 152 1200 184 The
1 0 0.7785083651542664 1203 156 1314 189 summary
1 0 0.9967852830886841 1321 154 1429 186 produced
1 0 0.9999682903289795 1434 152 1472 189 by
1 0 0.999977707862854 1475 152 1553 184 RNES
1 1 0.9983781576156616 886 186 974 212 without
1 1 0.9997280240058899 976 184 1094 216 coherence
1 1 0.9991468191146851 1094 189 1158 214 starts
1 1 0.9997716546058655 1157 182 1215 216 with
1 1 0.9954413175582886 1211 184 1314 223 pronoun
1 1 0.5690865516662598 1314 182 1386 214 That'
1 1 0.7482280135154724 1389 186 1460 212 which
1 1 0.9998816251754761 1460 184 1487 214 is
1 1 0.9994511008262634 1487 186 1550 212 refer-
1 2 0.9971268773078918 883 214 939 253 ring
1 2 0.9998437166213989 936 216 964 249 to
1 2 0.9998350143432617 962 221 982 244 a
1 2 0.9922949075698853 981 216 1102 249 previously
1 2 0.996634304523468 1102 214 1228 247 mentioned
1 2 0.9997320771217346 1226 214 1281 247 fact,
1 2 0.8959348797798157 1281 216 1326 244 and
1 2 0.9996747970581055 1328 216 1397 242 hence
1 2 0.9878110289573669 1396 214 1422 244 it
1 2 0.9237146973609924 1419 214 1474 249 may
1 2 0.9997434020042419 1472 214 1527 249 lead
1 2 0.9999730587005615 1525 216 1553 244 to
1 3 0.9970310926437378 886 247 1004 272 confusion.
1 3 0.9999797344207764 1007 244 1039 275 In
1 3 0.9903693795204163 1039 249 1138 275 contrast,
1 3 0.999968409538269 1142 247 1182 275 the
1 3 0.9646630883216858 1182 247 1260 279 output
1 3 0.9966219663619995 1261 244 1293 275 of
1 3 0.9999514818191528 1293 247 1367 272 RNES
1 3 0.9821434617042542 1371 247 1452 272 trained
1 3 0.9994691014289856 1454 247 1510 272 with
1 3 0.9912745356559753 1510 249 1552 275 CO-
1 4 0.9992647767066956 886 279 976 305 herence
1 4 0.999860405921936 977 275 1064 307 reward
1 4 0.9978925585746765 1064 275 1163 307 includes
1 4 0.9998724460601807 1165 277 1206 305 the
1 4 0.5808053612709045 1208 279 1308 305 sentence
1 4 0.8791724443435669 1311 275 1374 307 """The"
1 4 0.8057509660720825 1376 277 1502 309 earthquake
1 4 0.9998801946640015 1505 277 1553 307 dis-
1 5 0.9982258677482605 884 309 949 335 aster.
1 5 0.7109084725379944 974 302 997 335 >
1 5 0.9999504089355469 994 305 1072 337 before
1 5 0.9979655742645264 1069 302 1175 341 referring
1 5 0.9998866319656372 1173 307 1203 337 to
1 5 0.9959591031074524 1201 307 1250 337 this
1 5 0.9984276294708252 1246 305 1298 337 fact
1 5 0.9999864101409912 1294 307 1323 335 in
1 5 0.9994543194770813 1321 307 1362 335 the
1 5 0.7488934993743896 1362 309 1445 335 second
1 5 0.9876839518547058 1444 307 1552 339 sentence,
1 6 0.9990246295928955 884 339 933 369 and
1 6 0.9989064931869507 933 339 1035 365 therefore
1 6 0.999525785446167 1035 339 1064 369 is
1 6 0.999816358089447 1060 337 1127 369 more
1 6 0.6851534247398376 1125 339 1225 365 coherent
1 6 0.9874486327171326 1226 339 1271 365 and
1 6 0.9962701797485352 1273 339 1376 365 readable.
1 6 0.9992889165878296 1377 335 1437 367 This
1 6 0.9995672106742859 1434 337 1460 367 is
1 6 0.9107177257537842 1460 339 1552 365 because
1 7 0.9999872446060181 883 365 928 399 the
1 7 0.9997493624687195 926 369 1044 395 coherence
1 7 0.9941797256469727 1044 367 1122 399 model
1 7 0.9998387098312378 1120 367 1185 401 gives
1 7 0.9990261793136597 1183 369 1206 399 a
1 7 0.9998094439506531 1203 367 1283 401 higher
1 7 0.9991927742958069 1283 371 1348 397 score
1 7 0.9982144832611084 1346 369 1377 397 to
1 7 0.9993335604667664 1374 365 1419 399 the
1 7 0.85785973072052 1417 369 1500 395 second
1 7 0.9978098273277283 1500 371 1550 397 sen-
1 8 0.998818576335907 884 401 949 427 tence
1 8 0.9975402355194092 951 397 979 427 if
1 8 0.9999821186065674 977 397 1004 427 it
1 8 0.9995334148406982 1002 401 1050 427 can
1 8 0.9996427297592163 1050 397 1115 429 form
1 8 0.9998224377632141 1115 399 1138 429 a
1 8 0.9997356534004211 1138 399 1240 425 coherent
1 8 0.996322751045227 1245 401 1344 427 sentence
1 8 0.995373547077179 1348 397 1401 433 pair
1 8 0.9992121458053589 1399 397 1459 429 with
1 8 0.9998962879180908 1460 399 1500 427 the
1 8 0.7742120027542114 1502 397 1555 429 first
1 9 0.9947755336761475 884 431 992 457 sentence.
1 9 0.9999392032623291 996 427 1027 457 In
1 9 0.9872949719429016 1029 427 1190 457 REINFORCE
1 9 0.9990631937980652 1191 429 1291 461 training,
1 9 0.9997708201408386 1293 427 1321 459 if
1 9 0.9999966621398926 1321 429 1362 457 the
1 9 0.999528169631958 1364 427 1449 459 second
1 9 0.9644716382026672 1452 431 1552 457 sentence
1 10 0.992771565914154 884 461 979 487 receives
1 10 0.9999744892120361 981 459 1002 491 a
1 10 0.999517560005188 999 459 1057 494 high
1 10 0.9992353916168213 1059 461 1175 487 coherence
1 10 0.9979696869850159 1177 464 1246 489 score,
1 10 0.9999374151229858 1248 457 1291 491 the
1 10 0.9668749570846558 1289 457 1366 489 action
1 10 0.9994664788246155 1364 459 1396 487 of
1 10 0.9876940250396729 1394 459 1512 491 extracting
1 10 0.999940037727356 1512 457 1553 491 the
1 11 0.7844119668006897 883 487 936 519 first
1 11 0.9593129754066467 939 491 1039 517 sentence
1 11 0.9999258518218994 1044 487 1122 519 before
1 11 0.9999107122421265 1125 489 1167 517 the
1 11 0.9988456964492798 1168 487 1255 519 second
1 11 0.9999369382858276 1256 491 1304 517 one
1 11 0.9704263806343079 1306 487 1359 519 will
1 11 0.9999279975891113 1361 489 1396 517 be
1 11 0.9924631118774414 1399 489 1552 522 strengthened.
1 12 0.9999479055404663 883 517 942 550 This
1 12 0.9639708995819092 942 519 1042 552 example
1 12 0.9996234178543091 1045 522 1120 547 shows
1 12 0.9999418258666992 1122 517 1173 550 that
1 12 0.9997777342796326 1173 522 1291 547 coherence
1 12 0.9476561546325684 1294 517 1371 550 model
1 12 0.9993484616279602 1372 517 1399 550 is
1 12 0.9889774918556213 1399 517 1482 550 indeed
1 12 0.998860239982605 1484 517 1553 550 effec-
1 13 0.9972787499427795 883 550 934 582 tive
1 13 0.9999655485153198 933 552 964 582 in
1 13 0.9999449253082275 966 552 1074 584 changing
1 13 0.9989731311798096 1079 552 1118 580 the
1 13 0.8636194467544556 1120 547 1225 580 behavior
1 13 0.9844963550567627 1226 550 1258 580 of
1 13 0.9995417594909668 1261 552 1336 577 RNES
1 13 0.7255735993385315 1341 552 1432 577 towards
1 13 0.9133290648460388 1436 552 1552 584 extracting
2 0 0.9998020529747009 146 186 229 219 maries
2 0 0.861528754234314 227 186 337 219 produced
2 0 0.9999948740005493 337 184 371 221 by
2 0 0.9986542463302612 371 186 473 219 previous
2 0 0.5340918302536011 473 184 554 216 works.
3 0 0.9991291165351868 166 393 244 425 Model
3 1 0.9910266995429993 166 423 249 455 Lead-3
3 2 0.9417480826377869 166 453 283 491 (Nallapati
3 2 0.9999040365219116 282 457 310 487 et
3 2 0.9564481377601624 308 457 340 485 al.
3 2 0.9952124357223511 343 455 415 487 2016)
3 2 0.9998548030853271 449 455 506 487 35.4
3 3 0.9590998888015747 166 483 283 522 (Nallapati
3 3 0.9278928637504578 282 487 310 515 et
3 3 0.8172429800033569 308 485 340 515 al.
3 3 0.9992788434028625 343 485 415 519 2017)
3 3 0.9993353486061096 451 487 504 513 39.6
3 4 0.9987125396728516 166 515 222 550 (See
3 4 0.9999051094055176 220 519 249 547 et
3 4 0.9905229210853577 247 517 278 547 al.
3 4 0.9862837791442871 280 517 351 550 2017)
3 5 0.951658308506012 164 545 224 577 NES
3 6 0.9966436624526978 164 577 242 610 RNES
3 6 0.9991300702095032 244 580 292 610 w/o
3 6 0.9640647768974304 290 577 410 610 coherence
3 6 0.9996602535247803 449 577 519 610 41.25
3 7 0.9999874830245972 164 608 242 640 RNES
3 7 0.9998182654380798 244 610 278 638 w/
3 7 0.9995645880699158 275 608 396 640 coherence
3 7 0.9999490976333618 449 608 519 640 40.95
4 0 0.9956381916999817 451 395 494 423 R-1
4 1 0.9998815059661865 449 423 506 455 39.2
4 2 0.99997878074646 449 515 519 547 39.53
4 3 0.9999265670776367 449 545 517 577 37.75
5 0 0.9643667936325073 576 391 627 425 R-2
5 1 0.9987232089042664 703 393 757 425 R-L
5 2 0.9991587400436401 581 427 630 453 15.7
5 3 0.9981271624565125 703 423 760 455 35.5
5 4 0.9950841069221497 579 455 632 487 13.3
5 5 0.997734546661377 703 455 762 487 32.6
5 6 0.9989411234855652 579 485 634 517 16.2
5 7 0.9979202151298523 703 485 760 517 35.3
5 8 0.9996476173400879 581 515 645 547 17.28
5 8 0.9994863271713257 703 515 775 547 35.38
5 9 0.9999394416809082 579 545 647 577 17.04
5 9 0.9944713115692139 703 545 775 577 33.92
5 10 0.9996775388717651 579 580 644 605 18.87
5 11 0.9972904920578003 703 577 775 610 37.75
5 12 0.9998552799224854 579 608 645 640 18.63
5 12 0.9071723222732544 703 608 771 640 37.41
6 0 0.762691855430603 884 584 1011 610 summaries
6 0 0.9995488524436951 1012 582 1060 612 that
6 0 0.9999732971191406 1059 584 1100 610 are
6 0 0.5905550122261047 1100 584 1163 610 more
6 0 0.9893478155136108 1165 582 1271 608 coherent.
6 1 0.9991470575332642 901 693 1012 726 Reference:
6 1 0.9998281002044678 1014 691 1075 724 Peter
6 1 0.9751512408256531 1075 693 1150 726 Spinks
6 1 0.9880703687667847 1150 691 1210 724 from
6 1 0.999992847442627 1208 693 1246 721 the
7 0 0.9999321699142456 984 659 1055 691 Table
7 0 0.9980833530426025 1054 661 1082 691 4:
7 0 0.9751587510108948 1084 661 1198 693 Examples
7 0 0.9977831244468689 1196 657 1231 693 of
7 0 0.9978493452072144 1228 659 1336 691 extracted
7 0 0.8847886919975281 1336 663 1449 696 summary.
7 1 0.9988724589347839 901 721 972 754 ported
7 1 0.998443067073822 972 724 1006 751 on
7 1 0.987689733505249 1007 719 1097 751 Amasia.
7 1 0.9999234676361084 1099 719 1175 751 Within
7 1 0.9998904466629028 1175 721 1220 749 200
7 1 0.9722209572792053 1220 719 1301 751 million
7 1 0.9995119571685791 1248 693 1328 728 Sydney
7 1 0.9979742169380188 1301 721 1367 756 years,
7 1 0.9999773502349854 1369 721 1401 751 he
7 1 0.9950152039527893 1399 719 1450 751 said
7 1 0.9984733462333679 1450 724 1489 749 the
7 1 0.9999812841415405 1489 726 1537 749 new
7 2 0.9824560880661011 901 751 1054 782 supercontinent
7 2 0.9972133040428162 1057 749 1100 777 will
7 2 0.9822537302970886 1102 747 1165 779 form.
7 2 0.9955103397369385 1165 747 1218 779 One
7 2 0.9988049268722534 1216 751 1326 777 researcher
7 2 0.999447762966156 1326 749 1414 782 recently
7 2 0.9992094039916992 1417 751 1509 777 travelled
7 2 0.9999525547027588 1512 754 1538 777 to
7 3 0.9995574355125427 899 775 967 809 Nepal
7 3 0.9989416003227234 964 779 992 807 to
7 3 0.7883162498474121 991 777 1062 809 gather
7 3 0.9991077780723572 1057 779 1132 805 further
7 3 0.5740076303482056 1130 777 1260 805 information.
7 3 0.9230863451957703 1258 773 1298 807 He
7 3 0.9998069405555725 1293 777 1372 809 spotted
7 3 0.9999831914901733 1371 777 1414 805 that
7 3 0.9278771877288818 1412 775 1477 807 India,
7 3 0.9884312152862549 1477 777 1537 803 Eura-
7 4 0.999924898147583 901 805 936 833 sia
7 4 0.9900514483451843 934 805 977 833 and
7 4 0.9998195767402649 976 803 1035 835 other
7 4 0.9992009997367859 1034 805 1100 837 plates
7 4 0.9996438026428223 1099 807 1137 833 are
7 4 0.9996477365493774 1135 803 1208 837 slowly
7 4 0.9950220584869385 1208 805 1291 837 moving
7 4 0.847123384475708 1289 805 1379 837 together.
7 5 0.9996882677078247 903 837 967 863 RNES
7 5 0.9916378855705261 969 837 1012 865 w/o
7 5 0.9990255832672119 1014 837 1127 863 coherence:
7 5 0.9995908141136169 1130 837 1198 863 That's
7 5 0.9981440305709839 1198 835 1304 867 according
7 5 0.9998787641525269 1304 837 1334 867 to
7 5 0.9985231757164001 1333 840 1377 865 one
7 5 0.9998581409454346 1377 837 1485 863 researcher
7 5 0.9999788999557495 1489 837 1537 863 who
7 6 0.9955872297286987 901 865 994 891 travelled
7 6 0.9996966123580933 994 865 1022 893 to
7 6 0.9987478256225586 1022 863 1062 891 the
7 6 0.9960721731185913 1064 867 1143 893 country
7 6 0.9995786547660828 1145 865 1175 893 to
7 6 0.9987035989761353 1173 863 1236 898 study
7 6 0.9999778270721436 1235 861 1288 893 how
7 6 0.998645007610321 1288 865 1326 891 the
7 6 0.9975724816322327 1328 865 1397 891 Indian
7 6 0.9927311539649963 1399 865 1442 891 and
7 6 0.9995379447937012 1445 865 1537 891 Eurasian
7 7 0.9953633546829224 901 891 966 923 plates
7 7 0.9949652552604675 971 895 1011 921 are
7 7 0.5974254608154297 1014 891 1100 928 moving
7 7 0.8984953761100769 1102 891 1195 923 together.
7 7 0.9994533658027649 1201 889 1255 921 And
7 7 0.9604963064193726 1256 891 1319 925 using
7 7 0.9999881982803345 1323 895 1372 921 new
7 7 0.9890598058700562 1377 891 1497 923 techniques,
7 7 0.9993661046028137 1502 895 1538 923 re-
7 8 0.999937891960144 901 921 1001 947 searchers
7 8 0.9967318773269653 1004 923 1049 949 can
7 8 0.9982728958129883 1050 923 1102 947 now
7 8 0.9999501705169678 1104 921 1157 947 start
7 8 0.5383788347244263 1158 919 1273 951 examining
7 8 0.999826967716217 1276 921 1314 947 the
7 8 0.9986745119094849 1318 919 1406 951 changes
7 8 0.9994527697563171 1411 919 1455 947 due
7 8 0.9997745156288147 1457 921 1487 949 to
7 8 0.9996480941772461 1490 921 1538 947 take
7 9 0.9991359114646912 901 947 961 979 place
7 9 0.7280657887458801 961 949 1012 975 over
7 9 0.9992407560348511 1012 947 1050 975 the
7 9 0.9999796152114868 1049 949 1100 975 next
7 9 0.9998729228973389 1100 949 1148 975 tens
7 9 0.9999629259109497 1148 947 1178 975 of
7 9 0.9991598129272461 1177 947 1265 973 millions
7 9 0.770466685295105 1265 947 1294 975 of
7 9 0.9993129968643188 1293 947 1354 979 years
7 9 0.9987510442733765 1354 947 1399 975 like
7 9 0.9997245669364929 1397 949 1460 975 never
7 9 0.994404673576355 1460 947 1535 973 before.
7 10 0.9750853776931763 901 973 979 1005 Earth's
7 10 0.9956479668617249 977 977 1085 1001 continents
7 10 0.999627947807312 1085 977 1123 1003 are
7 10 0.9997531771659851 1123 975 1195 1007 slowly
7 10 0.8981831073760986 1195 975 1278 1007 moving
7 10 0.9749181270599365 1276 975 1367 1007 together,
7 10 0.9989919066429138 1369 975 1412 1003 and
7 10 0.9997922778129578 1411 975 1439 1003 in
7 10 0.9975647926330566 1437 975 1470 1003 50
7 10 0.999923825263977 1467 975 1495 1003 to
7 10 0.9992784857749939 1494 977 1537 1003 200
7 11 0.7778938412666321 899 1001 981 1033 million
7 11 0.9994407296180725 981 1005 1042 1037 years
7 11 0.9999650716781616 1042 1003 1092 1037 they
7 11 0.9999581575393677 1095 1009 1130 1029 are
7 11 0.9997498393058777 1133 1003 1228 1035 expected
7 11 0.999782383441925 1228 1005 1258 1031 to
7 11 0.9958720803260803 1256 1001 1314 1033 form
7 11 0.9999449253082275 1314 1007 1333 1029 a
7 11 0.9972122311592102 1334 1005 1382 1031 new
7 11 0.9972739815711975 1384 1003 1538 1035 supercontinent
7 12 0.9686199426651001 901 1031 967 1057 called
7 12 0.9921873807907104 969 1031 1054 1057 Amasia.
7 12 0.9997263550758362 1055 1029 1085 1057 In
7 12 0.993889331817627 1084 1031 1145 1057 2012
7 12 0.9990168809890747 1140 1033 1157 1057 a
7 12 0.9619907140731812 1157 1029 1220 1063 study
7 12 0.9992586970329285 1216 1026 1326 1065 suggested
7 12 0.9982604384422302 1324 1031 1367 1059 this
7 12 0.7224478125572205 1366 1029 1417 1063 may
7 12 0.999941349029541 1416 1031 1447 1059 be
7 12 0.9994045495986938 1447 1033 1537 1059 centered
7 13 0.9993855953216553 899 1061 934 1087 on
7 13 0.999879002571106 936 1059 974 1087 the
7 13 0.9838411211967468 976 1059 1040 1084 North
7 13 0.9974920749664307 1045 1059 1100 1084 Pole.
7 13 0.9971421360969543 1104 1059 1152 1084 The
7 13 0.9997991919517517 1153 1059 1203 1084 idea
7 13 0.9997832179069519 1205 1059 1253 1089 that
7 13 0.9982365369796753 1253 1059 1313 1084 Earth
7 13 0.99944669008255 1314 1057 1343 1087 is
7 13 0.9999368190765381 1341 1059 1379 1087 set
7 13 0.9991523027420044 1379 1059 1411 1087 to
7 13 0.9986741542816162 1411 1059 1465 1084 form
7 13 0.9975861310958862 1465 1059 1490 1087 a
7 13 0.999964714050293 1489 1061 1538 1087 new
7 14 0.5154321789741516 901 1087 1137 1119 supercontinent-dubbed
7 14 0.9932096600532532 1137 1087 1220 1112 Amasia
7 14 0.9982238411903381 1230 1087 1258 1115 is
7 14 0.9926921725273132 1255 1087 1296 1115 not
7 14 0.9892298579216003 1293 1089 1346 1115 new.
7 15 0.9999195337295532 901 1115 969 1147 RNES
7 15 0.9872029423713684 969 1117 1004 1145 w/
7 15 0.997042715549469 1004 1119 1115 1145 coherence:
7 15 0.9999219179153442 1117 1115 1170 1147 The
7 16 0.9855791330337524 903 1145 1027 1177 highlighted
7 16 0.9998500347137451 1027 1147 1077 1173 how
7 16 0.8875388503074646 1079 1147 1163 1170 Earth's
7 16 0.9992151260375977 1160 1142 1216 1175 land
7 16 0.7758609056472778 1215 1147 1294 1173 masses
7 16 0.9951744675636292 1294 1147 1336 1173 are
7 16 0.9996753931045532 1334 1145 1421 1177 already
7 16 0.9997499585151672 1419 1145 1447 1175 in
7 16 0.9998579025268555 1447 1147 1487 1173 the
7 16 0.9996654987335205 1485 1147 1538 1179 pro-
7 17 0.9964205026626587 901 1175 951 1200 cess
7 17 0.9928116202354431 951 1173 982 1203 of
7 17 0.9951143264770508 982 1173 1075 1205 forming
7 17 0.9999901056289673 1077 1177 1097 1200 a
7 17 0.9999794960021973 1097 1177 1150 1200 new
7 17 0.9916400909423828 1150 1173 1324 1205 supercontinent.
7 17 0.939790666103363 1328 1175 1399 1200 That's
7 17 0.9981168508529663 1402 1173 1509 1205 according
7 17 0.9998568296432495 1509 1173 1538 1203 to
7 18 0.9951053857803345 901 1207 944 1228 one
7 18 0.5093352198600769 942 1200 1052 1226 researcher
7 18 0.908816397190094 1050 1200 1100 1226 who
7 18 0.9788995385169983 1100 1200 1191 1226 travelled
7 18 0.9986600875854492 1190 1200 1218 1228 to
7 18 0.9999880790710449 1215 1200 1253 1226 the
7 18 0.9016947746276855 1251 1200 1336 1233 country
7 18 0.9998364448547363 1333 1200 1361 1231 to
7 18 0.9977311491966248 1359 1198 1421 1233 study
7 18 0.9998112320899963 1416 1198 1467 1231 how
7 18 0.9998760223388672 1465 1200 1504 1226 the
7 18 0.9972044825553894 1502 1200 1537 1226 In-
7 19 0.9975553154945374 899 1226 952 1258 dian
7 19 0.9996123909950256 952 1228 996 1256 and
7 19 0.9973592162132263 997 1228 1090 1254 Eurasian
7 19 0.9994882345199585 1092 1226 1158 1261 plates
7 19 0.9999833106994629 1158 1231 1196 1256 are
7 19 0.998586893081665 1196 1228 1281 1261 moving
7 19 0.990664005279541 1279 1224 1376 1263 together.
7 19 0.993876039981842 1376 1226 1427 1258 And
7 19 0.7964574694633484 1426 1226 1490 1261 using
7 19 0.9999737739562988 1489 1233 1538 1256 new
7 20 0.8805074095726013 903 1258 1019 1284 techniques,
7 20 0.9998414516448975 1024 1256 1142 1282 researchers
7 20 0.9995623230934143 1145 1258 1187 1284 can
7 20 0.9497519135475159 1188 1258 1241 1284 now
7 20 0.9998904466629028 1241 1258 1293 1284 start
7 20 0.8621282577514648 1294 1256 1407 1289 examining
7 20 0.9998099207878113 1411 1256 1449 1284 the
7 20 0.9996331930160522 1452 1258 1537 1284 changes
7 21 0.9999490976333618 901 1284 944 1310 due
7 21 0.9997606873512268 944 1282 974 1312 to
7 21 0.996429979801178 974 1284 1022 1310 take
7 21 0.9985877275466919 1024 1282 1085 1316 place
7 21 0.9997069239616394 1085 1286 1140 1312 over
7 21 0.9999961853027344 1138 1284 1178 1310 the
7 21 0.999657154083252 1178 1284 1230 1310 next
7 21 0.9906929135322571 1231 1284 1279 1310 tens
7 21 0.9924945831298828 1279 1282 1311 1312 of
7 21 0.9993765950202942 1311 1284 1399 1310 millions
7 21 0.9935978651046753 1401 1282 1432 1312 of
7 21 0.9996671676635742 1431 1284 1492 1316 years
7 21 0.9996694326400757 1494 1284 1537 1310 like
7 22 0.9991610050201416 901 1312 962 1338 never
7 22 0.9984734654426575 961 1312 1034 1338 before.
7 22 0.9966115355491638 1035 1312 1113 1338 Earth's
7 22 0.9597787261009216 1108 1312 1220 1338 continents
7 22 0.9999415874481201 1215 1312 1253 1338 are
7 22 0.6255808472633362 1251 1310 1324 1342 slowly
7 22 0.9969335794448853 1323 1314 1404 1340 moving
7 22 0.995684027671814 1404 1314 1495 1340 together,
7 22 0.9922518134117126 1495 1314 1535 1340 and
7 23 0.999936580657959 899 1338 929 1368 in
7 23 0.9999431371688843 928 1338 959 1368 50
7 23 0.9997490048408508 957 1338 986 1368 to
7 23 0.9999037981033325 987 1338 1030 1366 200
7 23 0.7579088807106018 1030 1340 1110 1366 million
7 23 0.9993661046028137 1108 1340 1170 1372 years
7 23 0.999990701675415 1168 1338 1218 1372 they
7 23 0.9697372317314148 1218 1342 1258 1368 are
7 23 0.9983470439910889 1256 1340 1351 1372 expected
7 23 0.9996201992034912 1351 1340 1379 1368 to
7 23 0.9992977380752563 1379 1340 1436 1366 form
7 23 0.9999905824661255 1434 1342 1452 1366 a
7 23 0.999962568283081 1452 1342 1500 1366 new
7 23 0.9989282488822937 1499 1342 1538 1368 su-
8 0 0.9996750354766846 172 674 268 713 Though
8 0 0.9998413324356079 267 676 345 708 RNES
8 0 0.9546769857406616 343 676 400 708 with
8 0 0.9999716281890869 400 678 439 706 the
8 0 0.9997451901435852 438 676 557 708 coherence
8 0 0.9996993541717529 556 676 640 708 reward
8 0 0.9999717473983765 637 676 738 708 achieves
8 0 0.9997300505638123 738 678 816 711 higher
8 1 0.9973381161689758 147 711 247 736 ROUGE
8 1 0.9983277916908264 247 708 325 741 scores
8 1 0.9997852444648743 323 708 380 741 than
8 1 0.9929991960525513 380 708 494 741 baselines,
8 1 0.9976539015769958 494 708 557 741 there
8 1 0.999920129776001 556 708 584 741 is
8 1 0.9995038509368896 582 711 605 741 a
8 1 0.9359214901924133 602 708 670 741 small
8 1 0.9996763467788696 670 711 718 745 gap
8 1 0.9998891353607178 717 708 816 741 between
8 2 0.9996144771575928 146 741 180 769 its
8 2 0.9998829364776611 179 743 244 769 score
8 2 0.987717866897583 244 741 288 769 and
8 2 0.9999796152114868 290 741 338 771 that
8 2 0.9977520108222961 337 741 368 769 of
8 2 0.9999082088470459 365 741 441 766 RNES
8 2 0.9110956788063049 443 741 524 766 trained
8 2 0.9496765732765198 526 741 615 766 without
8 2 0.9999736547470093 617 741 733 766 coherence
8 2 0.9982089996337891 733 741 815 766 model.
8 3 0.9999791383743286 146 766 204 799 This
8 3 0.9991238713264465 205 769 234 801 is
8 3 0.9911884069442749 237 771 330 797 because
8 3 0.9999175071716309 333 769 385 801 that
8 3 0.9993359446525574 385 766 428 801 the
8 3 0.999144434928894 431 771 547 797 coherence
8 3 0.9979052543640137 556 773 659 799 objective
8 3 0.999041736125946 664 766 712 801 and
8 3 0.9940556287765503 717 771 815 797 ROUGE
8 4 0.9996293783187866 147 803 212 829 score
8 4 0.9999010562896729 215 801 250 829 do
8 4 0.9994770884513855 252 803 295 829 not
8 4 0.9998136162757874 297 801 380 833 always
8 4 0.9988721013069153 381 803 451 835 agree
8 4 0.9938382506370544 451 799 511 831 with
8 4 0.9996788501739502 509 799 571 831 each
8 4 0.9936058521270752 571 799 642 831 other.
8 4 0.9605474472045898 644 799 713 831 Since
8 4 0.95613694190979 715 799 816 831 ROUGE
8 5 0.9996155500411987 146 829 175 861 is
8 5 0.9998348951339722 174 831 257 865 simply
8 5 0.992192804813385 260 831 376 863 computed
8 5 0.998077392578125 378 829 449 861 based
8 5 0.9999406337738037 451 835 488 861 on
8 5 0.9896035194396973 489 833 587 865 n-grams
8 5 0.9996479749679565 589 835 622 861 or
8 5 0.9996861219406128 624 831 710 863 longest
8 5 0.8215495944023132 713 833 815 859 common
8 6 0.9945804476737976 144 859 302 898 subsequence,
8 6 0.9999665021896362 302 861 328 891 it
8 6 0.9993304014205933 328 861 356 891 is
8 6 0.9998288154602051 358 863 458 895 ignorant
8 6 0.9883818030357361 459 861 493 891 of
8 6 0.9999434947967529 493 859 537 893 the
8 6 0.9998949766159058 539 863 657 889 coherence
8 6 0.9514678716659546 662 863 760 889 between
8 6 0.9927243590354919 763 865 816 891 sen-
8 7 0.986810564994812 146 891 230 923 tences.
8 7 0.9995450377464294 232 891 353 923 Therefore,
8 7 0.9977333545684814 353 889 478 928 enhancing
8 7 0.9747954607009888 478 891 595 923 coherence
8 7 0.9998351335525513 597 893 654 925 may
8 7 0.9996047616004944 654 889 708 923 lead
8 7 0.9998345375061035 708 893 738 921 to
8 7 0.9999537467956543 738 898 757 921 a
8 7 0.9991656541824341 758 891 816 925 drop
8 8 0.997316300868988 144 919 180 956 of
8 8 0.9794476628303528 180 923 285 949 ROUGE.
8 8 0.9980068802833557 290 921 401 953 However,
8 8 0.9999951124191284 405 923 446 951 the
8 8 0.9967023730278015 448 921 508 953 95%
8 8 0.995368242263794 511 923 634 949 confidence
8 8 0.9998125433921814 639 923 738 949 intervals
8 8 0.9946860074996948 742 921 775 951 of
8 8 0.9997687935829163 776 923 816 951 the
8 9 0.9959046244621277 144 951 197 983 two
8 9 0.9998511075973511 197 953 272 979 RNES
8 9 0.9898638129234314 273 953 360 979 models
8 9 0.999815046787262 361 953 449 986 overlap
8 9 0.9768332242965698 451 953 542 986 heavily,
8 9 0.979730486869812 544 953 660 986 indicating
8 9 0.9810823202133179 664 953 712 983 that
8 9 0.9999251365661621 712 953 768 979 their
8 9 0.8060611486434937 768 949 816 983 dif-
8 10 0.9999239444732666 144 1067 215 1100 Table
8 10 0.9992707371711731 214 1067 244 1100 3:
8 10 0.5019615888595581 245 1069 385 1102 Comparison
8 10 0.9998939037322998 385 1069 418 1097 of
8 10 0.821781575679779 416 1072 496 1097 human
8 10 0.963361918926239 499 1072 617 1097 evaluation
8 10 0.9999020099639893 619 1069 649 1100 in
8 10 0.9968384504318237 649 1072 715 1097 terms
8 10 0.9723420739173889 715 1065 750 1102 of
8 10 0.9980279803276062 747 1067 816 1100 infor-
8 11 0.918818473815918 146 1102 333 1132 mativeness(Inf),
8 11 0.8074303865432739 332 1102 516 1132 coherence(Coh)
8 11 0.9991714954376221 512 1100 561 1134 and
8 11 0.9975672960281372 559 1104 640 1130 overall
8 11 0.9928199648857117 639 1102 737 1134 ranking.
8 11 0.9999972581863403 737 1100 818 1132 Lower
8 12 0.9999245405197144 164 1185 244 1218 RNES
8 12 0.998950719833374 240 1185 293 1218 w/o
8 12 0.9741559624671936 288 1185 410 1218 coherence
8 12 0.834455132484436 443 1185 511 1218 1.183
8 12 0.9989631175994873 569 1185 639 1218 1.325
8 12 0.999785840511322 697 1188 766 1213 1.492
8 13 0.9998372793197632 172 1284 220 1319 We
8 13 0.9972516894340515 224 1286 280 1319 also
8 13 0.9982641339302063 288 1289 380 1314 conduct
8 13 0.9998270869255066 386 1291 413 1319 a
8 13 0.998928964138031 418 1289 539 1321 qualitative
8 13 0.9961232542991638 549 1289 669 1314 evaluation
8 13 0.9756751656532288 677 1289 708 1316 to
8 13 0.9997454285621643 715 1284 766 1319 find
8 13 0.9979158043861389 773 1291 816 1316 out
8 14 0.9915639162063599 149 1319 242 1344 whether
8 14 0.987524151802063 242 1314 287 1349 the
8 14 0.9908161163330078 285 1316 428 1347 introduction
8 14 0.9994348883628845 428 1316 461 1347 of
8 14 0.9999022483825684 459 1316 581 1349 coherence
8 14 0.9734658002853394 581 1321 662 1347 reward
8 14 0.9989942908287048 664 1316 775 1355 improves
8 14 0.9996781349182129 776 1319 816 1347 the
8 15 0.9999171495437622 147 1351 265 1377 coherence
8 15 0.997853696346283 268 1347 302 1377 of
8 15 0.9999415874481201 303 1349 345 1377 the
8 15 0.7473350763320923 348 1349 426 1383 output
8 15 0.9908167123794556 428 1349 564 1379 summaries.
8 15 0.9999961853027344 567 1349 610 1377 We
8 15 0.7275664806365967 614 1349 725 1381 randomly
8 15 0.6708989143371582 732 1349 816 1381 sample
8 16 0.9998874664306641 144 1375 184 1411 50
8 16 0.6532906293869019 184 1381 310 1405 documents
8 16 0.7974053025245667 310 1377 375 1409 from
8 16 0.9989097118377686 375 1379 416 1407 the
8 16 0.9999614953994751 418 1381 464 1407 test
8 16 0.9905952215194702 464 1381 504 1409 set
8 16 0.9991645812988281 503 1377 554 1409 and
8 16 0.9862755537033081 554 1379 597 1407 ask
8 16 0.999535083770752 599 1377 664 1409 three
8 16 0.9982147216796875 665 1381 785 1407 volunteers
8 16 0.9998424053192139 786 1381 818 1409 to
8 17 0.9998014569282532 146 1407 245 1439 evaluate
8 17 0.9987683892250061 247 1409 288 1437 the
8 17 0.7896063923835754 290 1411 416 1437 summaries
8 17 0.8830134868621826 418 1411 524 1437 extracted
8 17 0.9999927282333374 526 1405 561 1443 by
8 17 0.9900739192962646 562 1407 640 1439 RNES
8 17 0.9893916845321655 644 1409 727 1435 trained
8 17 0.9972272515296936 728 1407 785 1439 with
8 17 0.9988118410110474 785 1411 818 1439 or
8 18 0.9914351105690002 147 1441 237 1467 without
8 18 0.9874288439750671 239 1441 355 1467 coherence
8 18 0.9992595314979553 355 1443 386 1469 as
8 18 0.9962032437324524 385 1439 426 1467 the
8 18 0.9994663596153259 426 1441 511 1467 reward.
8 18 0.9946249127388 512 1439 577 1473 They
8 18 0.9995194673538208 577 1443 617 1469 are
8 18 0.999674916267395 619 1441 687 1467 asked
8 18 0.9632309675216675 685 1441 717 1469 to
8 18 0.8520466685295105 715 1443 813 1469 compare
8 19 0.9912772178649902 144 1467 195 1501 and
8 19 0.5393707752227783 192 1467 250 1499 rank
8 19 0.9999940395355225 250 1467 292 1501 the
8 19 0.6146621704101562 292 1471 380 1503 outputs
8 19 0.9491462707519531 380 1469 411 1499 of
8 19 0.9991140961647034 410 1467 461 1499 two
8 19 0.9969321489334106 459 1471 544 1497 models
8 19 0.9981123208999634 547 1471 657 1503 regarding
8 19 0.9999221563339233 659 1469 722 1501 three
8 19 0.995177149772644 722 1471 815 1503 aspects:
8 20 0.8247901797294617 146 1499 335 1531 informativeness,
8 20 0.9999089241027832 341 1501 458 1527 coherence
8 20 0.9943310022354126 463 1501 511 1531 and
8 20 0.9982092380523682 512 1501 595 1527 overall
8 20 0.9497381448745728 599 1499 688 1538 quality.
8 20 0.9991937279701233 690 1499 745 1531 The
8 20 0.9995245933532715 747 1501 816 1527 better
8 21 0.9998469352722168 146 1533 194 1559 one
8 21 0.9935877323150635 192 1527 245 1561 will
8 21 0.9999436140060425 245 1531 278 1559 be
8 21 0.9984978437423706 277 1527 346 1568 given
8 21 0.9993690848350525 345 1529 405 1561 rank
8 21 0.9999915361404419 408 1531 431 1561 1,
8 21 0.9838199615478516 431 1529 501 1561 while
8 21 0.9999947547912598 501 1531 542 1559 the
8 21 0.9992159605026245 542 1529 609 1561 other
8 21 0.9994254112243652 607 1531 657 1557 will
8 21 0.9999451637268066 657 1531 692 1559 be
8 21 0.9964524507522583 692 1531 760 1566 given
8 21 0.9984238147735596 758 1529 816 1561 rank
8 22 0.9993956089019775 146 1559 169 1589 2
8 22 0.998481810092926 167 1561 197 1589 if
8 22 0.9999905824661255 194 1561 219 1589 it
8 22 0.9998530149459839 219 1559 245 1589 is
8 22 0.9966938495635986 247 1564 323 1589 worse.
8 22 0.9999457597732544 328 1559 358 1589 In
8 22 0.7134537100791931 360 1566 425 1589 some
8 22 0.999891996383667 426 1561 499 1594 cases,
8 22 0.9978064894676208 501 1559 527 1589 if
8 22 0.999870777130127 526 1561 567 1589 the
8 22 0.9998540878295898 567 1561 619 1594 two
8 22 0.9980633854866028 619 1564 708 1596 outputs
8 22 0.9998396635055542 710 1564 752 1591 are
8 22 0.859305739402771 752 1559 815 1594 iden-
8 23 0.9922760128974915 146 1589 200 1622 tical
8 23 0.9936123490333557 202 1596 235 1622 or
8 23 0.9985750913619995 234 1589 295 1622 have
8 23 0.9996551275253296 295 1591 335 1619 the
8 23 0.8843899965286255 338 1594 401 1619 same
8 23 0.9803565144538879 403 1589 493 1628 quality,
8 23 0.9855550527572632 494 1591 534 1619 the
8 23 0.9996465444564819 536 1589 605 1622 ranks
8 23 0.9993383288383484 604 1589 675 1622 could
8 23 0.9998353719711304 677 1591 710 1619 be
8 23 0.998088538646698 710 1589 768 1624 tied,
8 23 0.5704113841056824 770 1594 815 1622 1.e.,
8 24 0.999970555305481 146 1619 204 1654 both
8 24 0.5478498339653015 204 1622 237 1652 of
8 24 0.9965864419937134 235 1622 298 1654 them
8 24 0.9991481304168701 298 1626 340 1652 are
8 24 0.998968243598938 340 1624 408 1656 given
8 24 0.9996479749679565 408 1619 468 1654 rank
8 24 0.9726237058639526 468 1622 494 1652 1.
8 24 0.9999798536300659 494 1619 564 1652 Table
8 24 0.9943020343780518 564 1622 587 1654 3
8 24 0.9663522243499756 586 1622 664 1654 shows
8 24 0.9945216178894043 662 1619 707 1654 the
8 24 0.9933260679244995 705 1622 785 1654 results
8 24 0.9980248212814331 785 1622 818 1652 of
8 25 0.999444305896759 146 1714 175 1742 in
8 25 0.9996676445007324 177 1712 210 1742 all
8 25 0.9999704360961914 212 1712 277 1744 three
8 25 0.9961811304092407 278 1716 371 1748 aspects,
8 25 0.9926274418830872 373 1712 493 1750 especially
8 25 0.9998432397842407 493 1712 522 1744 in
8 25 0.8986706733703613 524 1714 566 1742 the
8 25 0.9888056516647339 567 1712 692 1744 coherence.
8 25 0.9997395873069763 693 1712 747 1744 The
8 25 0.9997323155403137 747 1712 816 1744 result
8 26 0.9890292882919312 147 1744 250 1770 indicates
8 26 0.9998145699501038 254 1742 305 1774 that
8 26 0.9998940229415894 305 1744 346 1772 the
8 26 0.773288905620575 346 1742 491 1772 introduction
8 26 0.9832846522331238 491 1742 524 1772 of
8 26 0.9969907999038696 524 1744 642 1770 coherence
8 26 0.9979683756828308 645 1744 766 1776 effectively
8 26 0.9961859583854675 770 1744 815 1772 im-
8 27 0.9366756081581116 146 1776 225 1808 proves
8 27 0.9995941519737244 227 1774 267 1802 the
8 27 0.9997324347496033 268 1776 386 1802 coherence
8 27 0.9246447086334229 386 1774 418 1804 of
8 27 0.8710128664970398 418 1776 524 1802 extracted
8 27 0.6155378222465515 524 1774 660 1806 summaries,
8 27 0.9994340538978577 659 1776 690 1806 as
8 27 0.9989820122718811 690 1772 745 1804 well
8 27 0.9985419511795044 743 1776 776 1804 as
8 27 0.9999922513961792 776 1774 815 1802 the
8 28 0.9997735619544983 146 1802 230 1834 overall
8 28 0.9875970482826233 229 1802 320 1841 quality.
8 28 0.9999874830245972 322 1804 346 1834 It
8 28 0.9999641180038452 346 1802 373 1834 is
8 28 0.9836630821228027 371 1802 493 1841 surprising
8 28 0.9998238682746887 491 1802 542 1836 that
8 28 0.6542510986328125 541 1804 669 1836 summaries
8 28 0.9941178560256958 672 1804 780 1836 produced
8 28 0.9999964237213135 780 1802 816 1841 by
8 29 0.9999778270721436 147 1836 224 1862 RNES
8 29 0.9999291896820068 224 1832 280 1866 with
8 29 0.985512912273407 278 1834 398 1866 coherence
8 29 0.9990677237510681 396 1839 438 1864 are
8 29 0.999830961227417 436 1834 489 1866 also
8 29 0.9922824501991272 488 1839 551 1864 more
8 29 0.6371563673019409 549 1834 685 1864 informative
8 29 0.9999949932098389 685 1836 738 1862 than
8 29 0.9999707937240601 740 1836 815 1862 RNES
8 30 0.9996603727340698 146 1864 239 1897 without
8 30 0.9911372661590576 239 1869 361 1894 coherence,
8 30 0.9928036332130432 363 1866 481 1899 indicating
8 30 0.9990566372871399 479 1864 531 1897 that
8 30 0.9987782835960388 531 1866 629 1892 ROUGE
8 30 0.9999722242355347 629 1864 702 1899 might
8 30 0.9999645948410034 700 1866 743 1894 not
8 30 0.9870038628578186 743 1866 775 1894 be
8 30 0.9996077418327332 776 1866 816 1894 the
8 31 0.9964548349380493 144 1892 205 1933 gold
8 31 0.9998708963394165 204 1899 303 1925 standard
8 31 0.9999167919158936 303 1897 333 1927 to
8 31 0.882270097732544 333 1899 429 1925 evaluate
8 31 0.9668793082237244 431 1897 612 1927 informativeness
8 31 0.9998527765274048 610 1899 644 1927 as
8 31 0.5305171012878418 642 1894 703 1927 well.
8 32 0.9976891279220581 172 1925 244 1959 Table
8 32 0.9999982118606567 242 1929 260 1955 4
8 32 0.9997649788856506 260 1927 337 1959 shows
8 32 0.996658205986023 333 1929 356 1959 a
8 32 0.9501104950904846 351 1927 405 1961 pair
8 32 0.9940768480300903 403 1927 434 1957 of
8 32 0.9991536140441895 431 1929 541 1961 summary
8 32 0.9970809817314148 542 1931 649 1957 produced
8 32 0.9740611910820007 649 1929 685 1961 by
8 32 0.9997473359107971 685 1929 760 1955 RNES
8 32 0.995579183101654 762 1929 815 1955 with
9 0 0.9997509121894836 1331 693 1426 726 Morning
9 0 0.998895525932312 1427 696 1502 721 Herald
9 0 0.99496990442276 1502 698 1538 724 re-
10 0 0.9973291158676147 147 986 235 1011 ference
10 0 0.9991136193275452 232 979 267 1016 in
10 0 0.9978591799736023 267 986 366 1011 ROUGE
10 0 0.99992835521698 365 983 390 1014 is
10 0 0.5596773624420166 390 983 537 1016 insignificant.
11 0 0.9954407215118408 1301 1115 1392 1147 disaster
11 1 0.9999779462814331 1495 1119 1538 1145 has
11 2 0.9999418258666992 1392 1117 1422 1147 in
11 2 0.9973759651184082 1422 1117 1494 1149 Nepal
12 0 0.9930540919303894 147 1132 174 1160 is
12 0 0.9694072008132935 172 1132 245 1158 better.
12 1 0.9995705485343933 166 1158 242 1183 Model
13 0 0.6117004752159119 1168 1112 1301 1151 earthquake
14 0 0.9931286573410034 438 1153 484 1188 Inf
15 0 0.9980358481407166 567 1153 624 1185 Coh
15 1 0.9998955726623535 572 1220 637 1246 1.092
16 0 0.9703073501586914 698 1158 786 1183 Overall
16 1 0.941927969455719 698 1220 765 1246 1.209
17 0 0.9999681711196899 166 1220 240 1246 RNES
17 0 0.9880605936050415 240 1216 280 1250 w/
17 0 0.9954169988632202 277 1220 393 1246 coherence
17 0 0.9996147155761719 444 1220 509 1246 1.125
18 0 0.9993802309036255 901 1366 1032 1398 percontinent
18 0 0.9554263353347778 1030 1364 1100 1396 called
18 0 0.9838415384292603 1097 1364 1187 1396 Amasia.
19 0 0.997822642326355 1138 1469 1299 1501 Conclusion
19 1 0.9999803304672241 913 1514 942 1542 In
19 1 0.9999510049819946 941 1512 989 1546 this
19 1 0.9992344379425049 986 1516 1060 1549 paper,
19 1 0.9970704317092896 1060 1518 1100 1544 we
19 1 0.9361493587493896 1097 1512 1208 1551 proposed
19 1 0.9995751976966858 1203 1514 1226 1546 a
19 1 0.998684823513031 1226 1514 1353 1540 Reinforced
19 1 0.7876319289207458 1354 1514 1432 1540 Neural
19 1 0.9994112253189087 1436 1514 1552 1540 Extractive
19 2 0.9860749840736389 884 1542 1060 1572 Summarization
19 2 0.99945467710495 1062 1544 1137 1570 model
19 2 0.9998542070388794 1137 1544 1167 1572 to
19 2 0.5034006834030151 1167 1544 1248 1570 extract
19 2 0.9999361038208008 1250 1549 1268 1570 a
19 2 0.9958652257919312 1270 1544 1369 1570 coherent
19 2 0.9969203472137451 1371 1544 1419 1574 and
19 2 0.9369928240776062 1417 1542 1552 1572 informative
19 3 0.7054787278175354 997 1572 1059 1604 from
19 3 0.999870777130127 1060 1574 1084 1604 a
19 4 0.5537272095680237 1162 1576 1281 1602 document.
19 5 0.9804398417472839 886 1581 992 1607 summary
19 6 0.9997709393501282 1084 1574 1158 1607 single
19 7 0.9993405938148499 883 1602 934 1634 that
19 7 0.9995786547660828 937 1604 977 1632 the
19 7 0.9997424483299255 984 1604 1092 1637 proposed
19 7 0.9995887875556946 1099 1602 1175 1634 RNES
19 7 0.9999641180038452 1180 1602 1256 1634 model
19 7 0.9997690320014954 1261 1604 1309 1634 can
19 7 0.9996767044067383 1311 1602 1404 1634 balance
19 7 0.9999589920043945 1409 1607 1505 1632 between
19 7 0.9999545812606812 1514 1604 1552 1632 the
19 8 0.7439739108085632 883 1634 1054 1665 cross-sentence
19 8 0.9998770952224731 1055 1632 1175 1665 coherence
19 8 0.9935739636421204 1178 1634 1226 1665 and
19 9 0.9985585808753967 1228 1632 1361 1671 importance
19 10 0.9990537762641907 884 1667 1011 1699 effectively,
19 10 0.999592125415802 1014 1662 1062 1697 and
19 10 0.9998947381973267 1064 1667 1152 1692 achieve
19 10 0.6570554375648499 1155 1665 1326 1695 state-of-the-art
19 11 0.6526540517807007 884 1695 1014 1727 benchmark
19 11 0.9705645442008972 1019 1697 1105 1723 dataset.
19 11 0.9999357461929321 1110 1692 1158 1727 For
19 11 0.9998511075973511 1158 1697 1230 1723 future
19 11 0.7831776738166809 1233 1695 1304 1727 work,
19 11 0.9996942281723022 1306 1699 1348 1725 we
19 11 0.9914146065711975 1348 1692 1399 1725 will
19 11 0.9994372725486755 1401 1695 1467 1727 focus
19 11 0.998877227306366 1469 1699 1505 1727 on
19 11 0.9476497769355774 1507 1699 1552 1725 im-
19 12 0.9954328536987305 884 1729 976 1761 proving
19 12 0.9979175925254822 976 1725 1019 1759 the
19 12 0.9956411123275757 1017 1727 1163 1759 performance
19 12 0.635027289390564 1163 1727 1195 1755 of
19 12 0.9999074935913086 1193 1727 1236 1755 our
19 12 0.9992971420288086 1238 1727 1311 1753 neural
19 12 0.9994205236434937 1313 1727 1431 1753 coherence
19 12 0.9263049960136414 1431 1727 1505 1753 model
19 12 0.9981877207756042 1507 1727 1552 1755 and
19 13 0.5725833773612976 884 1757 1019 1789 introducing
19 13 0.9899314641952515 1019 1755 1102 1787 human
19 13 0.9967424273490906 1100 1757 1228 1789 knowledge
19 13 0.9998761415481567 1226 1755 1281 1787 into
19 13 0.9999957084655762 1279 1757 1319 1785 the
19 13 0.9974435567855835 1319 1755 1402 1787 RNES.
19 14 0.9997954964637756 909 1834 969 1866 This
19 14 0.9258940815925598 969 1834 1035 1866 work
19 14 0.9998816251754761 1034 1834 1062 1866 is
19 14 0.9874731302261353 1064 1836 1178 1869 supported
19 14 0.9999750852584839 1180 1834 1216 1871 by
19 14 0.9972860813140869 1218 1836 1291 1871 grants
19 14 0.9811749458312988 1293 1834 1356 1866 from
19 14 0.9010292887687683 1358 1834 1553 1864 WeChat-HKUST
19 15 0.9916055202484131 884 1864 947 1897 Joint
19 15 0.8506214022636414 952 1864 1004 1897 Lab
19 15 0.9980890154838562 1009 1871 1047 1897 on
19 15 0.9838047623634338 1055 1866 1158 1892 Artificial
19 15 0.9930158853530884 1168 1866 1304 1899 Intelligence
19 15 0.9997633099555969 1313 1866 1447 1899 Technology
19 15 0.7275986671447754 1459 1869 1552 1894 (WHAT
19 16 0.6911664009094238 883 1892 952 1933 Lab).
19 16 0.9998437166213989 956 1894 1049 1927 Baotian
19 16 0.9997672438621521 1055 1897 1097 1925 Hu
19 16 0.9981697797775269 1100 1897 1263 1929 acknowledges
19 16 0.7914561629295349 1270 1897 1346 1929 partial
19 16 0.9987475872039795 1351 1894 1444 1933 support
19 16 0.9931110143661499 1445 1894 1509 1927 from
19 16 0.9998660087585449 1514 1897 1552 1925 the
19 17 0.9965537786483765 884 1925 1007 1963 University
19 17 0.9920640587806702 1006 1927 1039 1957 of
19 17 0.99909508228302 1035 1927 1205 1957 Massachusetts
19 17 0.9990031123161316 1205 1929 1299 1955 Medical
19 17 0.9988089799880981 1303 1929 1389 1955 School.
20 0 0.6686874628067017 1289 1574 1401 1607 Empirical
20 0 0.9852393865585327 1406 1572 1485 1604 results
20 0 0.9998825788497925 1489 1572 1553 1604 show
20 1 0.917594313621521 1362 1634 1396 1665 of
20 1 0.9999959468841553 1397 1634 1437 1662 the
20 1 0.9222074151039124 1439 1634 1553 1667 sentences
20 2 0.999906063079834 1475 1669 1512 1697 on
20 2 0.999948263168335 1514 1667 1553 1695 the
20 3 0.9606383442878723 1328 1662 1475 1701 performance
21 0 0.991152822971344 147 1654 229 1680 human
21 0 0.9924702644348145 232 1654 356 1680 evaluation.
21 1 0.9998146891593933 237 1684 307 1710 better
21 2 0.8028459548950195 146 1682 210 1714 ward
21 2 0.9998874664306641 209 1682 235 1714 is
22 0 0.9998447895050049 361 1654 436 1680 RNES
22 0 0.9999134540557861 439 1654 514 1680 model
22 0 0.5776041150093079 517 1654 599 1680 trained
22 0 0.9998559951782227 600 1654 655 1680 with
22 0 0.9998787641525269 657 1652 778 1684 coherence
22 0 0.9952908754348755 776 1656 815 1682 re-
22 1 0.999848484992981 307 1682 363 1714 than
22 1 0.9998973608016968 365 1684 439 1710 RNES
22 1 0.9658792018890381 444 1684 517 1710 model
22 1 0.9934899806976318 521 1684 610 1710 without
22 1 0.9999353885650635 614 1684 732 1710 coherence
22 1 0.9936850666999817 733 1684 815 1710 reward
23 0 0.9767929315567017 1085 1791 1353 1830 Acknowledgments
