block line confidence X1 Y1 X2 Y2 token
0 0 0.824712872505188 473 137 607 167 DELAYED
0 0 0.8333967924118042 612 141 798 165 ACCEPTANCE
0 0 0.9833532571792603 805 141 893 165 MCMC
0 0 0.9692391753196716 898 139 942 167 BY
0 0 0.9972726702690125 947 139 1022 165 DATA
0 0 0.7586358785629272 1030 141 1223 165 SUBSAMPLING
1 0 0.9999243021011353 1472 139 1504 167 12
2 0 0.9987766146659851 232 204 355 229 Sherlock
2 0 0.9960926175117493 361 204 395 234 et
2 0 0.9883238077163696 398 199 441 236 al.
2 0 0.9996116757392883 448 199 557 238 (2015b)
2 0 0.9991563558578491 564 197 614 240 (in
2 0 0.9997221827507019 614 206 642 236 a
2 0 0.5419749021530151 644 204 888 236 non-subsampling
2 0 0.9983002543449402 896 204 1014 236 context)
2 0 0.9983112812042236 1020 199 1108 240 study
2 0 0.9999951124191284 1112 199 1165 234 the
2 0 0.9996724128723145 1168 201 1313 232 statistical
2 0 0.9227714538574219 1316 199 1454 238 efficiency
2 0 0.9984322190284729 1457 199 1504 234 for
2 1 0.9990777969360352 195 264 308 302 delayed
2 1 0.9993926286697388 313 268 473 300 acceptance
2 1 0.9979998469352722 478 268 587 294 random
2 1 0.9942548871040344 592 264 664 296 walk
2 1 0.9465063214302063 669 268 825 300 Metropolis
2 1 0.8342368006706238 828 266 894 300 and,
2 1 0.985966145992279 898 270 1040 300 moreover,
2 1 0.9999880790710449 1045 272 1087 298 an
2 1 0.9933851361274719 1089 264 1225 302 efficiency
2 1 0.9986417889595032 1231 268 1291 294 that
2 1 0.9999412298202515 1296 264 1359 298 also
2 1 0.9944953322410583 1362 268 1439 294 takes
2 1 0.6413438320159912 1441 266 1504 298 into
2 2 0.9159451723098755 195 330 312 363 account
2 2 0.9891659617424011 317 326 370 363 the
2 2 0.8328070640563965 373 330 579 363 computational
2 2 0.7517367005348206 584 328 720 367 efficiency
2 2 0.9974446296691895 725 326 771 363 for
2 2 0.9927856922149658 773 326 826 360 the
2 2 0.9966302514076233 830 335 893 360 case
2 2 0.9927244782447815 898 328 987 360 where
2 2 0.9998881816864014 991 326 1042 363 the
2 2 0.9999161958694458 1045 328 1137 369 target
2 2 0.9999508857727051 1138 326 1172 365 is
2 2 0.9366517663002014 1172 328 1314 360 estimated
2 2 0.9931360483169556 1321 326 1502 365 (DA-PMMH
2 3 0.9980775117874146 232 457 356 489 Christen
2 3 0.9952979683876038 365 457 423 489 and
2 3 0.9813191890716553 431 457 489 489 Fox
2 3 0.9999556541442871 498 455 589 496 (2005)
2 3 0.999931812286377 599 459 667 491 note
2 3 0.9999589920043945 675 459 747 494 that,
2 3 0.6195046901702881 760 461 869 487 because
2 3 0.9998576641082764 879 455 931 491 the
2 3 0.9996097683906555 939 459 1080 489 transition
2 3 0.998763918876648 1090 457 1191 489 kernels
2 3 0.9787229299545288 1196 455 1236 491 of
2 3 0.9997783303260803 1240 457 1311 489 both
2 3 0.9999312162399292 1318 455 1371 491 the
2 3 0.9997827410697937 1377 455 1437 489 MH
2 3 0.9856610298156738 1444 457 1502 489 and
2 4 0.9932048320770264 195 519 308 560 delayed
2 4 0.981827437877655 315 526 473 558 acceptance
2 4 0.9997712969779968 479 519 539 554 MH
2 4 0.9761764407157898 542 524 595 556 are
2 4 0.9886822700500488 599 524 703 550 derived
2 4 0.7182063460350037 713 522 783 554 from
2 4 0.9999191761016846 790 519 843 554 the
2 4 0.9872642755508423 846 528 923 554 same
2 4 0.9984766840934753 928 522 1052 560 proposal
2 4 0.9520508050918579 1057 526 1102 560 91,
2 4 0.9931463003158569 1107 519 1163 554 and
2 4 0.9999779462814331 1168 524 1205 556 in
2 4 0.9992563128471375 1208 522 1329 554 addition
2 4 0.6219755411148071 1336 524 1377 560 a2
2 4 0.8806267976760864 1379 519 1412 560 S
2 4 0.9999691247940063 1417 519 1447 560 1,
2 4 0.9999057054519653 1452 519 1504 556 the
2 5 0.9985186457633972 195 584 310 623 delayed
2 5 0.9991223216056824 310 586 473 625 acceptance
2 5 0.9995728135108948 473 584 532 618 MH
2 5 0.999356210231781 536 584 591 618 will
2 5 0.999481737613678 592 582 634 618 be
2 5 0.9950020909309387 634 584 690 618 less
2 5 0.9964009523391724 690 584 861 623 statistically
2 5 0.5699285268783569 866 588 976 614 efficient
2 5 0.9997871518135071 981 584 1050 618 than
2 5 0.99847811460495 1054 584 1122 618 MH.
2 5 0.999893307685852 1125 584 1188 618 The
2 5 0.999840497970581 1188 584 1316 616 intuition
2 5 0.9999071359634399 1318 586 1348 618 is
2 5 0.9999816417694092 1348 584 1414 618 that
2 5 0.7354358434677124 1419 588 1500 614 under
2 6 0.9998040795326233 197 648 277 683 these
2 6 0.9006571173667908 282 650 433 681 conditions
2 6 0.9999969005584717 438 648 491 683 the
2 6 0.9997780919075012 496 648 577 681 chain
2 6 0.9998847246170044 582 648 680 687 clearly
2 6 0.9666408896446228 690 653 803 678 exhibits
2 6 0.9995676875114441 808 655 838 683 a
2 6 0.9957335591316223 840 655 916 681 more
2 6 0.8885263800621033 919 648 1034 687 """sticky"""
2 6 0.6344555616378784 1044 653 1167 678 behavior
2 6 0.9830196499824524 1175 648 1235 683 and
2 6 0.9999713897705078 1238 657 1281 683 an
2 6 0.9145879745483398 1288 653 1411 678 estimate
2 6 0.949310839176178 1419 648 1502 681 based
2 7 0.9989995360374451 195 719 239 747 on
2 7 0.9964057207107544 245 713 325 745 these
2 7 0.9557556509971619 332 713 449 751 samples
2 7 0.9938036203384399 458 711 514 749 will
2 7 0.9997773766517639 521 713 592 745 have
2 7 0.9991812109947205 597 719 625 747 a
2 7 0.9996223449707031 630 713 718 754 larger
2 7 0.7149724364280701 727 717 888 749 asymptotic
2 7 0.9977134466171265 898 717 1017 743 variance
2 7 0.8765498399734497 1029 717 1113 743 under
2 7 0.9981359243392944 1123 713 1240 745 DA-MH
2 7 0.9999469518661499 1250 713 1321 745 than
2 7 0.9992780089378357 1329 713 1397 745 MH.
2 7 0.9995612502098083 1407 713 1504 745 Notice
2 8 0.999954342842102 197 777 263 809 that
2 8 0.9994437098503113 268 775 322 812 the
2 8 0.9997480511665344 327 777 413 809 closer
2 8 0.4819916784763336 418 782 459 816 02
2 8 0.9993392825126648 464 779 494 812 is
2 8 0.9995473027229309 498 777 537 814 to
2 8 0.9999221563339233 541 775 574 816 1,
2 8 0.9996211528778076 579 775 632 812 the
2 8 0.9921420812606812 637 784 713 809 more
2 8 0.9971802234649658 718 777 889 816 statistically
2 8 0.7391900420188904 896 777 1011 809 efficient
2 8 0.9999390840530396 1017 775 1070 809 the
2 8 0.968295693397522 1075 775 1187 816 delayed
2 8 0.9621149301528931 1195 782 1353 814 acceptance
2 8 0.9962449669837952 1361 777 1502 816 algorithm
2 9 0.9964922070503235 194 837 239 883 is,
2 9 0.9960247278213501 237 837 298 878 and
2 9 0.9968867897987366 302 842 380 874 when
2 9 0.4465637803077698 383 846 425 880 02
2 9 0.5469727516174316 428 846 461 876 =
2 9 0.9999520778656006 463 842 486 874 1
2 9 0.9999887943267822 488 842 516 874 it
2 9 0.9997628331184387 517 837 551 878 is
2 9 0.9982578158378601 552 844 698 876 equivalent
2 9 0.9998564720153809 703 842 743 876 to
2 9 0.9999972581863403 743 840 796 874 the
2 9 0.9827887415885925 800 842 929 874 standard
2 9 0.9998189806938171 934 840 994 874 MH
2 9 0.9998071789741516 999 842 1085 874 which
2 9 0.9958196878433228 1090 844 1165 878 gives
2 9 0.9998795986175537 1170 840 1221 874 the
2 9 0.9971797466278076 1223 844 1314 883 upper
2 9 0.9994940757751465 1314 837 1412 876 bound
2 9 0.973193883895874 1414 840 1450 876 of
2 9 0.9998595714569092 1452 840 1505 874 the
3 0 0.9999068975448608 195 391 232 429 in
3 0 0.9997797608375549 235 393 343 425 Section
3 0 0.9995133876800537 346 388 391 436 4).
4 0 0.9995803236961365 199 908 315 941 possible
4 0 0.999506950378418 318 906 463 936 statistical
4 0 0.724379301071167 468 908 602 941 efficiency
4 0 0.9882212281227112 610 908 730 934 achieved
4 0 0.999319314956665 738 904 781 943 by
4 0 0.9982911944389343 783 908 810 941 a
4 0 0.5005829930305481 813 908 936 934 DA-MH.
5 0 0.9962230920791626 230 971 325 1003 Result
5 0 0.9999809265136719 330 968 351 1003 1
5 0 0.999935507774353 350 968 386 1005 in
5 0 0.9984696507453918 388 973 478 1005 Payne
5 0 0.9925002455711365 479 968 537 1003 and
5 0 0.9919058084487915 539 971 649 1003 Mallick
5 0 0.9143797159194946 654 968 745 1009 (2015)
5 0 0.9993902444839478 748 973 823 1007 gives
5 0 0.9998766183853149 825 968 878 1005 the
5 0 0.9841177463531494 878 971 1034 1001 alternative
5 0 0.9003623127937317 1037 971 1205 1003 formulation
5 0 0.6339119672775269 1206 968 1268 1009 (for
5 0 0.6025173664093018 1265 973 1522 1005 state-independent
6 0 0.9740481376647949 197 1037 429 1069 approximations)
7 0 0.33655375242233276 878 1177 997 1218 Pmlylcs
7 0 0.4071487486362457 997 1177 1143 1218 w)/p(y02)
7 1 0.3909808099269867 873 1222 996 1263 PmlyOp
7 1 0.3939511477947235 996 1220 1145 1261 u)/ply0,)
8 0 0.9325743317604065 199 1198 268 1239 (3.3)
9 0 0.35398396849632263 512 1200 589 1235 a2(Be
9 0 0.8733299374580383 594 1200 634 1237 -
9 0 0.7416913509368896 634 1196 683 1243 0p)
10 0 0.9913308620452881 755 1200 820 1235 min
10 0 0.9997274279594421 840 1203 863 1235 1
11 0 0.9994310736656189 230 1364 287 1402 Let
11 0 0.295695960521698 287 1368 363 1402 Lk(Dc,
11 0 0.48266762495040894 360 1362 410 1407 Op)
11 0 0.33717402815818787 413 1372 444 1400 -
11 0 0.3106621205806732 446 1364 529 1405 LE(Oc)
11 0 0.2921839654445648 522 1364 632 1405 -L(Op)
11 0 0.9949162006378174 632 1364 692 1398 and
11 0 0.9504836797714233 693 1366 793 1398 denote
11 0 0.9999574422836304 793 1362 838 1407 by
11 0 0.3451666831970215 835 1357 924 1407 LmlDes
11 0 0.8612262606620789 921 1362 969 1407 0p)
11 0 0.9992882609367371 969 1364 1025 1402 the
11 0 0.9423284530639648 1022 1366 1148 1398 estimate
11 0 0.9732747077941895 1148 1364 1185 1400 of
11 0 0.5101874470710754 1182 1364 1260 1405 1(0c,6
11 0 0.5874115228652954 1243 1362 1293 1405 0,p)
11 0 0.640882134437561 1298 1370 1329 1400 -
11 0 0.3015691637992859 1326 1355 1419 1411 DEI
11 0 0.25733014941215515 1416 1364 1495 1405 lk(Dcs
11 0 0.8652015328407288 1494 1362 1552 1405 0p).
12 0 0.9946138262748718 197 1428 332 1467 Similarly
12 0 0.9999454021453857 335 1433 371 1460 to
12 0 0.9478603005409241 376 1428 456 1469 (2.3),
13 0 0.9998712539672852 748 1574 765 1600 1
13 0 0.9899407029151917 788 1564 818 1589 m
13 1 0.9925695061683655 738 1624 775 1652 m
13 1 0.9007344841957092 783 1643 808 1662 2=
14 0 0.41500264406204224 1145 1568 1167 1587 T
14 1 0.9940027594566345 1132 1641 1180 1667 k=1
15 0 0.9081486463546753 199 1594 268 1634 (3.4)
16 0 0.3380016088485718 378 1589 511 1637 m(Dos0p)
16 0 0.5143166184425354 534 1600 566 1626 =
16 0 0.3378629684448242 584 1589 708 1637 9002,02)
16 0 0.9996645450592041 705 1596 732 1630 +
17 0 0.5519153475761414 831 1598 866 1634 Gis
17 0 0.9997017979621887 901 1594 971 1628 with
17 0 0.3412474989891052 974 1589 1104 1637 9(dc,0,)
17 0 0.9711117744445801 1095 1594 1130 1632 =
17 0 0.287324994802475 1127 1589 1321 1637 9002.0,),
18 0 0.6196743249893188 232 1759 320 1791 where
18 0 0.2768743336200714 325 1759 408 1800 Gk(Ocs
18 0 0.5841309428215027 405 1757 453 1802 0p)
18 0 0.35399332642555237 458 1766 491 1793 -
18 0 0.3593690097332001 491 1757 577 1798 9E(0c)
18 0 0.9786651730537415 581 1768 612 1796 -
18 0 0.3528899848461151 610 1755 702 1802 9x(0p)
18 0 0.9863152503967285 705 1759 763 1793 and
18 0 0.9998376369476318 770 1757 823 1793 the
18 0 0.8889408707618713 825 1755 879 1800 Gis
18 0 0.9998016953468323 883 1766 931 1791 are
18 0 0.980732262134552 934 1757 977 1793 iid
18 0 0.9998295307159424 982 1759 1050 1791 with
19 0 0.9999580383300781 635 1841 650 1869 1
19 1 0.8796743750572205 629 1888 657 1916 T
20 0 0.9998125433921814 295 1862 338 1899 Pr
20 0 0.6661392450332642 335 1860 376 1899 (Gi
20 0 0.8625285625457764 380 1866 416 1899 E
20 0 0.27471089363098145 413 1858 602 1903 nDe(Bc,0p))
20 0 0.657295286655426 592 1869 624 1897 -
20 0 0.45923712849617004 629 1871 669 1899 1a
20 0 0.9997274279594421 679 1862 748 1894 with
20 0 0.35437777638435364 753 1860 800 1901 Di
20 0 0.9836243391036987 803 1866 835 1892 =
20 0 0.2707860767841339 840 1862 934 1901 (L(Bc,
20 0 0.7952735424041748 923 1862 972 1899 Op)
20 0 0.1906682550907135 1009 1860 1105 1901 9k(Bc,6
20 0 0.6303658485412598 1089 1860 1150 1901 0p))
20 0 0.9998342990875244 1183 1862 1230 1897 for
20 0 0.9962998032569885 1233 1864 1250 1892 2
20 0 0.48831164836883545 1255 1869 1284 1894 E
20 0 0.999923825263977 1286 1860 1321 1897 1,
20 0 0.8154337406158447 1331 1875 1353 1894 :
20 0 0.9892699122428894 1362 1866 1404 1892 m.
21 0 0.9998281002044678 197 1961 250 1995 We
21 0 0.9995903372764587 252 1965 308 1998 can
21 0 0.9996740818023682 312 1961 373 1995 also
21 0 0.9996569156646729 378 1963 454 1995 show
21 0 0.999984622001648 458 1961 524 1995 that
