block line confidence X1 Y1 X2 Y2 token
0 0 0.9995724558830261 1542 77 1567 107 8
1 0 0.998246431350708 144 146 179 182 in
1 0 0.988471269607544 177 143 235 186 Fig.
1 0 0.9937605261802673 239 146 322 186 10(a).
1 0 0.9997846484184265 330 146 398 180 Even
1 0 0.9999005794525146 400 148 428 178 if
1 0 0.7892324328422546 428 146 476 180 the
1 0 0.9999850988388062 476 148 554 180 entire
1 0 0.9924315214157104 557 146 634 178 Fermi
1 0 0.9985339641571045 637 148 728 180 surface
1 0 0.9990394711494446 730 148 758 180 is
1 0 0.9989196062088013 762 146 835 180 taken
2 0 0.9997547268867493 904 152 941 180 on
2 0 0.999991774559021 951 150 996 178 the
2 0 0.9997689127922058 1004 146 1082 180 Fermi
2 0 0.9843405485153198 1089 148 1182 180 surface
2 0 0.990081250667572 1188 146 1223 182 of
2 0 0.9989222288131714 1228 146 1276 180 the
2 0 0.9999921321868896 1281 146 1341 180 hole
2 0 0.9991276860237122 1348 146 1401 180 and
2 0 0.9999959468841553 1409 150 1454 178 the
2 0 0.9184991717338562 1464 150 1562 176 electron
2 1 0.9695166349411011 876 242 956 275 bands
2 1 0.9999587535858154 966 242 1027 275 with
2 1 0.976292073726654 1039 249 1127 275 masses
2 1 0.9425266981124878 1137 249 1182 277 mh
2 1 0.48825961351394653 1198 247 1228 272 a
2 1 0.5698156952857971 1245 244 1306 279 -me
2 1 0.9997053742408752 1316 240 1431 279 although
2 1 0.999983549118042 1441 242 1512 275 there
2 1 0.9998955726623535 1520 249 1565 275 are
2 2 0.9999562501907349 876 305 936 339 that
2 2 0.6963596940040588 937 302 1125 348 cos(k.)cos(k,)
2 2 0.9922089576721191 1125 305 1157 343 is
2 2 0.9999955892562866 1157 307 1205 341 the
2 2 0.9985242486000061 1208 309 1301 341 leading
2 2 0.9979918003082275 1304 307 1381 341 order.
2 2 0.9236533045768738 1396 309 1441 337 We
2 2 0.9999673366546631 1442 307 1505 339 note
2 2 0.9999504089355469 1507 307 1565 339 that
2 3 0.5063715577125549 876 337 971 375 cos(kz)
2 3 0.7881944179534912 967 337 1060 375 cos(ky)
2 3 0.9957115650177002 1064 341 1165 373 predicts
2 3 0.9997163414955139 1163 343 1188 371 a
2 3 0.9997175335884094 1187 341 1293 373 stronger
2 3 0.9996324777603149 1293 341 1382 373 mixing
2 3 0.9994189739227295 1382 339 1412 369 of
2 3 0.9997571110725403 1412 339 1459 373 the
2 3 0.6365408301353455 1459 341 1563 373 particle-
2 4 0.9999946355819702 876 369 934 403 hole
2 4 0.9969267249107361 941 373 1052 406 response
2 4 0.882622241973877 1057 369 1123 403 from
2 4 0.9989938139915466 1128 369 1177 403 the
2 4 0.998583197593689 1185 373 1284 399 electron
2 4 0.9997367262840271 1293 369 1346 403 and
2 4 0.9999697208404541 1353 369 1411 401 hole
2 4 0.9995344877243042 1417 369 1495 401 bands
2 4 0.9999624490737915 1502 371 1565 403 than
2 5 0.5546324253082275 878 403 934 438 cos(
2 5 0.598299503326416 924 401 969 438 kz)
2 5 0.9997441172599792 976 406 1002 436 +
2 5 0.6264314651489258 1004 401 1097 442 cos(ky)
2 5 0.9993441700935364 1104 408 1138 433 as
2 5 0.9995753169059753 1143 403 1238 436 already
2 5 0.5590258836746216 1246 401 1351 433 outlined
2 5 0.9977222084999084 1358 401 1397 438 by
2 5 0.999725878238678 1402 401 1485 433 Mazin
2 5 0.9998385906219482 1492 403 1524 433 et
2 5 0.9412173628807068 1530 403 1562 431 al.
2 6 0.9621241092681885 939 464 1074 502 Appendix
2 6 0.999663233757019 1075 468 1110 496 E:
2 6 0.9972144961357117 1113 466 1271 496 Subtraction
2 6 0.6308318972587585 1275 466 1308 496 of
2 6 0.9999955892562866 1306 466 1358 498 the
2 6 0.9990702271461487 1359 466 1502 496 continuum
2 7 0.9982569813728333 904 534 961 569 The
2 7 0.7373417019844055 961 537 1097 567 fluctuation
2 7 0.9938378930091858 1099 539 1208 571 response
2 7 0.9997968077659607 1208 537 1235 571 is
2 7 0.9892828464508057 1235 539 1374 571 superposed
2 7 0.9997034668922424 1374 541 1411 567 on
2 7 0.9985835552215576 1412 534 1459 569 the
2 7 0.8145079612731934 1457 534 1565 573 particle-
2 8 0.9999938011169434 876 569 934 601 hole
2 8 0.9956430196762085 934 569 1067 601 continuum
2 8 0.9999450445175171 1067 569 1125 601 that
2 8 0.9993537068367004 1122 567 1255 605 essentially
2 8 0.999657392501831 1253 569 1344 601 reflects
2 8 0.683732271194458 1341 567 1577 605 symmetry-resolved
2 9 0.9995361566543579 878 603 997 635 transport
2 9 0.7186402082443237 996 597 1150 638 properties31
2 9 0.9999257326126099 1162 601 1233 633 Since
2 9 0.999919056892395 1231 603 1276 631 the
2 9 0.9970589876174927 1276 601 1432 631 contribution
2 9 0.9993984699249268 1431 601 1462 629 of
2 9 0.9999966621398926 1460 603 1505 631 the
2 9 0.9957733750343323 1505 599 1563 633 fluc-
2 10 0.5746046304702759 876 663 942 696 little
2 10 0.9957471489906311 942 668 1090 700 uncertainty.
2 10 0.9917489290237427 1099 663 1155 698 The
2 10 0.9976850748062134 1155 663 1261 702 simplest
2 10 0.9999192953109741 1261 666 1318 704 way
2 10 0.9978690147399902 1316 666 1344 698 is
2 10 0.9999265670776367 1346 668 1377 696 to
2 10 0.9996155500411987 1379 668 1427 698 use
2 10 0.9999480247497559 1427 666 1472 693 the
2 10 0.9990527033805847 1475 668 1562 693 contin-
2 11 0.896295964717865 878 702 937 728 uum
2 11 0.9982315897941589 942 698 976 728 at
2 11 0.9964616894721985 977 700 1012 728 or
2 11 0.9983649849891663 1014 693 1112 734 slightly
2 11 0.9626469016075134 1115 696 1193 728 above
2 11 0.9939409494400024 1198 698 1241 726 the
2 11 0.7710811495780945 1248 700 1361 726 crossover
2 11 0.9988172054290771 1367 698 1524 730 temperature
2 11 0.8942810297012329 1525 696 1563 732 T;
3 0 0.9997382760047913 146 180 202 212 into
3 0 0.9993736147880554 202 184 300 210 account
3 0 0.9998002648353577 302 178 350 212 the
3 0 0.9918668866157532 350 182 458 208 selection
3 0 0.9998865127563477 458 180 526 212 rules
3 0 0.9758609533309937 522 178 577 212 still
3 0 0.9999675750732422 576 178 644 212 work
3 0 0.9992163181304932 642 178 677 214 in
3 0 0.9996651411056519 675 178 723 212 the
3 0 0.9553127288818359 722 178 833 210 Fe-based
3 0 0.9993512034416199 878 178 956 212 bands
3 0 0.688404381275177 966 178 1002 216 (2)
3 0 0.9887851476669312 1011 186 1057 212 are
3 0 0.8881449103355408 1064 178 1273 216 predomininantly
3 0 0.9988839030265808 1279 182 1387 214 negative
3 0 0.9893061518669128 1394 180 1449 212 and
3 0 0.995301365852356 1457 182 1562 214 positive,
3 1 0.9645431041717529 149 214 270 240 materials.
3 1 0.9188709259033203 278 212 327 242 For
3 1 0.995399534702301 327 212 438 244 instance,
3 1 0.9999363422393799 441 210 471 242 in
3 1 0.9999040365219116 471 210 551 242 either
3 1 0.9993322491645813 549 210 609 242 case
3 1 0.9997628331184387 609 208 655 242 full
3 1 0.787072479724884 655 210 806 242 cancellation
3 1 0.9983175992965698 808 210 835 242 is
3 1 0.9972238540649414 876 210 1032 249 respectively,
3 1 0.9998854398727417 1040 216 1074 242 as
3 1 0.9969486594200134 1080 212 1193 244 expected
3 1 0.99962317943573 1203 212 1296 244 already
3 1 0.9982060194015503 1306 210 1348 244 for
3 1 0.9928076267242432 1354 212 1441 249 simple
3 1 0.9968357682228088 1447 212 1563 244 parabolic
3 2 0.9507976174354553 174 272 298 313 Explicitly
3 2 0.9982104301452637 310 279 401 305 written
3 2 0.9996230602264404 410 277 468 311 out,
3 2 0.9999488592147827 479 277 524 305 the
3 2 0.998840868473053 532 272 652 305 fermionic
3 2 0.9998451471328735 659 272 722 313 loop
3 2 0.9980416297912598 728 277 757 307 is
3 2 0.9989622831344604 763 277 833 311 given
3 2 0.9877029061317444 878 279 969 305 various
3 2 0.9999004602432251 976 281 1035 307 near
3 2 0.9994580149650574 1042 275 1118 307 nodes
3 2 0.9999399185180664 1122 281 1162 307 on
3 2 0.9982879757881165 1165 275 1230 307 both
3 2 0.9951291084289551 1236 275 1321 307 bands.
3 2 0.998687207698822 1338 275 1401 307 This
3 2 0.9997325539588928 1406 275 1480 307 result
3 2 0.9999325275421143 1487 275 1565 307 shows
4 0 0.9982975125312805 147 242 222 275 found
4 0 0.9999668598175049 222 242 267 277 for
4 0 0.6881305575370789 268 240 320 283 B2g
4 0 0.789184033870697 318 238 473 279 symmetry24,
4 1 0.9182300567626953 141 298 210 348 by22
4 1 0.998548686504364 207 300 265 333 24,41
5 0 0.35165780782699585 170 393 356 438 Oaplder2,wm)
5 0 0.9986322522163391 356 399 390 429 =
5 0 0.2485848218202591 375 391 567 438 00(9092,um)
5 0 0.9982221722602844 567 397 592 429 +
5 0 0.45070794224739075 589 388 773 436 00(4.2,um),
5 1 0.11260759085416794 166 440 634 507 dR-3-)/xeae
5 1 0.9995787739753723 630 461 657 489 -
5 1 0.4605337381362915 654 455 808 494 2)Gr(k,En)
5 2 0.237709641456604 169 571 365 625 00190.2.wm)
5 2 0.9830232262611389 355 580 385 612 =
5 2 0.9741676449775696 380 571 456 623 TX
5 2 0.21851006150245667 453 569 624 625 /MGik,en
5 2 0.9985640645027161 629 584 649 608 -
5 2 0.4974654018878937 650 577 796 616 2)G:(k,En)
6 0 0.9958567023277283 876 431 933 466 Ref.
6 0 0.9983876943588257 934 431 977 466 28.
7 0 0.5516310334205627 420 494 444 522 T
7 0 0.9895184636116028 468 487 486 511 k
7 1 0.7544100880622864 386 524 473 560 XG:(k
7 1 0.46777260303497314 498 526 571 560 dc,En
7 1 0.9878809452056885 579 530 597 550 -
7 1 0.8886935710906982 599 524 662 558 Wm),
7 2 0.5105852484703064 421 623 443 642 n
7 2 0.9993045330047607 464 608 489 635 k
8 0 0.6826233863830566 385 642 479 683 xGr(k
8 0 0.5148917436599731 503 644 577 685 gcsEn
8 0 0.9990012049674988 582 655 595 672 -
8 0 0.8202835321426392 605 646 634 678 2
8 0 0.9996840953826904 632 648 659 678 +
8 0 0.7620550394058228 657 646 722 681 Wm),
8 0 0.970319390296936 773 646 833 681 (D1)
8 0 0.9990585446357727 876 633 984 666 tuations
8 0 0.9999699592590332 982 633 1009 666 is
8 0 0.9752861857414246 1004 631 1127 670 relatively
8 0 0.8479024767875671 1123 635 1208 668 strong
8 0 0.9999902248382568 1206 633 1265 666 here
8 0 0.9983025789260864 1265 633 1324 668 they
8 0 0.997593104839325 1321 635 1372 668 can
8 0 0.999862551689148 1371 635 1406 663 be
8 0 0.9971356391906738 1406 635 1504 661 isolated
8 0 0.9985817670822144 1505 635 1563 661 with
9 0 0.555611789226532 174 736 254 769 where
9 0 0.09869634360074997 252 730 293 777 e
9 0 0.9985507130622864 295 736 323 769 is
9 0 0.9992726445198059 325 734 373 769 the
9 0 0.9992961883544922 373 734 438 769 form
9 0 0.9991911053657532 441 736 517 769 factor
9 0 0.7863487601280212 521 734 557 773 (u
9 0 0.9685617685317993 559 739 586 771 =
9 0 0.23661114275455475 589 734 652 777 Bigs
9 0 0.952998697757721 655 734 708 777 A1g
9 0 0.987144410610199 708 734 781 775 etc.),
9 0 0.9985014200210571 781 736 835 771 and
9 0 0.9964993000030518 876 728 929 760 and
9 0 0.9995635151863098 929 728 1035 760 subtract
9 0 0.9999675750732422 1035 728 1064 760 it
9 0 0.979758620262146 1062 728 1125 760 from
9 0 0.9996064305305481 1127 728 1163 760 all
9 0 0.9972444772720337 1163 730 1256 762 spectra
9 0 0.9107869267463684 1256 728 1377 760 measured
9 0 0.9991393089294434 1377 726 1454 758 below
9 0 0.43779686093330383 1454 728 1500 769 Tr.
9 0 0.999476969242096 1504 728 1565 760 This
9 1 0.663102924823761 146 766 184 805 Gi
9 1 0.9999856948852539 187 769 214 801 is
9 1 0.9999905824661255 217 771 262 799 the
9 1 0.9995579123497009 265 771 365 797 electron
9 1 0.9998372793197632 370 771 508 803 propagator
9 1 0.9996638298034668 511 771 547 799 on
9 1 0.998528242111206 551 769 620 801 band
9 1 0.7752041816711426 620 771 637 797 2
9 1 0.9777676463127136 639 771 669 799 =
9 1 0.993179440498352 667 766 703 803 T,
9 1 0.9589282870292664 707 766 747 803 X,
9 1 0.6182068586349487 752 766 805 801 Y.
9 1 0.9934104084968567 798 771 831 801 En
9 1 0.9996055960655212 876 764 929 790 was
9 1 0.8231428861618042 933 762 1045 788 sufficient
9 1 0.9972660541534424 1050 758 1094 792 for
9 1 0.28978922963142395 1092 745 1205 801 ErTey32
9 1 0.9835245609283447 1206 762 1255 792 but
9 1 0.9927532076835632 1260 762 1351 788 created
9 1 0.9995619654655457 1358 762 1465 794 negative
9 1 0.9868742823600769 1470 762 1562 788 intensi-
9 2 0.9969218373298645 146 799 172 831 is
9 2 0.999806821346283 177 799 225 833 the
9 2 0.9992613196372986 230 803 350 829 electronic
9 2 0.9988312125205994 356 803 443 835 energy
9 2 0.9619576334953308 448 801 501 833 and
9 2 0.23941345512866974 504 801 532 831 S
9 2 0.9987327456474304 537 801 566 831 is
9 2 0.9999372959136963 569 799 617 833 the
9 2 0.9984533786773682 619 799 708 837 energy
9 2 0.992890477180481 712 799 835 831 difference
9 2 0.9998526573181152 876 792 928 825 ties
9 2 0.9999485015869141 929 794 962 822 in
9 2 0.999924898147583 967 794 1012 822 the
9 2 0.757160484790802 1016 797 1074 822 case
9 2 0.9994329810142517 1077 792 1110 822 of
9 2 0.31703442335128784 1110 784 1329 831 "Lao--Sr.Cu0,"","
9 2 0.9982775449752808 1346 792 1417 827 Here,
9 2 0.83757084608078 1422 797 1464 825 we
9 2 0.9996199607849121 1465 792 1529 825 wish
9 2 0.9999433755874634 1533 794 1565 822 to
9 3 0.9971067309379578 147 831 254 863 between
9 3 0.999958872795105 258 833 303 861 the
9 3 0.9874902367591858 307 829 426 867 incoming
9 3 0.9996737241744995 429 831 484 865 and
9 3 0.9996892213821411 488 831 604 863 scattered
9 3 0.8163849115371704 612 833 720 865 photons.
9 3 0.9986429810523987 740 833 833 865 Experi-
9 3 0.8740612864494324 876 827 986 859 compare
9 3 0.9999947547912598 987 827 1032 855 the
9 3 0.6532774567604065 1034 827 1190 859 temperature
9 3 0.9746100306510925 1191 825 1338 857 dependence
9 3 0.9336165189743042 1338 825 1369 855 of
9 3 0.9999819993972778 1369 827 1417 857 the
9 3 0.9892071485519409 1416 825 1565 855 fluctuations
9 4 0.9296547770500183 147 865 262 898 mentally,
9 4 0.9998531341552734 268 867 332 900 pure
9 4 0.9441221952438354 333 865 478 898 symmetries
9 4 0.9907459020614624 481 865 532 898 can
9 4 0.999840497970581 534 861 574 895 be
9 4 0.975257158279419 577 865 685 891 obtained
9 4 0.8660398125648499 692 861 757 895 from
9 4 0.9988872408866882 758 863 836 895 linear
9 4 0.9994661211967468 876 857 913 889 to
9 4 0.9979791045188904 911 859 937 887 a
9 4 0.9965292811393738 937 855 1074 887 theoretical
9 4 0.5738640427589417 1079 857 1208 889 prediction
9 4 0.995701253414154 1210 852 1263 887 and
9 4 0.9993031024932861 1266 855 1331 887 have
9 4 0.9998573064804077 1334 857 1367 887 to
9 4 0.9997653365135193 1371 857 1474 889 improve
9 4 0.9981124401092529 1477 861 1514 887 on
9 4 0.9999598264694214 1520 857 1563 885 the
9 5 0.9639148712158203 146 895 312 928 combinations
9 5 0.9848880767822266 318 895 351 925 of
9 5 0.9999854564666748 355 898 403 928 the
9 5 0.9590013027191162 408 900 517 932 response
9 5 0.9463903307914734 524 900 640 925 measured
9 5 0.9982727766036987 649 898 682 928 at
9 5 0.9957212209701538 687 900 833 930 appropriate
9 5 0.9961937665939331 876 887 1022 919 subtraction
9 5 0.9874765276908875 1024 887 1055 917 of
9 5 0.9999396800994873 1057 889 1102 917 the
9 5 0.9913526177406311 1105 887 1246 917 continuum.
9 5 0.9998728036880493 1255 885 1294 919 To
9 5 0.9996823072433472 1296 885 1349 919 this
9 5 0.5063080191612244 1351 885 1402 919 end
9 5 0.9994755387306213 1406 891 1444 917 we
9 5 0.9981854557991028 1445 887 1519 919 make
9 5 0.9999706745147705 1520 889 1565 917 the
9 6 0.8737193942070007 146 928 308 960 polarizations
9 6 0.9995163679122925 312 928 345 958 of
9 6 0.9989972710609436 346 925 395 960 the
9 6 0.9642633199691772 396 925 516 964 incoming
9 6 0.9947096109390259 517 925 572 960 and
9 6 0.9932593703269958 576 930 690 956 scattered
9 6 0.9657801389694214 700 932 800 958 photons
9 6 0.35507094860076904 803 925 836 964 êi
9 6 0.9864324927330017 874 917 1002 956 analytical
9 6 0.8752025365829468 1001 917 1196 956 phenomenology
9 6 0.9994902610778809 1193 917 1235 951 for
9 6 0.6807901859283447 1231 917 1279 951 the
9 6 0.9732227921485901 1278 915 1331 960 Big
9 6 0.9991838335990906 1329 919 1464 951 continuum
9 6 0.999257504940033 1462 921 1563 953 temper-
9 7 0.9999052286148071 175 992 224 1022 For
9 7 0.9950268864631653 229 992 366 1022 illustration
9 7 0.9983662962913513 373 994 484 1026 purposes
9 7 0.9999359846115112 493 992 537 1020 the
9 7 0.9982056617736816 544 990 660 1022 fermionic
9 7 0.9999034404754639 665 988 727 1029 loop
9 7 0.7863624095916748 730 990 752 1022 0
9 7 0.9998852014541626 757 990 783 1022 is
9 7 0.9999090433120728 788 994 836 1029 ap-
9 7 0.9997531771659851 876 981 941 1014 This
9 7 0.8814443349838257 944 988 1020 1014 seems
9 7 0.99788898229599 1027 986 1125 1011 sensible
9 7 0.9998810291290283 1130 983 1198 1016 since
9 7 0.9999657869338989 1203 986 1248 1014 the
9 7 0.8471667766571045 1255 986 1442 1018 proportionality
9 7 0.9992511868476868 1450 986 1519 1011 holds
9 7 0.9952085614204407 1524 983 1563 1011 for
9 8 0.998250424861908 147 1024 290 1057 proximated
9 8 0.9999394416809082 297 1024 328 1054 in
9 8 0.9999904632568359 335 1024 380 1052 the
9 8 0.866270124912262 386 1024 493 1057 hot-spot
9 8 0.8781142830848694 501 1024 688 1057 approximation.
9 8 0.9766889810562134 712 1024 835 1057 Hot-spots
9 8 0.9991685152053833 876 1014 924 1048 the
9 8 0.8463939428329468 928 1011 982 1057 Aig
9 8 0.9997949004173279 986 1016 1074 1048 results
9 8 0.9999845027923584 1079 1018 1108 1046 in
9 8 0.9995948672294617 1115 1018 1163 1048 the
9 8 0.9933798313140869 1167 1018 1241 1044 entire
9 8 0.7615898251533508 1248 1018 1404 1050 temperature
9 8 0.9997357726097107 1409 1018 1484 1050 range
9 8 0.999956488609314 1490 1018 1563 1044 above
9 9 0.9984418749809265 146 1061 190 1087 are
9 9 0.9994339346885681 192 1057 283 1089 regions
9 9 0.9991661310195923 282 1052 317 1089 in
9 9 0.9930247068405151 315 1057 459 1087 momentum
9 9 0.9994006156921387 458 1059 532 1091 space
9 9 0.9999566078186035 532 1054 610 1087 where
9 9 0.9999560117721558 610 1054 674 1087 both
9 9 0.987235963344574 674 1054 700 1087 k
9 9 0.9996016621589661 698 1054 752 1087 and
9 9 0.9973913431167603 753 1057 776 1087 k
9 9 0.4390347898006439 771 1052 835 1093 qc
9 9 0.6663270592689514 874 1044 954 1084 TsDw
9 9 0.9997896552085876 954 1046 1009 1080 and
9 9 0.9988364577293396 1011 1044 1052 1078 for
9 9 0.9999884366989136 1055 1048 1104 1078 the
9 9 0.8141016960144043 1105 1044 1158 1087 Big
9 9 0.9942834973335266 1158 1048 1255 1080 spectra
9 9 0.9997565150260925 1256 1046 1334 1078 above
9 9 0.3479504883289337 1334 1041 1382 1087 Tr-
9 9 0.9566560387611389 1391 1046 1447 1084 Fig.
9 9 0.9999903440475464 1450 1046 1482 1076 11
9 9 0.9998364448547363 1487 1046 1565 1078 shows
9 10 0.9907873272895813 144 1084 184 1119 lie
9 10 0.9998799562454224 185 1089 224 1117 on
9 10 0.9999277591705322 227 1084 275 1119 the
9 10 0.9921058416366577 280 1089 355 1115 Fermi
9 10 0.9634480476379395 360 1087 453 1119 surface
9 10 0.8539741039276123 458 1082 516 1125 [Fig
9 10 0.5466302037239075 517 1084 607 1123 10(b)].
9 10 0.998946487903595 624 1087 695 1119 Since
9 10 0.9999533891677856 700 1089 745 1117 the
9 10 0.9997517466545105 750 1087 810 1121 loop
9 10 0.9770620465278625 811 1087 835 1119 0
9 10 0.9999918937683105 878 1080 923 1108 the
9 10 0.9999357461929321 926 1080 996 1112 steps
9 10 0.9996559619903564 997 1078 1050 1110 and
9 10 0.9795916676521301 1057 1080 1138 1106 checks
9 10 0.9992451667785645 1142 1080 1265 1112 necessary
9 10 0.9971188306808472 1268 1076 1309 1110 for
9 10 0.9999245405197144 1314 1080 1359 1108 the
9 10 0.9884600639343262 1364 1080 1497 1112 procedure.
9 10 0.9621617197990417 1510 1076 1567 1110 The
10 0 0.9992952346801758 146 958 199 992 and
10 0 0.49192655086517334 200 962 234 992 es.
11 0 0.9949892163276672 876 951 949 983 ature
11 0 0.9942066669464111 951 949 1084 988 dependent
11 0 0.9998393058776855 1084 951 1115 981 in
11 0 0.9997020363807678 1117 956 1142 983 a
11 0 0.9984694123268127 1140 953 1196 988 way
11 0 0.9999421834945679 1198 949 1256 983 that
11 0 0.9923151135444641 1258 951 1334 986 yields
11 0 0.35923659801483154 1338 949 1460 990 To,B16(T)
11 0 0.860132098197937 1465 953 1494 983 X
11 0 0.6509822010993958 1495 951 1563 986 p(T).
12 0 0.9999276399612427 147 1121 252 1147 contains
12 0 0.9999973773956299 258 1117 307 1151 the
12 0 0.9798265695571899 313 1121 439 1153 symmetry
12 0 0.9990476965904236 449 1121 524 1147 factor
12 0 0.5251652598381042 531 1119 592 1153 (k)
12 0 0.9968337416648865 602 1119 697 1151 linearly
12 0 0.9990378618240356 703 1119 783 1151 inside
12 0 0.999453604221344 788 1117 836 1151 the
12 0 0.9859685897827148 874 1108 1002 1147 analytical
12 0 0.9998884201049805 1006 1112 1108 1138 function
12 0 0.9979891777038574 1112 1110 1173 1142 used
12 0 0.9988633394241333 1175 1110 1246 1142 reads
13 0 0.9944721460342407 146 1151 290 1181 momentum
13 0 0.998863935470581 295 1151 391 1183 integral
13 0 0.9998143315315247 396 1149 444 1183 the
13 0 0.8237811326980591 444 1151 504 1185 sign
13 0 0.9997888207435608 504 1151 537 1181 of
13 0 0.6529979109764099 539 1151 600 1185 y(k)
13 0 0.9996191263198853 602 1147 634 1185 is
13 0 0.9976636171340942 637 1153 728 1179 crucial.
13 0 0.9999709129333496 745 1151 771 1181 If
13 0 0.6477257609367371 770 1151 833 1185 7(k)
13 1 0.9996843338012695 146 1181 249 1220 changes
13 1 0.9932356476783752 254 1183 312 1218 sign
13 1 0.9997288584709167 318 1181 361 1216 for
13 1 0.9979448914527893 368 1181 474 1213 different
13 1 0.9999427795410156 481 1181 532 1216 hot
13 1 0.9996645450592041 537 1185 610 1218 spots
13 1 0.9969810843467712 619 1185 742 1211 connected
13 1 0.9998395442962646 752 1181 790 1218 by
13 1 0.8718976974487305 798 1188 835 1220 dc
13 2 0.9533522129058838 147 1209 212 1252 (Fig.
13 2 0.9680224061012268 215 1213 293 1248 10(c),
13 2 0.9195817708969116 297 1213 346 1250 (d),
13 2 0.9632648229598999 346 1213 398 1248 and
13 2 0.7960755825042725 401 1213 441 1250 (e)
13 2 0.9997623562812805 443 1213 484 1250 for
13 2 0.461372435092926 483 1211 544 1254 Aigs
13 2 0.2445821464061737 549 1211 610 1254 Bign
13 2 0.5287310481071472 615 1211 675 1254 B2gs
13 2 0.9957242012023926 679 1218 831 1248 respectively)
13 3 0.9997368454933167 147 1246 219 1278 there
13 3 0.9887943863868713 220 1243 272 1278 will
13 3 0.9997146725654602 277 1248 313 1276 be
13 3 0.9998095631599426 318 1248 363 1276 full
13 3 0.9986644983291626 368 1250 403 1278 or
13 3 0.9970446228981018 408 1248 493 1280 partial
13 3 0.9990886449813843 499 1246 642 1278 cancelation
13 3 0.9972571730613708 647 1246 732 1278 within
13 3 0.8666313886642456 737 1246 765 1276 0.
13 3 0.5297194719314575 780 1246 835 1278 Full
13 4 0.9875136017799377 146 1278 288 1310 cancelation
13 4 0.9992606043815613 288 1278 317 1310 is
13 4 0.9909393787384033 317 1280 426 1306 observed
13 4 0.9945914149284363 428 1276 469 1310 for
13 4 0.999996542930603 471 1280 516 1308 the
13 4 0.9889101982116699 516 1278 572 1310 first
13 4 0.9983636736869812 571 1278 624 1312 two
13 4 0.8916040062904358 624 1278 685 1312 (and
13 4 0.9597251415252686 687 1278 742 1310 also
13 4 0.9974614381790161 742 1280 831 1312 higher)
13 5 0.9999417066574097 146 1312 227 1338 orders
13 5 0.9914649128913879 232 1310 263 1340 of
13 5 0.750251829624176 265 1306 318 1351 Bzg
13 5 0.8861212134361267 322 1312 448 1344 symmetry
13 5 0.7851890921592712 454 1306 516 1349 [Fig.
13 5 0.9969992637634277 522 1312 556 1342 10
13 5 0.6841104626655579 542 1306 607 1347 (e)].
13 5 0.9998262524604797 619 1310 652 1340 In
13 5 0.9910516738891602 654 1308 768 1347 contrast,
13 5 0.8273566365242004 773 1310 833 1344 7(k)
13 6 0.9874750971794128 146 1368 200 1413 Big
13 6 0.998389482498169 199 1370 307 1409 channel.
13 6 0.9913823008537292 313 1372 488 1411 Consequently,
13 6 0.9997147917747498 489 1370 524 1409 in
13 6 0.9772945642471313 524 1370 576 1413 Big
13 6 0.9996540546417236 577 1372 630 1407 and
13 6 0.5811910033226013 634 1370 685 1413 B2g
13 6 0.9998434782028198 685 1370 733 1405 the
13 6 0.9886244535446167 737 1372 835 1405 fluctua-
13 7 0.9997230172157288 146 1405 214 1437 tions
13 7 0.9901235699653625 214 1409 258 1435 are
13 7 0.7588533759117126 260 1405 355 1437 Raman
13 7 0.9972142577171326 355 1405 434 1437 active
13 7 0.9989257454872131 436 1402 488 1437 and
13 7 0.9994524121284485 488 1402 599 1441 inactive,
13 7 0.9928217530250549 602 1407 752 1439 respectively.
14 0 0.468673437833786 947 1213 1095 1261 Xcom(a,T)
14 0 0.9907628893852234 1089 1222 1118 1252 =
14 0 0.6113133430480957 1120 1218 1163 1254 [a1
14 0 0.9993996620178223 1163 1222 1193 1252 +
14 0 0.39614203572273254 1188 1220 1228 1254 a2
14 0 0.47375205159187317 1236 1216 1338 1254 Ttanh
14 0 0.3003990054130554 1384 1200 1409 1235 S
15 0 0.2880915403366089 1333 1196 1494 1293 (ra)+
15 1 0.7874740958213806 1319 1282 1348 1312 2
15 2 0.2788817584514618 1258 1284 1394 1368 (ion)
16 0 0.5623933672904968 1120 1297 1162 1340 [B1
16 0 0.5476282835006714 1157 1289 1284 1344 +82-71(
17 0 0.9994198083877563 1504 1297 1565 1338 (E1)
18 0 0.9998507499694824 146 1340 209 1372 does
18 0 0.9999485015869141 214 1344 258 1372 not
18 0 0.999966025352478 265 1342 355 1375 change
19 0 0.9997445940971375 421 1344 499 1370 across
19 0 0.8774601221084595 504 1340 610 1372 different
20 0 0.9992781281471252 743 1342 783 1370 for
20 0 0.9999655485153198 790 1342 835 1370 the
21 0 0.9965708255767822 358 1342 416 1377 sign
22 0 0.6018896102905273 617 1340 738 1379 hot-spots
23 0 0.9997562766075134 906 1400 981 1426 which
23 0 0.9999217987060547 986 1398 1062 1433 obeys
23 0 0.37572354078292847 1059 1387 1230 1443 Xon(-2,T)
23 0 0.7303807139396667 1228 1402 1258 1430 
23 0 0.2918740212917328 1256 1394 1389 1441 -Xome(2,
23 0 0.9834365844726562 1382 1400 1419 1433 T)
23 0 0.9958741068840027 1422 1402 1457 1430 as
23 0 0.5551109910011292 1457 1400 1563 1433 required
24 0 0.9999830722808838 174 1435 230 1469 The
24 0 0.6125879883766174 234 1435 288 1478 Aig
24 0 0.9908998012542725 293 1439 420 1471 symmetry
24 0 0.9977242350578308 425 1437 453 1469 is
24 0 0.9905498623847961 458 1441 526 1467 more
24 0 0.9418427348136902 532 1439 680 1471 complicated
24 0 0.9999746084213257 688 1437 718 1467 in
24 0 0.9963253140449524 725 1437 785 1469 that
24 0 0.9999655485153198 790 1439 835 1467 the
24 0 0.9997451901435852 876 1430 916 1467 by
24 0 0.9918754696846008 914 1428 1035 1467 causality.
24 0 0.6176385283470154 1045 1433 1092 1469 a1,
24 0 0.3122260868549347 1095 1433 1142 1467 0r2,
24 0 0.9228605031967163 1143 1428 1178 1467 Bi
24 0 0.9986587762832642 1180 1430 1235 1463 and
24 0 0.8643694519996643 1236 1428 1273 1467 B2
24 0 0.9945706725120544 1276 1433 1371 1465 depend
24 0 0.9992620348930359 1374 1430 1434 1465 only
24 0 0.9997207522392273 1436 1435 1474 1460 on
24 0 0.9762657284736633 1477 1433 1565 1465 doping
24 1 0.9998124241828918 146 1467 202 1501 first
24 1 0.9980005621910095 202 1471 272 1497 order
24 1 0.9592593312263489 272 1469 434 1501 contribution,
24 1 0.98087078332901 434 1467 595 1506 proportional
24 1 0.9989416003227234 594 1471 627 1499 to
24 1 0.6532068848609924 624 1467 720 1506 cos(kz)
24 1 0.9687173366546631 708 1473 747 1501 +
24 1 0.7907665371894836 738 1467 833 1508 cos(ky)
24 1 0.2933790385723114 876 1467 908 1495 t.
24 1 0.967839241027832 914 1465 962 1495 For
24 1 0.3964272439479828 962 1465 987 1495 a
24 1 0.9941385984420776 991 1467 1014 1488 =
24 1 0.9999443292617798 1017 1460 1089 1493 0.025
24 1 0.9838882684707642 1089 1465 1130 1493 we
24 1 0.9951217770576477 1130 1463 1191 1495 used
24 1 0.7598748207092285 1195 1467 1228 1495 a1
24 1 0.4549770653247833 1236 1469 1260 1491 E
24 1 0.9997783303260803 1258 1458 1367 1497 0.82379,
24 1 0.8853649497032166 1369 1465 1409 1499 a2
24 1 0.7015366554260254 1411 1469 1437 1493 E
24 1 0.5754098892211914 1439 1463 1563 1495 -0.00138,
24 2 0.9109874367713928 149 1501 232 1536 upper
24 2 0.6730747818946838 237 1501 290 1533 rOW
24 2 0.9272067546844482 295 1497 330 1533 of
24 2 0.9992456436157227 333 1499 386 1536 Fig.
24 2 0.792641282081604 396 1499 484 1540 10(c)),
24 2 0.9969562292098999 493 1499 571 1531 would
24 2 0.9977937936782837 576 1497 617 1533 be
24 2 0.9987379908561707 620 1503 654 1531 as
24 2 0.9973644614219666 659 1503 743 1536 strong
24 2 0.9990491271018982 750 1503 783 1531 as
24 2 0.999885082244873 788 1499 836 1533 the
24 2 0.9823916554450989 876 1491 909 1531 Bi
24 2 0.9829624891281128 913 1497 942 1527 =
24 2 0.6845937967300415 944 1495 1069 1527 -0.00923,
24 2 0.9981821775436401 1072 1493 1125 1527 and
24 2 0.7813360095024109 1127 1493 1162 1529 B2
24 2 0.6106173396110535 1167 1501 1193 1525 -
24 2 0.9347767233848572 1193 1497 1296 1523 0.00028.
24 2 0.8536993861198425 1306 1495 1381 1529 To(T)
24 2 0.9984776377677917 1382 1495 1409 1527 is
24 2 0.9987866282463074 1411 1497 1436 1527 a
24 2 0.9648213982582092 1436 1495 1519 1529 fitting
24 2 0.9916329383850098 1520 1501 1563 1527 pa-
24 3 0.5193101167678833 147 1527 200 1572 Big
24 3 0.9984049201011658 200 1529 360 1568 contribution
24 3 0.7697991132736206 361 1529 425 1570 [Fig.
24 3 0.9836586117744446 429 1531 511 1566 10(d)]
24 3 0.9819886684417725 517 1531 620 1564 whereas
24 3 0.999997615814209 624 1533 669 1561 the
24 3 0.6979484558105469 672 1536 758 1561 second
24 3 0.9509947896003723 763 1531 835 1564 order
24 3 0.989042341709137 878 1529 977 1555 rameter
24 3 0.9997203946113586 982 1525 1040 1557 that
24 3 0.9999538660049438 1042 1525 1070 1557 is
24 3 0.9952399730682373 1072 1525 1173 1557 selected
24 3 0.9999686479568481 1175 1525 1208 1555 in
24 3 0.9997521042823792 1210 1533 1233 1555 a
24 3 0.9928225874900818 1235 1527 1291 1561 way
24 3 0.9997536540031433 1293 1525 1353 1557 that
24 3 0.9998834133148193 1356 1527 1401 1555 the
24 3 0.9324124455451965 1402 1525 1494 1557 inverse
24 3 0.9990822076797485 1495 1525 1565 1559 slope
24 4 0.8902890682220459 146 1564 302 1596 contribution
24 4 0.43159618973731995 303 1559 512 1604 (cos(k-)cos(*,))
24 4 0.9916860461235046 514 1561 609 1600 [second
24 4 0.9999806880950928 609 1564 662 1596 row
24 4 0.9950053095817566 662 1561 697 1598 of
24 4 0.9860554933547974 697 1564 750 1600 Fig.
24 4 0.8882745504379272 753 1561 835 1602 10(c)]
24 4 0.5951305627822876 878 1557 942 1591 Te(0,
24 4 0.9865723848342896 942 1559 979 1591 T)
24 4 0.9802004098892212 982 1557 1014 1587 of
24 4 0.3489544987678528 1014 1551 1155 1598 Xoom(S2,T)
24 4 0.9998699426651001 1158 1557 1248 1589 follows
24 4 0.9929167032241821 1248 1555 1296 1589 the
24 4 0.9975547194480896 1296 1559 1422 1591 resistivity
24 4 0.9935319423675537 1426 1557 1524 1596 (orange
24 4 0.9849315881729126 1525 1559 1563 1587 di-
24 5 0.9995527863502502 146 1596 225 1628 shows
24 5 0.7974653244018555 227 1596 375 1628 cancelation.
24 5 0.9999499320983887 381 1594 431 1628 For
24 5 0.9994943141937256 433 1598 551 1630 clarifying
24 5 0.9999921321868896 554 1598 599 1626 the
24 5 0.9700312614440918 600 1596 698 1628 relative
24 5 0.9600324630737305 700 1598 833 1630 magnitude
24 5 0.9931275844573975 878 1591 976 1617 amonds
24 5 0.9998922348022461 981 1589 1012 1619 in
24 5 0.99704509973526 1017 1589 1070 1626 Fig.
24 5 0.9995719790458679 1079 1589 1148 1624 11d).
24 5 0.999842643737793 1163 1589 1191 1619 If
24 5 0.9995201826095581 1191 1591 1216 1622 a
24 5 0.8664475083351135 1220 1591 1328 1617 constant
24 5 0.9737201929092407 1334 1589 1469 1619 continuum
24 5 0.9983066320419312 1472 1589 1500 1619 is
24 5 0.9668315052986145 1504 1591 1563 1617 used
24 6 0.9582435488700867 146 1628 177 1658 of
24 6 0.9997860789299011 179 1626 227 1660 the
24 6 0.9983464479446411 225 1628 280 1660 two
24 6 0.9595440030097961 282 1628 365 1660 orders
24 6 0.9951006770133972 365 1632 406 1658 we
24 6 0.9998090863227844 408 1626 508 1665 analyze
24 6 0.9999481439590454 511 1630 556 1658 the
24 6 0.9977611303329468 559 1630 662 1656 effective
24 6 0.9826311469078064 667 1632 733 1658 mass
24 6 0.9590571522712708 737 1630 833 1656 vertices
24 6 0.9710883498191833 876 1619 924 1654 the
24 6 0.9837914705276489 924 1622 1072 1652 fluctuations
24 6 0.9926450252532959 1075 1626 1123 1652 can
24 6 0.99257493019104 1125 1624 1160 1652 be
24 6 0.9928930401802063 1162 1624 1260 1650 isolated
24 6 0.9994387030601501 1261 1622 1294 1652 in
24 6 0.9998500347137451 1293 1626 1318 1654 a
24 6 0.9096688032150269 1318 1624 1474 1656 qualitatively
24 6 0.9797701835632324 1477 1624 1563 1650 similar
24 7 0.9999339580535889 146 1662 182 1690 on
24 7 0.9998503923416138 187 1660 230 1688 the
24 7 0.9991055130958557 234 1658 310 1690 Fermi
24 7 0.9966039657592773 313 1658 416 1690 surfaces
24 7 0.9810966849327087 418 1656 516 1695 (second
24 7 0.9928299784660339 517 1658 644 1690 derivative
24 7 0.9937617182731628 644 1662 679 1690 or
24 7 0.8405380249023438 680 1662 801 1688 curvature
24 7 0.9872525334358215 805 1660 836 1690 of
24 7 0.9835982918739319 878 1652 977 1684 fashion.
24 7 0.9999849796295166 987 1654 1104 1686 However,
24 7 0.9989287257194519 1108 1652 1155 1686 the
24 7 0.9963028430938721 1157 1652 1323 1690 experimental
24 7 0.9990370273590088 1324 1656 1386 1682 data
24 7 0.999990701675415 1389 1654 1421 1684 in
24 7 0.9227161407470703 1424 1652 1475 1688 Fig.
24 7 0.9996463060379028 1479 1654 1502 1684 2
24 7 0.9998602867126465 1505 1656 1563 1688 vary
24 8 0.9998887777328491 146 1755 214 1787 what
24 8 0.9623924493789673 212 1757 267 1789 was
24 8 0.6637174487113953 267 1757 381 1789 proposed
24 8 0.9999737739562988 381 1757 413 1785 in
24 8 0.9988613128662109 413 1753 469 1787 Ref.
24 8 0.9913588762283325 471 1757 512 1785 28.
24 8 0.9908678531646729 517 1753 574 1787 The
24 8 0.9999194145202637 572 1755 624 1787 last
24 8 0.9991633892059326 624 1759 675 1785 row
24 8 0.9958338737487793 675 1757 705 1785 of
24 8 0.9991787075996399 705 1753 758 1789 Fig.
24 8 0.9933207035064697 763 1755 833 1789 10(c)
24 8 0.9403302669525146 876 1750 1020 1783 accumulate
24 8 0.9930544495582581 1024 1748 1120 1787 rapidly
24 8 0.9996466636657715 1122 1748 1157 1785 in
24 8 0.580584704875946 1160 1748 1208 1783 the
24 8 0.9962922930717468 1213 1757 1319 1783 presence
24 8 0.9685349464416504 1324 1750 1356 1781 of
24 8 0.9998917579650879 1359 1748 1422 1783 twin
24 8 0.9918573498725891 1427 1750 1565 1781 boundaries
24 9 0.9999098777770996 147 1789 224 1815 shows
24 9 0.9999421834945679 224 1785 283 1819 that
24 9 0.9983280301094055 280 1785 330 1819 the
24 9 0.9989256262779236 328 1785 396 1817 band
24 9 0.9970905780792236 395 1787 529 1817 curvatures
24 9 0.9348163604736328 527 1785 707 1824 corresponding
24 9 0.9998229146003723 705 1789 737 1817 to
24 9 0.9997127652168274 737 1789 785 1819 the
24 9 0.6726259589195251 781 1785 835 1828 Aig
24 9 0.9999613761901855 878 1781 956 1813 where
24 9 0.9998074173927307 959 1783 1004 1811 the
24 9 0.5902160406112671 1004 1781 1099 1813 surface
24 9 0.840299665927887 1100 1785 1203 1811 assumes
24 9 0.9998679161071777 1205 1785 1230 1813 a
24 9 0.9957410097122192 1230 1787 1298 1813 more
24 9 0.9994016885757446 1299 1781 1367 1815 polar
24 9 0.9980096220970154 1371 1781 1495 1813 character.
24 9 0.9999606609344482 1504 1781 1565 1813 This
25 0 0.9997078776359558 147 1688 195 1723 the
25 0 0.9394546747207642 192 1688 258 1723 band
25 0 0.9754831790924072 258 1688 393 1727 structure),
25 0 0.9999394416809082 395 1690 453 1723 that
25 0 0.9390149116516113 453 1692 498 1720 are
25 0 0.999998927116394 498 1692 542 1720 the
25 0 0.9995939135551453 542 1690 600 1723 best
25 0 0.734728991985321 599 1688 796 1727 approximations
25 0 0.9980541467666626 793 1688 836 1723 for
25 0 0.9986773133277893 878 1690 944 1716 more
25 0 0.9991986155509949 947 1686 1025 1720 slowly
25 0 0.9782440662384033 1029 1684 1095 1718 close
25 0 0.99998939037323 1097 1686 1128 1716 to
25 0 0.4676736891269684 1128 1684 1172 1720 Ts
26 0 0.9996578693389893 146 1720 195 1755 the
26 0 0.9934762120246887 189 1720 323 1759 sensitivity
26 0 0.9999418258666992 325 1725 391 1759 away
26 0 0.8987425565719604 393 1723 458 1755 from
26 0 0.99774569272995 456 1725 600 1757 resonances,
26 0 0.9999874830245972 602 1725 632 1753 in
26 0 0.9997639060020447 632 1727 659 1755 a
26 0 0.9996434450149536 655 1725 710 1759 way
26 0 0.9424135684967041 713 1725 800 1750 similar
26 0 0.999967098236084 801 1725 835 1753 to
27 0 0.9898725748062134 904 1718 986 1750 Below
27 0 0.9112561941146851 984 1716 1019 1753 Ts
27 0 0.9996727705001831 1020 1716 1067 1750 the
27 0 0.986764669418335 1065 1718 1230 1748 uncertainties
27 0 0.9570028185844421 1230 1720 1331 1746 increase
27 0 0.9999158382415771 1333 1720 1397 1746 since
27 0 0.9988393187522888 1399 1720 1489 1746 surface
27 0 0.9999508857727051 1489 1718 1565 1753 layers
28 0 0.996698796749115 146 1819 230 1851 vertex
29 0 0.9993771910667419 876 1817 924 1843 can
29 0 0.9998722076416016 926 1811 966 1845 be
29 0 0.9893298745155334 962 1813 1024 1845 seen
29 0 0.9977676868438721 1024 1811 1127 1849 directly
29 0 0.9999639987945557 1125 1815 1157 1845 in
29 0 0.9785528182983398 1158 1813 1211 1849 Fig.
29 0 0.9384194016456604 1215 1815 1241 1845 6(
29 0 0.8043406009674072 1233 1813 1281 1847 (c).
30 0 0.9863343834877014 1055 1843 1190 1882 Appendix
30 0 0.9993385672569275 1191 1845 1225 1875 F:
30 0 0.7639349699020386 1228 1847 1311 1873 Initial
30 0 0.8098480105400085 1314 1845 1387 1879 slope
31 0 0.25834882259368896 302 1916 448 1963 7A1a(k)
31 0 0.4977128803730011 456 1897 544 1946 BPEik
31 0 0.9944244623184204 551 1918 577 1952 +
31 0 0.2735595405101776 587 1899 667 1942 OPEik
32 0 0.9938003420829773 771 1918 835 1959 (D2)
33 0 0.9999693632125854 904 1914 954 1948 For
33 0 0.9732849597930908 954 1916 1027 1950 being
33 0 0.999981164932251 1027 1918 1050 1948 a
33 0 0.997968852519989 1049 1916 1132 1948 causal
33 0 0.9700151681900024 1133 1918 1236 1944 function
33 0 0.9994445443153381 1238 1914 1286 1948 the
33 0 0.9980288147926331 1288 1918 1379 1944 Raman
33 0 0.6343888640403748 1382 1922 1490 1948 response
33 0 0.9971230626106262 1492 1916 1520 1946 is
33 0 0.9949856996536255 1520 1920 1563 1946 an-
33 1 0.9698180556297302 876 1946 1030 1985 tisymmetric
33 1 0.9998064637184143 1027 1948 1087 1983 and,
33 1 0.9998741149902344 1089 1952 1120 1980 as
33 1 0.9994803071022034 1118 1948 1178 1983 long
33 1 0.9997109770774841 1178 1950 1210 1980 as
33 1 0.9995813965797424 1211 1950 1278 1976 there
33 1 0.9993807077407837 1278 1948 1304 1978 is
33 1 0.9997486472129822 1304 1952 1341 1980 no
33 1 0.9995181560516357 1339 1950 1397 1985 gap,
33 1 0.9944579601287842 1399 1950 1472 1976 linear
33 1 0.9953951239585876 1474 1950 1562 1976 around
33 2 0.9996007084846497 876 1978 924 2013 the
33 2 0.9443408250808716 924 1980 1011 2017 origin.
33 2 0.999876856803894 1014 1980 1085 2013 Then
33 2 0.9689598679542542 1087 1980 1133 2017 Eq.
33 2 0.8484970927238464 1138 1980 1198 2015 (C1)
33 2 0.9977243542671204 1200 1980 1251 2013 can
33 2 0.9993258714675903 1253 1980 1289 2013 be
33 2 0.988881528377533 1288 1978 1465 2017 approximated
33 2 0.9998385906219482 1464 1985 1497 2010 as
34 0 0.26937270164489746 449 1937 546 1976 Okzoka
34 0 0.4883458614349365 581 1937 672 1978 Okyoky
