block line confidence X1 Y1 X2 Y2 token
0 0 0.9999067783355713 1543 77 1565 109 7
1 0 0.8536462783813477 904 184 999 216 Sectors
1 0 0.9999899864196777 1002 184 1065 219 with
1 0 0.9977108240127563 1069 186 1105 219 M
1 0 0.9730936288833618 1112 189 1140 216 =
1 0 0.9998167157173157 1142 184 1173 223 2,
1 0 0.974719226360321 1178 186 1215 219 M
1 0 0.8944123983383179 1223 193 1246 212 =
1 0 0.999434769153595 1253 184 1275 216 3
1 0 0.9483559131622314 1279 189 1324 216 are
1 0 0.9999377727508545 1328 184 1376 219 the
1 0 0.999854564666748 1377 184 1472 216 subsets
1 0 0.9890256524085999 1475 182 1510 219 of
1 0 0.9818428158760071 1512 186 1563 219 dia-
1 1 0.9334151148796082 876 221 957 255 grams
1 1 0.9999399185180664 961 216 1024 251 with
1 1 0.9997010231018066 1025 219 1082 253 2,3,
1 1 0.989560604095459 1122 219 1291 251 cross-sections
1 1 0.9999418258666992 1296 219 1328 249 in
1 1 0.999931812286377 1331 216 1407 249 which
1 1 0.9918249249458313 1412 223 1452 249 we
1 1 0.999222993850708 1454 219 1515 253 split
1 1 0.9999916553497314 1519 216 1565 251 the
1 2 0.999806821346283 876 251 946 285 poles
1 2 0.9585509300231934 944 247 979 283 of
1 2 0.999950647354126 977 251 1022 279 the
1 2 0.9964669942855835 1024 249 1120 281 Green's
1 2 0.9994685053825378 1122 249 1240 281 functions
1 2 0.9999815225601196 1240 249 1301 283 with
1 2 0.966246485710144 1299 247 1372 287 equal
1 2 0.9821390509605408 1372 249 1514 287 frequencies
1 2 0.9974818825721741 1512 251 1565 283 and
1 3 0.9988709092140198 878 285 996 311 momenta
1 3 0.9821297526359558 1002 283 1123 315 separated
1 3 0.9999449253082275 1128 281 1168 317 by
1 3 0.5457220673561096 1172 285 1201 315 q.
1 3 0.9995710253715515 1220 281 1253 311 In
1 3 0.9999954700469971 1256 279 1306 313 the
1 3 0.9852050542831421 1308 281 1479 313 cross-sections
1 3 0.9998733997344971 1484 281 1514 311 in
1 3 0.9564881920814514 1520 283 1563 311 be-
1 4 0.5387465953826904 878 317 954 343 tween
1 4 0.9999974966049194 961 315 1006 341 the
1 4 0.9933196306228638 1012 315 1112 341 selected
1 4 0.9995521903038025 1117 313 1180 345 ones
1 4 0.4601882994174957 1185 311 1346 350 G(k,WE)G(k
1 4 0.9999297857284546 1348 315 1374 345 +
1 4 0.3782121539115906 1376 311 1454 352 q.Wk)
1 4 0.99983811378479 1460 313 1489 345 is
1 4 0.9991422891616821 1494 315 1565 348 again
1 5 0.8958785533905029 874 343 1052 382 approximated
1 5 0.999990701675415 1054 343 1092 382 by
1 5 0.41957327723503113 1094 339 1172 382 G2(k,
1 5 0.47096943855285645 1165 341 1225 382 Wk).
1 5 0.9998654127120972 1233 343 1291 378 The
1 5 0.9936059713363647 1293 345 1449 375 contribution
1 5 0.7346373200416565 1454 348 1515 373 from
1 5 0.9999560117721558 1520 348 1563 373 the
1 6 0.9989162683486938 878 378 911 408 M
1 6 0.996669590473175 919 382 942 403 =
1 6 0.9998561143875122 947 375 969 410 2
1 6 0.9998445510864258 972 382 1049 408 sector
1 6 0.9998193383216858 1052 378 1080 410 is
1 6 0.9995517134666443 1080 375 1230 414 represented
1 6 0.9999126195907593 1230 378 1268 414 by
1 6 0.9999171495437622 1270 375 1318 410 the
1 6 0.9998037219047546 1319 375 1422 408 skeleton
1 6 0.9901276230812073 1424 375 1533 414 diagram
1 6 0.9998158812522888 1533 380 1565 408 in
1 7 0.9616411328315735 878 408 929 444 Fig.
1 7 0.9623936414718628 946 408 972 442 5
1 7 0.9990713596343994 976 410 1067 442 labeled
1 7 0.9999496936798096 1075 410 1107 440 M
1 7 0.6685237288475037 1120 416 1143 436 =
1 7 0.9998076558113098 1153 410 1180 440 2.
1 7 0.999984622001648 1198 410 1226 440 It
1 7 0.9920670986175537 1231 412 1336 438 contains
1 7 0.6803960204124451 1343 406 1406 446 fully
1 7 0.9580262303352356 1411 408 1505 440 dressed
1 7 0.9981762170791626 1510 408 1565 440 side
1 8 0.999189555644989 878 446 976 479 vertices
1 8 0.32154223322868347 971 429 1044 489 AFol
1 8 0.999517560005188 1042 444 1095 479 and
1 8 0.9996689558029175 1094 449 1117 479 a
1 8 0.9985907673835754 1113 442 1180 483 fully
1 8 0.8632336258888245 1180 449 1273 474 dressed
1 8 0.9121876358985901 1271 444 1492 483 anti-symmetrized
1 8 0.9997460246086121 1492 449 1563 474 static
1 9 0.9986086487770081 876 479 1016 509 interaction
1 9 0.996630847454071 1020 481 1122 507 between
1 9 0.9976409673690796 1128 481 1235 507 fermions
1 9 0.9995625615119934 1240 487 1275 507 on
1 9 0.9999655485153198 1276 476 1326 511 the
1 9 0.5401644706726074 1326 476 1376 511 FS.
1 9 0.9926930665969849 1379 476 1437 509 One
1 9 0.9994497895240784 1439 483 1489 509 can
1 9 0.9996057152748108 1489 479 1563 511 easily
2 0 0.9999358654022217 522 281 546 302 M
2 0 0.9970525503158569 547 281 571 302 =
2 0 0.9994184970855713 571 281 589 302 0
2 1 0.9294766783714294 567 367 584 386 T
2 2 0.9999948740005493 547 442 574 470 M
2 2 0.9098925590515137 577 446 599 468 -
2 2 0.9966112971305847 597 444 615 468 2
3 0 0.9998270869255066 255 442 280 470 M
3 0 0.739109456539154 283 446 303 466 -
4 0 0.9171586036682129 147 517 204 550 FIG.
4 0 0.9943825006484985 212 519 239 550 5.
4 0 0.9975023865699768 257 517 310 550 The
4 0 0.9985073208808899 313 517 391 550 ladder
4 0 0.9961559176445007 398 522 464 547 series
4 0 0.8755025863647461 469 517 499 550 of
4 0 0.9960951209068298 504 519 610 552 diagrams
4 0 0.9974303841590881 617 519 655 547 for
4 0 0.9999710321426392 662 519 705 547 the
4 0 0.9960190653800964 710 522 778 547 static
4 0 0.9883431792259216 783 524 835 550 sus-
4 0 0.9983536005020142 878 509 952 543 verify
4 0 0.9970446228981018 957 509 1017 541 that
4 0 0.9932454228401184 1022 509 1077 541 this
4 0 0.9914007782936096 1080 509 1216 541 interaction
4 0 0.9997120499610901 1223 513 1324 545 appears
4 0 0.999988317489624 1329 507 1391 541 with
4 0 0.9998019337654114 1399 511 1444 539 the
4 0 0.9995342493057251 1449 511 1563 543 prefactor
4 1 0.9922465085983276 144 550 267 588 ceptibility
4 1 0.24463078379631042 268 539 338 592 XF.
4 1 0.9998729228973389 360 550 413 584 The
4 1 0.6131570339202881 418 552 484 584 exact
4 1 0.5898844003677368 491 556 522 586 XL
4 1 0.9995071887969971 527 552 556 584 is
4 1 0.9990047812461853 561 552 697 584 represented
4 1 0.9996163845062256 702 556 735 584 as
4 1 0.999672532081604 738 554 765 584 a
4 1 0.999286949634552 765 552 836 584 series
4 1 0.4515690207481384 876 532 1024 580 T(m*/m),
4 1 0.9943723678588867 1027 541 1079 577 i.e.,
4 1 0.99959796667099 1085 543 1133 573 the
4 1 0.979215681552887 1135 541 1208 573 extra
4 1 0.9999408721923828 1213 543 1288 569 factor
4 1 0.9999673366546631 1294 541 1324 571 in
4 1 0.9998212456703186 1329 539 1377 573 the
4 1 0.9994320273399353 1384 541 1417 571 M
4 1 0.8950154185295105 1424 543 1454 569 =
4 1 0.9999256134033203 1460 543 1479 569 2
4 1 0.9994930028915405 1485 541 1565 573 sector
4 2 0.9996241331100464 147 582 182 610 M
4 2 0.7801353335380554 184 588 205 608 =
4 2 0.9959165453910828 209 584 234 612 0,
4 2 0.9996525049209595 232 580 283 612 1,2,
4 2 0.9521951675415039 315 582 346 612 of
4 2 0.9997798800468445 340 580 436 612 bubbles
4 2 0.9968390464782715 433 582 552 614 comprised
4 2 0.9904600381851196 552 582 582 610 of
4 2 0.9986743927001953 577 580 655 612 Green'
4 2 0.8276494741439819 645 582 670 610 's
4 2 0.9922356009483337 670 580 780 612 functions
4 2 0.9999802112579346 776 580 835 612 with
4 2 0.9955044388771057 878 575 1001 608 compared
4 2 0.9999237060546875 1002 575 1035 603 to
4 2 0.9971112012863159 1037 573 1074 605 M
4 2 0.9740697741508484 1077 577 1104 601 =
4 2 0.9993993043899536 1105 575 1122 601 1
4 2 0.9997562766075134 1125 573 1152 603 is
4 2 0.998936116695404 1153 571 1200 605 the
4 2 0.9992966651916504 1201 573 1301 605 product
4 2 0.9842101335525513 1304 573 1336 603 of
4 2 0.5666793584823608 1336 575 1386 610 X1,0
4 2 0.9994935989379883 1386 573 1439 605 and
4 2 0.9997890591621399 1442 575 1487 603 the
4 2 0.9986237287521362 1489 577 1562 603 corre-
4 3 0.993333637714386 146 610 212 644 poles
4 3 0.9998655319213867 210 614 247 642 on
4 3 0.9997296929359436 247 612 348 644 opposite
4 3 0.9614746570587158 351 612 426 638 halves
4 3 0.9980478286743164 426 610 458 640 of
4 3 0.9977732300758362 458 612 499 640 the
4 3 0.9913938641548157 499 608 602 646 complex
4 3 0.9949234127998352 600 608 718 646 frequency
4 3 0.9973884224891663 718 610 791 644 plane,
4 3 0.9656050801277161 793 612 835 640 i.e.
4 3 0.9799625873565674 874 603 994 642 sponding
4 3 0.9910887479782104 994 608 1132 640 component
4 3 0.9702995419502258 1135 605 1167 635 of
4 3 0.999968409538269 1165 603 1213 638 the
4 3 0.9994235038757324 1215 608 1309 633 Landau
4 3 0.8345696330070496 1313 603 1426 635 function.
4 3 0.9991655349731445 1434 605 1509 640 Using
4 3 0.832570493221283 1515 608 1540 635 2:
5 0 0.9997490048408508 146 638 222 670 whose
5 0 0.8946304321289062 220 640 378 670 contributions
5 0 0.999817430973053 376 644 420 670 are
5 0 0.9983673691749573 420 640 537 672 computed
5 0 0.9975817203521729 537 638 600 670 close
5 0 0.9998254179954529 599 640 630 670 to
5 0 0.9999611377716064 630 640 674 668 the
5 0 0.9890887141227722 674 635 720 670 FS.
5 1 0.9998156428337097 144 736 205 777 pole
5 1 0.9805852770805359 205 739 258 771 and
5 1 0.9999257326126099 257 741 280 771 a
5 1 0.999902606010437 283 741 370 766 branch
5 1 0.7731212377548218 371 739 426 771 cut.
5 1 0.9994370341300964 431 739 458 771 A
5 1 0.999651312828064 458 736 519 777 pole
5 1 0.998261034488678 517 739 569 771 can
5 1 0.9964122176170349 571 739 607 771 be
5 1 0.998583197593689 605 739 705 771 avoided
5 1 0.9999247789382935 705 736 745 775 by
5 1 0.9235547184944153 743 736 836 775 closing
5 2 0.9997633099555969 146 769 194 803 the
5 2 0.998245358467102 189 769 332 807 integration
5 2 0.9994677901268005 330 771 428 803 contour
5 2 0.9999744892120361 428 771 458 801 in
5 2 0.999737560749054 458 771 506 805 the
5 2 0.9996339082717896 501 769 652 807 appropriate
5 3 0.9957137107849121 146 801 227 842 plane,
5 3 0.9022616147994995 225 801 275 835 but
5 3 0.9999065399169922 275 803 320 831 the
5 3 0.500387966632843 322 805 408 831 branch
5 3 0.999962329864502 410 805 453 833 cut
5 3 0.9995108842849731 453 803 481 833 is
5 3 0.9983118772506714 479 803 637 835 unavoidable,
5 3 0.9993403553962708 637 803 690 835 and
5 3 0.9999523162841797 688 805 725 833 its
5 3 0.8778343796730042 728 809 833 835 presence
5 4 0.8410954475402832 149 837 240 863 renders
5 4 0.9994733929634094 249 835 292 863 the
5 4 0.9590076804161072 297 833 420 872 frequency
5 4 0.9994847774505615 425 833 524 872 integral
5 4 0.9970576763153076 529 833 605 865 finite.
5 4 0.9996126294136047 619 833 690 865 Since
5 4 0.9999796152114868 693 833 763 865 there
5 4 0.9986186027526855 766 835 795 865 is
5 4 0.9015905857086182 800 840 835 865 no
5 5 0.9922518134117126 147 867 258 900 splitting,
5 5 0.9998741149902344 267 865 368 898 relevant
5 5 0.9976021647453308 375 865 494 898 fermionic
5 5 0.9094700813293457 496 867 537 902 Wk
5 5 0.999534010887146 539 865 592 898 and
5 5 0.9999819993972778 597 865 622 898 k
5 5 0.9968140721321106 625 870 674 900 are
5 5 0.998810887336731 677 870 723 895 not
5 5 0.9902746677398682 727 865 833 898 confined
6 0 0.9935908317565918 876 640 918 668 we
6 0 0.5555081367492676 918 638 979 670 then
6 0 0.9998155236244202 982 640 1064 666 obtain
6 1 0.6323606371879578 1090 749 1122 790 =
6 2 0.2469102293252945 969 736 1094 803 +x00e2
6 3 0.1706646978855133 886 736 987 805 ARer
6 4 0.29437780380249023 1118 736 1233 803 (2A90)
7 0 0.9981018900871277 1231 741 1248 762 2
7 0 0.9941617846488953 1251 736 1294 771 m*
7 0 0.938003659248352 1303 745 1354 779 c(s)
7 1 0.5714046955108643 1293 762 1346 799 X1,0
7 2 0.9948647618293762 1510 756 1563 790 (29)
7 3 0.16809611022472382 1412 739 1495 799 Pta)
7 4 0.7269190549850464 1349 743 1427 801 (1-
7 5 0.9982256293296814 1258 779 1289 807 m
8 0 0.9758791923522949 771 771 833 803 half-
8 1 0.7158425450325012 649 769 773 807 frequency
9 0 0.9994434714317322 906 865 964 900 (the
9 0 0.9999004602432251 967 865 1049 898 minus
9 0 0.9904338121414185 1050 863 1110 904 sign
9 0 0.5612823367118835 1117 872 1195 895 comes
9 0 0.830687403678894 1201 865 1266 898 from
9 0 0.9997661709785461 1271 863 1321 898 the
9 0 0.9922122955322266 1326 865 1424 898 number
9 0 0.9988497495651245 1427 863 1462 900 of
9 0 0.9942112565040588 1469 867 1563 893 fermion
10 0 0.999794065952301 146 900 179 930 to
10 0 0.9998446702957153 179 895 227 930 the
10 0 0.9999706745147705 227 895 268 930 FS
10 0 0.9968734383583069 267 898 322 930 and
10 0 0.9999746084213257 322 902 366 930 are
10 0 0.9995630383491516 368 900 481 932 generally
10 0 0.9987491369247437 483 895 517 932 of
10 0 0.806184709072113 516 898 587 930 order
10 0 0.868847131729126 591 898 634 932 Er
10 0 0.9266096353530884 635 895 680 932 (or
10 0 0.9899368286132812 679 895 835 934 bandwidth).
10 0 0.9146184921264648 874 895 996 934 bubbles.)
10 0 0.9993550181388855 1001 898 1025 930 A
10 0 0.9922502040863037 1029 898 1112 932 simple
10 0 0.8338676691055298 1112 895 1271 934 bookkeeping
10 0 0.9997888207435608 1270 900 1371 932 analysis
10 0 0.998456597328186 1371 898 1450 930 shows
10 0 0.9999256134033203 1449 898 1509 930 that
10 0 0.9306150674819946 1507 902 1562 928 con-
10 1 0.9994723200798035 149 932 263 958 Fermions
10 1 0.9991820454597473 263 932 293 960 at
10 1 0.9838261008262634 292 930 355 962 such
10 1 0.9997671246528625 351 928 415 968 high
10 1 0.9997703433036804 413 932 516 964 energies
10 1 0.9999750852584839 516 930 577 962 have
10 1 0.9998618364334106 577 934 597 958 a
10 1 0.9993846416473389 597 932 665 958 finite
10 1 0.8778189420700073 664 928 785 966 damping,
10 1 0.6904059052467346 783 930 835 964 i.e.,
10 1 0.9421260356903076 879 932 1001 958 tributions
10 1 0.8634737133979797 1006 928 1070 962 from
10 1 0.9996721744537354 1074 932 1162 958 sectors
10 1 0.999336302280426 1167 932 1226 958 with
10 1 0.9995311498641968 1230 930 1306 964 larger
10 1 0.9974356293678284 1311 930 1344 960 M
10 1 0.9897833466529846 1349 928 1414 960 form
10 1 0.9994789958000183 1414 932 1441 962 a
10 1 0.880331814289093 1441 932 1565 964 geometric
10 2 0.9841603636741638 146 966 190 992 are
10 2 0.9999755620956421 192 966 239 992 not
10 2 0.9388601183891296 240 962 302 996 fully
10 2 0.9852478504180908 305 964 411 990 coherent
10 2 0.9692460298538208 415 960 592 999 quasiparticles.
10 2 0.9999855756759644 599 960 640 999 By
10 2 0.9994662404060364 640 962 695 994 this
10 2 0.9479469060897827 695 966 785 992 reason,
10 2 0.9999929666519165 790 964 835 992 the
10 2 0.9995754361152649 876 966 956 1001 series,
10 2 0.9718657732009888 959 968 1034 994 which
10 2 0.9792405366897583 1037 968 1160 994 transform
10 2 0.9999295473098755 1163 966 1185 999 1
10 2 0.32874536514282227 1206 951 1278 1005 Frla)
10 2 0.9999178647994995 1276 964 1333 999 into
10 2 0.988280177116394 1334 966 1417 1001 1/(1+
10 2 0.40656745433807373 1412 953 1500 1005 Epta)).
10 2 0.9252985119819641 1507 964 1563 996 Col-
10 3 0.9900822043418884 149 999 185 1031 M
10 3 0.9414098858833313 189 1005 212 1026 =
10 3 0.9988170862197876 217 999 240 1031 0
10 3 0.9963876008987427 240 999 398 1031 contribution
10 3 0.9999867677688599 401 1001 433 1031 to
10 3 0.26174265146255493 429 981 503 1044 AFO
10 3 0.9992089867591858 503 999 529 1031 is
10 3 0.5184604525566101 531 996 624 1029 labeled
10 3 0.99928879737854 627 1003 659 1031 as
10 3 0.9998383522033691 662 1003 698 1031 an
10 3 0.9556434750556946 702 999 835 1031 incoherent
10 3 0.9995606541633606 876 996 966 1035 lecting
10 3 0.9781095385551453 964 996 1004 1031 all
10 3 0.6002200841903687 1002 996 1180 1035 contributions,
10 3 0.9973728656768799 1182 1003 1221 1031 we
10 3 0.997844934463501 1220 996 1349 1035 reproduce
10 3 0.7622128129005432 1349 994 1401 1037 Eq.
10 3 0.8332719802856445 1406 994 1447 1033 (4).
11 0 0.9998382329940796 146 1041 204 1074 one,
11 0 0.22871603071689606 199 1020 302 1089 XilLa
11 0 0.6686887741088867 298 1048 323 1067 E
11 0 0.17936596274375916 320 1020 403 1089 XiAe
11 0 0.9972956776618958 400 1037 522 1076 (although
11 0 0.9999346733093262 524 1041 556 1069 at
11 0 0.994873583316803 559 1041 629 1067 small
11 0 0.9994903802871704 630 1037 659 1069 U
11 0 0.9988344311714172 662 1037 773 1069 fermions
11 0 0.9999061822891235 773 1037 836 1072 with
11 1 0.9989283680915833 146 1076 250 1108 energies
11 1 0.9995718598365784 252 1074 282 1106 of
11 1 0.9989898800849915 282 1074 353 1106 order
11 1 0.8545673489570618 356 1072 403 1112 Ep
11 1 0.9999160766601562 403 1078 448 1106 are
11 1 0.8661578297615051 448 1072 501 1106 still
11 1 0.9998217225074768 501 1072 592 1110 mostly
11 1 0.994927167892456 591 1072 720 1110 coherent).
11 2 0.9999935626983643 175 1110 220 1138 We
11 2 0.9951828122138977 219 1110 282 1142 next
11 2 0.9932352900505066 282 1115 351 1140 move
11 2 0.9998310804367065 351 1112 385 1140 to
11 2 0.9999821186065674 383 1108 433 1142 the
11 2 0.9963557720184326 433 1110 466 1140 M
11 2 0.6921131610870361 473 1115 496 1136 -
11 2 0.9997733235359192 501 1112 517 1138 1
11 2 0.9895955920219421 521 1112 602 1138 sector.
11 2 0.9999611377716064 610 1110 675 1142 Here
11 2 0.9982861876487732 674 1115 715 1140 we
11 2 0.9940588474273682 713 1110 788 1142 select
11 2 0.9999809265136719 790 1112 835 1140 the
12 0 0.6510753035545349 933 1041 961 1072 8.
12 0 0.9992638230323792 981 1039 1032 1072 The
12 0 0.9019186496734619 1032 1041 1180 1074 susceptibility
12 0 0.3751150667667389 1175 1024 1311 1087 X0(G.9)
12 0 0.9997543692588806 1309 1041 1339 1072 at
12 0 0.9068987965583801 1338 1039 1404 1074 finite
12 0 0.3993048071861267 1404 1037 1510 1076 2/07lql.
12 1 0.9999042749404907 904 1115 952 1149 We
12 1 0.9999440908432007 956 1121 1012 1147 now
12 1 0.8554553389549255 1017 1117 1107 1149 extend
12 1 0.9998273253440857 1112 1115 1162 1149 the
12 1 0.9998266100883484 1163 1115 1268 1153 analysis
12 1 0.9998844861984253 1273 1119 1306 1149 to
12 1 0.9997974038124084 1309 1115 1359 1149 the
12 1 0.9975739121437073 1362 1123 1421 1149 case
12 1 0.9998688697814941 1426 1115 1495 1149 when
12 1 0.9993634819984436 1502 1117 1565 1149 both
13 0 0.9960423707962036 147 1145 227 1170 subset
13 0 0.9999046325683594 232 1142 265 1173 of
13 0 0.8272141814231873 267 1140 386 1179 diagrams
13 0 0.998021125793457 388 1140 451 1173 with
13 0 0.9996755123138428 453 1142 506 1175 one
13 0 0.9652194976806641 504 1140 675 1179 cross-section,
13 0 0.9999247789382935 679 1142 710 1173 in
13 0 0.9998021721839905 713 1140 791 1173 which
13 0 0.9999352693557739 795 1147 835 1173 we
13 0 0.992122232913971 878 1149 1016 1181 transferred
13 0 0.9715449810028076 1016 1151 1160 1181 momentum
13 0 0.9658942222595215 1158 1153 1183 1183 9
13 0 0.9984641075134277 1182 1149 1233 1183 and
13 0 0.9965481162071228 1235 1149 1371 1181 transferred
13 0 0.7623677253723145 1372 1151 1494 1183 frequency
13 0 0.2934257388114929 1495 1151 1522 1181 S2
13 0 0.9868872761726379 1522 1153 1565 1179 are
13 1 0.9950510859489441 144 1170 205 1211 pick
13 1 0.9995217323303223 202 1177 244 1211 up
13 1 0.9992581009864807 242 1173 290 1207 the
13 1 0.8414983749389648 288 1175 444 1205 contribution
13 1 0.9382381439208984 444 1173 509 1207 from
13 1 0.9499867558479309 511 1170 576 1211 G(k,
13 1 0.215559184551239 569 1170 672 1211 WE)G(k
13 1 0.9998356103897095 669 1177 693 1207 +
13 1 0.7231568694114685 693 1177 722 1207 q,
13 1 0.2792995870113373 720 1175 766 1209 Wk)
13 1 0.95106440782547 770 1173 835 1207 from
13 1 0.9996395111083984 874 1179 1020 1218 vanishingly
13 1 0.9760860204696655 1024 1181 1102 1216 small,
13 1 0.9996150732040405 1110 1183 1155 1211 but
13 1 0.9982613921165466 1160 1179 1208 1213 the
13 1 0.9986456036567688 1210 1181 1276 1213 ratio
13 1 0.2753230929374695 1279 1179 1384 1220 2/vrlal
13 1 0.9993929862976074 1389 1181 1417 1213 is
13 1 0.9869770407676697 1421 1181 1495 1213 finite.
13 1 0.9783454537391663 1510 1179 1567 1213 The
13 2 0.9999423027038574 147 1207 192 1235 the
13 2 0.9995946288108826 195 1209 270 1241 range
13 2 0.639968991279602 275 1209 350 1235 where
13 2 0.9999736547470093 356 1207 401 1235 the
13 2 0.999828577041626 405 1207 473 1241 poles
13 2 0.999930739402771 476 1207 508 1237 in
13 2 0.9999914169311523 511 1207 559 1237 the
13 2 0.999805748462677 559 1205 612 1237 two
13 2 0.5174329876899719 615 1205 715 1237 Green's
13 2 0.989936113357544 717 1205 835 1237 functions
13 2 0.9814642071723938 874 1211 1059 1250 computational
13 2 0.9995207786560059 1062 1213 1132 1248 steps
13 2 0.9984228610992432 1135 1216 1183 1246 are
13 2 0.999976634979248 1188 1213 1233 1241 the
13 2 0.9730139374732971 1236 1216 1304 1241 same
13 2 0.9995654225349426 1308 1216 1343 1243 as
13 2 0.9995114803314209 1348 1213 1389 1241 for
13 2 0.9991323351860046 1392 1216 1467 1241 static
13 2 0.9528472423553467 1470 1216 1563 1248 suscep-
13 3 0.9985853433609009 146 1299 194 1334 the
13 3 0.9890505075454712 199 1304 302 1329 skeleton
13 3 0.9837469458580017 310 1304 411 1336 diagram
13 3 0.9998570680618286 420 1301 451 1332 in
13 3 0.9953162670135498 456 1301 509 1338 Fig.
13 3 0.46202418208122253 524 1299 557 1338 5
13 3 0.8495014905929565 549 1299 650 1338 labeled
13 3 0.9971465468406677 655 1301 688 1332 M
13 3 0.9481034874916077 700 1308 725 1327 =
13 3 0.9986022114753723 735 1301 762 1332 1.
13 3 0.9947476983070374 780 1299 836 1334 The
13 3 0.9994946718215942 878 1293 954 1319 sector
13 3 0.9996684789657593 959 1289 1012 1321 and
13 3 0.9999980926513672 1017 1291 1062 1319 the
13 3 0.9987747073173523 1069 1293 1148 1319 vertex
13 3 0.8319479823112488 1155 1289 1261 1321 function
13 3 0.2500493824481964 1263 1274 1334 1334 Apo
13 3 0.9957238435745239 1334 1286 1374 1321 do
13 3 0.9983934760093689 1377 1293 1426 1319 not
13 3 0.9966049194335938 1429 1286 1524 1325 depend
13 3 0.9991451501846313 1527 1293 1563 1321 on
13 4 0.9996604919433594 147 1336 245 1362 internal
13 4 0.9991655349731445 255 1336 313 1370 part
13 4 0.9607279896736145 322 1334 355 1364 of
13 4 0.9995521903038025 360 1332 415 1366 this
13 4 0.9857568144798279 420 1332 529 1370 diagram
13 4 0.9982354640960693 536 1336 602 1368 gives
13 4 0.29304447770118713 610 1325 836 1372 "Zm""/m)xiold),"
13 4 0.9997584223747253 876 1319 924 1353 the
13 4 0.9996371269226074 928 1321 996 1353 ratio
13 4 0.9444682002067566 999 1321 1030 1351 of
13 4 0.46110421419143677 1034 1319 1160 1359 2/(0plal)
13 4 0.9991297125816345 1165 1321 1218 1353 and
13 4 0.8890426158905029 1223 1321 1314 1353 remain
13 4 0.9999395608901978 1321 1323 1369 1353 the
13 4 0.9134514927864075 1369 1323 1442 1355 same
13 4 0.9997761845588684 1444 1325 1479 1353 as
13 4 0.9999940395355225 1484 1321 1514 1351 in
13 4 0.9997572302818298 1519 1319 1567 1353 the
13 5 0.999681830406189 146 1366 225 1398 where
13 5 0.2732784152030945 227 1364 312 1405 XZ,0(9)
13 5 0.9996548891067505 312 1362 343 1400 is
13 5 0.9997746348381042 343 1366 413 1400 given
13 5 0.9998082518577576 416 1364 453 1402 by
13 5 0.6163254380226135 458 1359 517 1405 (16).
13 5 0.9999419450759888 524 1364 581 1398 The
13 5 0.9823143482208252 579 1359 639 1400 side
13 5 0.8879372477531433 639 1368 735 1394 vertices
13 5 0.9999750852584839 740 1368 833 1394 contain
13 5 0.9997968077659607 876 1353 952 1385 static
13 5 0.9849446415901184 951 1353 1017 1385 case.
13 5 0.9996471405029297 1022 1353 1137 1385 However,
13 5 0.9999890327453613 1142 1355 1187 1383 the
13 5 0.9817106127738953 1188 1351 1309 1390 integrand
13 5 0.9999806880950928 1311 1355 1341 1383 in
13 5 0.9999908208847046 1344 1355 1389 1383 the
13 5 0.5736749768257141 1391 1355 1520 1387 expression
13 5 0.9979684948921204 1524 1351 1565 1385 for
13 6 0.9995725750923157 149 1402 170 1437 A
13 6 0.13498862087726593 162 1394 217 1439 G6)
13 6 0.3179725110530853 199 1387 335 1450 apotkr).
13 6 0.5383564829826355 332 1402 375 1439 i.e.
13 6 0.9716520309448242 388 1402 434 1437 the
13 6 0.9986114501953125 439 1407 537 1439 product
13 6 0.9744574427604675 544 1405 576 1435 of
13 6 0.999810516834259 577 1402 625 1437 the
13 6 0.9972265362739563 629 1402 688 1437 bare
13 6 0.8002949953079224 692 1402 835 1435 form-factor
13 6 0.9897757768630981 874 1415 997 1454 pendence
13 6 0.9994441866874695 997 1420 1042 1448 via
13 6 0.598273515701294 1042 1415 1113 1456 vrlql
13 6 0.96639084815979 1112 1422 1155 1450 COS
13 6 0.2949332892894745 1153 1415 1236 1456 Or/(0
13 6 0.9965571165084839 1236 1422 1261 1452 -
13 6 0.48621904850006104 1261 1417 1301 1452 UF
13 6 0.6581356525421143 1288 1417 1329 1452 lal
13 6 0.9578266143798828 1329 1422 1372 1450 COS
13 6 0.6645562052726746 1371 1417 1409 1454 Ok
13 6 0.9998725652694702 1407 1420 1436 1450 +
13 6 0.5253303050994873 1434 1417 1497 1452 209).
13 6 0.9999246597290039 1504 1415 1565 1448 This
13 7 0.9999402761459351 149 1437 235 1469 (which
13 7 0.9996138215065002 240 1441 282 1467 we
13 7 0.998251736164093 285 1435 385 1473 already
13 7 0.98896324634552 388 1435 551 1473 incorporated
13 7 0.9999456405639648 556 1435 612 1469 into
13 7 0.44861164689064026 617 1435 722 1473 XL,0(9)),
13 7 0.9962260723114014 730 1437 783 1469 and
13 7 0.9999697208404541 790 1439 835 1467 the
13 7 0.999138593673706 876 1450 959 1482 makes
13 7 0.9999986886978149 961 1450 1006 1478 the
13 7 0.9938650727272034 1007 1452 1168 1484 computation
13 7 0.9995670914649963 1167 1445 1201 1482 of
13 7 0.9986666440963745 1200 1450 1275 1482 series
13 7 0.9999654293060303 1273 1450 1336 1482 with
13 7 0.9999568462371826 1338 1450 1371 1478 M
13 7 0.9800204038619995 1377 1456 1396 1475 =
13 7 0.9996912479400635 1406 1450 1460 1484 1,2,
13 7 0.5047411322593689 1449 1456 1480 1482 :
13 7 0.8641338348388672 1472 1458 1490 1478 :
13 7 0.9947471022605896 1497 1456 1565 1480 more
14 0 0.9999568462371826 147 1241 190 1267 are
14 0 0.9998478889465332 195 1237 227 1267 in
14 0 0.9962702989578247 234 1239 337 1265 different
14 0 0.6006065607070923 343 1235 483 1274 half-planes
14 0 0.9913408160209656 488 1237 519 1267 of
14 0 0.9987571239471436 522 1235 632 1274 complex
14 0 0.9905616641044617 634 1235 763 1274 frequency.
14 0 0.9957915544509888 778 1235 836 1269 The
14 0 0.845136284828186 876 1246 971 1286 tibility.
14 0 0.9994223117828369 986 1248 1042 1280 The
14 0 0.9961588382720947 1045 1250 1201 1280 contribution
14 0 0.9998385906219482 1206 1252 1240 1280 to
15 0 0.9968568086624146 1348 1248 1411 1282 from
15 0 0.9998959302902222 1417 1250 1462 1278 the
15 0 0.9990376234054565 1469 1250 1500 1280 M
15 0 0.9999058246612549 1545 1252 1563 1278 0
16 0 0.9264042377471924 147 1274 204 1299 sum
16 0 0.9672487378120422 205 1269 237 1299 of
16 0 0.9998632669448853 235 1269 298 1301 such
16 0 0.9451244473457336 302 1271 416 1304 diagrams
16 0 0.9956291913986206 420 1274 468 1299 can
16 0 0.9982715845108032 468 1267 509 1301 be
17 0 0.25759613513946533 1238 1233 1344 1297 x0(0
18 0 0.7775734663009644 508 1267 649 1306 graphically
18 0 0.9921841025352478 650 1271 795 1304 represented
18 0 0.9993200302124023 798 1269 836 1306 by
19 0 0.39493077993392944 876 1383 971 1424 X1,0(9),
19 0 0.9723958373069763 972 1385 1020 1422 Eq.
19 0 0.6094410419464111 1029 1381 1090 1426 (16),
19 0 0.9982070922851562 1094 1390 1150 1415 now
19 0 0.9998382329940796 1153 1387 1258 1413 contains
19 0 0.9999347925186157 1260 1387 1284 1417 a
19 0 0.8931481242179871 1283 1385 1419 1415 non-trivial
19 0 0.999915599822998 1421 1387 1517 1420 angular
19 0 0.986505925655365 1520 1383 1563 1417 de-
20 0 0.9798716902732849 147 1469 313 1499 contributions
20 0 0.9424411058425903 323 1467 388 1499 from
20 0 0.9994373917579651 398 1469 434 1501 all
20 0 0.9996812343597412 443 1467 517 1499 other
20 0 0.9242532253265381 526 1469 703 1501 cross-sections,
20 0 0.9854586124420166 713 1465 748 1501 in
20 0 0.9999833106994629 757 1467 835 1499 which
20 0 0.9893165826797485 878 1482 987 1508 involved.
20 1 0.9764219522476196 147 1499 214 1533 G(k,
20 1 0.9416380524635315 205 1501 245 1536 Wk
20 1 0.9367617964744568 237 1497 307 1538 )G(k
20 1 0.9997879862785339 313 1501 340 1533 +
20 1 0.3528884947299957 346 1501 421 1536 q.Wk)
20 1 0.9717598557472229 431 1497 463 1536 is
20 1 0.9690108895301819 469 1499 645 1538 approximated
20 1 0.999987006187439 655 1497 693 1536 by
20 1 0.3496362864971161 703 1495 786 1538 Ga(k,
20 1 0.6274381875991821 776 1501 831 1533 Wk).
20 2 0.9996167421340942 146 1531 225 1564 These
20 2 0.9875484704971313 232 1531 398 1564 contributions
20 2 0.9979883432388306 408 1531 484 1564 would
20 2 0.9999607801437378 494 1531 576 1564 vanish
20 2 0.947685718536377 586 1531 610 1561 if
20 2 0.9998956918716431 617 1536 655 1564 we
20 2 0.9957214593887329 662 1531 723 1564 used
20 2 0.9999222755432129 730 1536 755 1564 a
20 2 0.9998701810836792 760 1531 835 1564 static
20 3 0.9971370697021484 147 1600 209 1626 once
20 3 0.9992042183876038 212 1600 254 1626 we
20 3 0.9996644258499146 260 1598 351 1624 include
20 3 0.9948194622993469 360 1596 489 1628 dynamical
20 3 0.9852011799812317 493 1594 615 1632 screening
20 3 0.9998645782470703 619 1594 654 1630 at
20 3 0.9913479685783386 657 1596 730 1628 order
20 3 0.9225541949272156 735 1589 776 1626 U2
20 3 0.9702478647232056 783 1594 835 1628 and
20 4 0.9929265379905701 146 1626 237 1665 higher.
20 4 0.9897268414497375 252 1624 368 1662 Similarly
20 4 0.9999634027481079 375 1628 406 1658 to
20 4 0.9996329545974731 411 1626 458 1660 the
20 4 0.9957520961761475 464 1628 498 1658 M
20 4 0.5413254499435425 508 1632 536 1660 E
20 4 0.9988994598388672 541 1626 564 1658 0
20 4 0.9980556964874268 566 1630 654 1662 sector,
20 4 0.9997768998146057 662 1626 708 1660 the
20 4 0.9908598065376282 712 1626 835 1658 difference
20 5 0.4075161814689636 144 1652 215 1705 Apo)
20 5 0.923054039478302 214 1665 267 1697 -1
20 5 0.9990277290344238 263 1665 292 1695 is
20 5 0.9362390041351318 293 1665 436 1695 determined
20 5 0.9999032020568848 438 1662 476 1701 by
20 5 0.9942644238471985 479 1667 586 1692 fermions
20 5 0.9989711046218872 591 1665 654 1697 with
20 5 0.9950627684593201 654 1662 760 1701 energies
20 5 0.9986627101898193 762 1665 791 1695 of
20 5 0.6909815073013306 793 1667 833 1695 or-
20 6 0.9999445676803589 146 1695 194 1729 der
20 6 0.8284491896629333 197 1697 249 1731 EF.
20 6 0.9939842820167542 263 1697 335 1731 Note,
20 6 0.9996305704116821 341 1697 451 1729 however,
20 6 0.9999698400497437 459 1699 516 1725 that
20 6 0.9999887943267822 521 1697 551 1727 in
20 6 0.9993715882301331 557 1697 602 1725 the
20 6 0.9971001744270325 607 1697 640 1727 M
20 6 0.4880226254463196 647 1699 677 1725 =
20 6 0.9997982382774353 680 1697 703 1727 0
20 6 0.9865841269493103 705 1697 791 1729 sector,
20 6 0.9964612126350403 798 1697 835 1729 all
20 7 0.9996750354766846 147 1727 245 1759 internal
20 7 0.9989033937454224 249 1727 353 1766 energies
20 7 0.99920254945755 355 1733 400 1759 are
20 7 0.9998185038566589 401 1729 433 1757 of
20 7 0.9998854398727417 434 1731 506 1757 order
20 7 0.8778166174888611 509 1727 562 1763 Er.
20 7 0.9999412298202515 572 1729 602 1759 In
20 7 0.9996929168701172 605 1727 654 1761 the
20 7 0.9998015761375427 655 1729 688 1757 M
20 7 0.9798571467399597 697 1735 715 1755 =
20 7 0.999954104423523 727 1731 742 1755 1
20 7 0.9804141521453857 747 1729 833 1761 sector,
20 8 0.9996604919433594 147 1768 245 1793 internal
20 8 0.9999574422836304 252 1768 351 1800 energies
20 8 0.9997714161872864 356 1763 400 1798 for
20 8 0.6247403025627136 401 1763 449 1798 the
20 8 0.9947867393493652 454 1768 549 1793 vertices
20 8 0.35732465982437134 551 1748 624 1808 AFo
20 8 0.8972269296646118 624 1768 669 1796 are
20 8 0.9445247650146484 672 1766 703 1796 of
20 8 0.9996064305305481 707 1768 776 1793 order
20 8 0.5720242261886597 781 1763 833 1800 Er,
20 9 0.9998434782028198 146 1798 197 1830 but
20 9 0.9715448617935181 200 1798 305 1830 external
20 9 0.9697529077529907 312 1804 348 1832 Wk
20 9 0.9992135763168335 355 1802 400 1828 are
20 9 0.9774683713912964 405 1798 581 1830 infinitesimally
20 9 0.9486279487609863 587 1798 665 1832 small,
20 9 0.9791104197502136 670 1796 725 1830 and
20 9 0.8130974769592285 732 1800 831 1826 external
20 10 0.9990471005439758 146 1828 172 1860 k
20 10 0.9675403833389282 174 1832 219 1860 are
20 10 0.999923586845398 220 1832 258 1860 on
20 10 0.9997612833976746 262 1828 308 1862 the
20 10 0.9945791959762573 310 1828 360 1862 FS.
20 10 0.9706330895423889 363 1830 463 1862 Overall,
20 10 0.9999469518661499 469 1828 516 1862 the
20 10 0.9907804131507874 516 1830 674 1860 contribution
20 10 0.9999895095825195 677 1830 708 1860 to
20 10 0.9998540878295898 713 1830 758 1858 the
20 10 0.9997307658195496 760 1832 833 1858 static
20 11 0.9973464012145996 146 1858 313 1897 susceptibility
20 11 0.7176370620727539 313 1860 378 1892 from
20 11 0.9952661991119385 380 1862 428 1892 the
20 11 0.9969214797019958 429 1860 466 1892 M
20 11 0.41258296370506287 468 1866 494 1890 -
20 11 0.9440402984619141 494 1862 512 1888 1
20 11 0.5268905758857727 516 1860 595 1892 sector
20 11 0.999982476234436 597 1860 624 1892 is
21 0 0.9940967559814453 906 1518 1019 1551 Consider
21 0 0.9928557872772217 1022 1518 1080 1551 first
21 0 0.9999134540557861 1085 1521 1130 1549 the
21 0 0.8790797591209412 1133 1516 1200 1551 limit
21 0 0.912837028503418 1205 1518 1231 1549 2
21 0 0.5488733649253845 1238 1521 1271 1551 K
21 0 0.6103841662406921 1276 1516 1354 1557 vrlql.
21 0 0.8847624659538269 1369 1518 1421 1551 For
21 0 0.9994148015975952 1422 1523 1484 1549 even
21 0 0.6834428310394287 1489 1518 1512 1553 1,
21 0 0.9995977282524109 1522 1521 1565 1549 the
22 0 0.8318571448326111 149 1564 179 1596 U(
22 0 0.3142637610435486 172 1564 227 1598 (gl)
22 0 0.9999746084213257 234 1561 278 1596 for
22 0 0.9990271329879761 282 1561 330 1596 the
22 0 0.9899309873580933 333 1564 478 1596 interaction,
22 0 0.9999175071716309 486 1561 537 1596 but
22 0 0.999871015548706 542 1564 614 1598 again
22 0 0.9588409662246704 622 1566 718 1591 become
22 0 0.6716867089271545 723 1568 833 1594 non-zero
22 0 0.984160840511322 876 1549 939 1581 free-f
22 0 0.9933947920799255 929 1553 1027 1579 fermion
22 0 0.9942322373390198 1029 1549 1198 1587 susceptibility
22 0 0.9997122883796692 1198 1551 1225 1581 is
23 0 0.991731584072113 1075 1671 1108 1697 m
23 1 0.3225780129432678 1138 1742 1178 1776 202
23 2 0.46680504083633423 1122 1781 1183 1815 UFIq
24 0 0.27828705310821533 1426 1665 1462 1697 222
24 0 0.853661298751831 1477 1665 1494 1688 I
25 0 0.4797542095184326 931 1669 1044 1733 X0
25 0 0.9962019324302673 1034 1684 1059 1714 =
25 0 0.3660750389099121 1065 1705 1117 1738 OIT
25 0 0.2155722826719284 1117 1665 1306 1735 (MR0000)
25 0 0.23124684393405914 1308 1662 1416 1729 (1+00
25 0 0.40804266929626465 1404 1692 1490 1742 vriai
26 0 0.5468659400939941 946 1770 962 1789 -
26 0 0.3247531056404114 957 1740 1034 1813 38
26 0 0.3305712640285492 1030 1755 1140 1802 (1+a
27 0 0.5604008436203003 1510 1761 1563 1798 (30)
28 0 0.9999176263809204 904 1884 984 1916 where
28 0 0.3856201767921448 986 1888 1019 1918 01
28 0 0.9912201762199402 1024 1888 1052 1916 =
28 0 0.999924898147583 1059 1886 1074 1909 1
28 0 0.9995738863945007 1082 1888 1105 1909 if
28 0 0.31440022587776184 1097 1886 1127 1912 1
28 0 0.4089699387550354 1130 1890 1153 1909 =
28 0 0.9998676776885986 1160 1886 1178 1912 0
28 0 0.9996354579925537 1182 1884 1236 1916 and
28 0 0.4283519983291626 1238 1888 1275 1920 a
28 0 0.9958814382553101 1278 1888 1306 1916 =
28 0 0.9999914169311523 1309 1886 1328 1912 2
28 0 0.7583250999450684 1334 1886 1379 1912 ifl
28 0 0.843637228012085 1384 1890 1406 1912 -
28 0 0.5641350150108337 1412 1884 1465 1918 2m,
28 0 0.9730587601661682 1469 1888 1499 1916 m
28 0 0.9845865964889526 1505 1886 1532 1916 >
28 0 0.9592189788818359 1535 1884 1562 1914 0.
28 1 0.9999922513961792 876 1914 926 1948 For
28 1 0.999936580657959 926 1916 981 1948 odd
28 1 0.530514121055603 981 1916 1004 1948 7,
28 1 0.9997634291648865 1007 1914 1055 1948 the
28 1 0.992331862449646 1059 1920 1182 1946 expansion
28 1 0.9999555349349976 1185 1918 1216 1946 in
28 1 0.8212160468101501 1220 1916 1245 1944 2
28 1 0.9996308088302612 1248 1918 1323 1944 starts
28 1 0.9999141693115234 1326 1914 1387 1946 with
28 1 0.4801877439022064 1391 1916 1431 1944 22.
28 1 0.9959797859191895 1442 1914 1500 1948 The
28 1 0.9998284578323364 1500 1916 1563 1948 total
28 2 0.9975547194480896 876 1944 1034 1983 contribution
28 2 0.9373264908790588 1034 1946 1100 1978 from
28 2 0.9999992847442627 1102 1948 1147 1976 the
28 2 0.9997037053108215 1152 1948 1185 1976 M
28 2 0.9966360330581665 1191 1955 1208 1976 =
28 2 0.9998778104782104 1223 1952 1238 1974 1
28 2 0.9200754761695862 1241 1948 1323 1980 sector
28 2 0.631294846534729 1323 1946 1377 1978 still
28 2 0.9999150037765503 1377 1948 1406 1978 is
28 2 0.9991877675056458 1406 1946 1565 1985 proportional
29 0 0.809860110282898 566 1955 605 1983 m*
29 0 0.681803286075592 619 1963 667 1993 c(s)
29 1 0.5580778121948242 605 1980 659 2013 X1,0
29 2 0.8077225089073181 574 2000 602 2019 m
30 0 0.24737176299095154 307 1952 408 2021 x
30 0 0.20233948528766632 438 1957 544 2013 (ZA5a)
31 0 0.9483231902122498 781 1972 833 2006 (28)
31 0 0.9999561309814453 876 1983 909 2010 to
32 0 0.5497170090675354 911 1985 969 2017 X7,0:
