block line confidence X1 Y1 X2 Y2 token
0 0 0.997526228427887 988 210 1066 246 Limb
0 0 0.9987751841545105 1070 210 1216 251 darkening
0 0 0.990273654460907 1219 205 1282 248 and
0 0 0.6167104840278625 1285 210 1435 251 eroplanets
0 0 0.9999573230743408 1476 210 1516 248 13
1 0 0.9996613264083862 111 287 161 315 one
1 0 0.9971150159835815 159 287 208 312 can
1 0 0.9997386336326599 206 287 250 315 see
1 0 0.9997791647911072 251 283 313 317 that,
1 0 0.9994978904724121 314 280 408 315 without
1 0 0.9984692931175232 411 283 489 317 taking
1 0 0.9996939897537231 491 285 541 312 into
1 0 0.9997844099998474 544 285 634 312 account
1 0 0.8005961179733276 639 283 785 317 Kepler-296e,
1 1 0.7910937666893005 113 312 159 344 the
1 1 0.9984591007232666 161 317 281 344 agreement
1 1 0.998626708984375 282 310 344 344 with
1 1 0.9998387098312378 345 312 389 342 the
1 1 0.9991320967674255 389 310 449 344 data
1 1 0.9993792772293091 449 312 476 344 is
1 1 0.9999399185180664 476 312 534 347 very
1 1 0.9994798302650452 534 312 597 349 good
1 1 0.9994245767593384 600 312 639 342 for
1 1 0.9998399019241333 641 310 734 344 ATLAS
1 1 0.9997902512550354 736 315 785 342 and
1 2 0.9996739625930786 116 344 242 374 PHOENIX
1 2 0.9990301132202148 243 344 316 372 model
1 2 0.9934738278388977 314 340 465 381 atmospheres
1 2 0.9987321496009827 463 344 500 374 for
1 2 0.9999823570251465 500 344 544 372 the
1 2 0.721402645111084 542 344 575 374 u1
1 2 0.9382746815681458 576 342 712 376 coefficients,
1 2 0.9904154539108276 713 342 785 376 which
1 3 0.9977675676345825 111 372 187 406 shows
1 3 0.9999191761016846 185 379 208 402 a
1 3 0.8983506560325623 206 376 274 404 mean
1 3 0.608424723148346 276 374 387 402 difference
1 3 0.9879181981086731 387 374 419 404 of
1 3 0.3956688642501831 415 358 571 418 -0.046281
1 3 0.9958704113960266 566 372 594 404 if
1 3 0.9681576490402222 589 376 638 404 one
1 3 0.9971978664398193 636 376 691 404 uses
1 3 0.9952371120452881 689 374 736 406 the
1 3 0.9993649125099182 736 374 785 402 AT-
1 4 0.998514711856842 111 402 171 436 LAS
1 4 0.9998940229415894 174 402 261 436 models
1 4 0.9964176416397095 263 402 316 436 and
1 4 0.18024815618991852 316 390 471 449 -0.04022135
1 4 0.9942241311073303 471 402 499 436 if
1 4 0.9999452829360962 499 406 547 433 one
1 4 0.9965645670890808 550 406 605 433 uses
1 4 0.9999237060546875 608 404 652 433 the
1 4 0.9992257356643677 655 402 785 433 PHOENIX
1 5 0.9851208925247192 113 433 206 468 models,
1 5 0.9999072551727295 208 436 266 463 both
1 5 0.9812637567520142 268 433 298 463 of
1 5 0.9999394416809082 298 436 369 463 which
1 5 0.9985575079917908 371 438 415 465 are
1 5 0.9068037867546082 416 436 531 463 consistent
1 5 0.9999350309371948 534 431 594 465 with
1 5 0.9998769760131836 592 436 617 465 a
1 5 0.9887247681617737 615 436 670 463 zero
1 5 0.9998897314071655 671 438 738 465 mean
1 5 0.985923171043396 739 436 785 463 dif-
1 6 0.9702437520027161 114 465 203 493 ference.
1 6 0.9996337890625 208 465 281 493 There
1 6 0.9999597072601318 282 465 308 495 is
1 6 0.999891996383667 310 470 331 493 a
1 6 0.9975712895393372 332 463 408 500 barely
1 6 0.9247457385063171 408 463 529 497 significant
1 6 0.942817747592926 533 465 599 493 offset
1 6 0.9937600493431091 600 463 631 495 of
1 6 0.9980742931365967 631 463 675 493 the
1 6 0.7873799800872803 676 468 709 497 u2
1 6 0.8532491326332092 710 463 785 497 coeffi-
1 7 0.9838724732398987 113 497 184 525 cients
1 7 0.9234116077423096 187 495 250 529 (2.80
1 7 0.9998661279678345 250 495 289 525 for
1 7 0.9999947547912598 289 495 332 525 the
1 7 0.9997087121009827 334 493 426 527 ATLAS
1 7 0.763080358505249 426 495 516 529 models,
1 7 0.6281694173812866 518 497 573 525 2.90
1 7 0.9993182420730591 575 495 613 525 for
1 7 0.7014291286468506 613 495 655 525 the
1 7 0.9996767044067383 654 493 785 525 PHOENIX
1 8 0.9849230051040649 113 525 214 559 models),
1 8 0.9997474551200867 219 523 279 557 with
1 8 0.9999874830245972 281 525 324 555 the
1 8 0.9614084362983704 329 527 403 555 model
1 8 0.9972226619720459 410 527 482 555 values
1 8 0.9897913932800293 489 529 615 559 apparently
1 8 0.964862585067749 618 527 785 559 systematically
1 9 0.9971363544464111 113 557 284 589 overestimating
1 9 0.9994737505912781 285 555 355 589 those
1 9 0.7623944878578186 353 555 482 589 coefficients
1 9 0.9998084902763367 482 555 520 593 by
1 9 0.998927652835846 518 561 545 591 a
1 9 0.9998385906219482 544 561 610 589 mean
1 9 0.9509774446487427 612 555 680 589 value
1 9 0.8211041688919067 678 557 710 587 of
1 9 0.6191418766975403 710 559 743 587 N
1 9 0.9860208630561829 736 555 786 589 0.3.
1 10 0.9869705438613892 111 584 161 619 For
1 10 0.9997527003288269 159 589 201 616 the
1 10 0.9968327879905701 201 587 285 621 sample
1 10 0.961212694644928 285 587 316 619 of
1 10 0.9997139573097229 313 587 369 623 high
1 10 0.9820547103881836 371 591 473 619 precision
1 10 0.744091808795929 474 587 649 621 limb-darkening
1 10 0.9129779934883118 649 587 783 621 coefficients,
1 11 0.9999254941940308 114 619 185 646 which
1 11 0.9997332692146301 187 616 214 648 is
1 11 0.9988961219787598 214 619 264 646 also
1 11 0.9999988079071045 266 619 310 646 the
1 11 0.998729407787323 314 619 389 646 hotter
1 11 0.9999083280563354 390 621 442 648 star
1 11 0.7177451848983765 442 619 529 653 sample
1 11 0.5243052244186401 533 616 607 653 (lower
1 11 0.6525421142578125 608 619 686 653 panels
1 11 0.9999420642852783 686 619 717 648 in
1 11 0.9253968596458435 720 619 785 646 those
1 12 0.9107517004013062 114 648 206 682 figures),
1 12 0.9936103224754333 209 648 256 680 the
1 12 0.9994412064552307 253 648 376 682 agreement
1 12 0.9884373545646667 374 648 405 678 of
1 12 0.9967769980430603 402 648 449 680 the
1 12 0.5395177602767944 445 650 476 680 u1
1 12 0.5832953453063965 478 646 608 680 coefficients
1 12 0.9882005453109741 607 646 633 678 is
1 12 0.999923586845398 631 648 686 682 very
1 12 0.8990432024002075 684 648 747 682 good
1 12 0.9841921329498291 747 648 783 678 for
1 13 0.9999688863754272 114 710 185 737 which
1 13 0.9990420937538147 187 708 216 740 is
1 13 0.9998354911804199 218 710 332 737 consistent
1 13 0.999955415725708 335 710 394 737 with
1 13 0.9981173276901245 395 708 457 742 zero,
1 13 0.9992514252662659 460 710 507 742 but
1 13 0.8392771482467651 508 710 568 744 poor
1 13 0.9998606443405151 568 705 608 742 for
1 13 0.9999316930770874 610 710 652 740 the
1 13 0.9997057318687439 659 710 785 740 PHOENIX
1 14 0.986221969127655 113 737 206 772 models,
1 14 0.9967519044876099 209 740 285 767 whose
1 14 0.9993688464164734 287 742 355 769 mean
1 14 0.9854936599731445 360 740 471 767 difference
1 14 0.9995319843292236 476 737 502 769 is
1 14 0.12818962335586548 497 721 646 788 00R25ER
1 14 0.9891301393508911 646 737 785 772 inconsistent
1 15 0.7721309065818787 113 772 171 799 with
1 15 0.9998613595962524 171 772 224 799 zero
1 15 0.9999927282333374 224 772 260 806 by
1 15 0.9765220880508423 258 774 323 801 more
1 15 0.99932861328125 323 769 384 804 than
1 15 0.3949600160121918 384 772 437 799 100.
1 15 0.9995678067207336 437 767 502 801 Note
1 15 0.9998801946640015 499 767 555 801 that
1 15 0.9940371513366699 554 767 605 801 this
1 15 0.9801065921783447 605 772 655 799 bias
1 15 0.9998806715011597 655 769 683 801 is
1 15 0.9992998838424683 681 769 738 806 very
1 15 0.8571410179138184 738 772 785 804 evi-
1 16 0.997370719909668 111 797 171 831 dent
1 16 0.9996135830879211 169 801 216 829 and
1 16 0.9984124898910522 214 801 276 829 more
1 16 0.5843053460121155 277 804 395 831 prominent
1 16 0.9982079267501831 397 799 434 829 for
1 16 0.9927950501441956 432 801 492 829 stars
1 16 0.9998999834060669 492 801 566 829 hotter
1 16 0.9304178357124329 565 797 625 831 than
1 16 0.9967619180679321 623 799 683 833 6000
1 16 0.9992210865020752 678 799 713 833 K,
1 16 0.999921441078186 712 799 786 833 where
1 17 0.9993226528167725 113 831 159 863 the
1 17 0.921279788017273 158 829 234 863 model
1 17 0.9351791143417358 234 829 313 863 values
1 17 0.8040728569030762 311 829 461 863 overestimate
1 17 0.9999154806137085 463 831 507 861 the
1 17 0.8828414082527161 507 829 579 863 LDCS
1 17 0.9876959323883057 579 829 617 867 by
1 17 0.943966805934906 618 838 644 858 2
1 17 0.9909414649009705 644 829 694 863 0.1.
1 17 0.9999665021896362 696 831 743 863 For
1 17 0.9996131062507629 743 831 786 861 the
1 18 0.7393831014633179 113 865 146 895 u2
1 18 0.7563576698303223 145 861 281 895 coefficients,
1 18 0.9998525381088257 281 861 342 895 both
1 18 0.9806383848190308 342 863 415 890 model
1 18 0.9964235424995422 415 861 560 895 atmospheres
1 18 0.9993094205856323 558 858 623 893 show
1 18 0.9915617108345032 621 861 710 895 slightly
1 18 0.5596963763237 710 861 783 895 signif-
1 19 0.9990498423576355 111 890 176 925 icant
1 19 0.9361522793769836 176 890 256 925 biases,
1 19 0.9999372959136963 256 888 316 922 with
1 19 0.9993044137954712 316 890 360 920 the
1 19 0.9999513626098633 360 888 489 922 PHOENIX
1 19 0.9997277855873108 489 888 576 922 models
1 19 0.9993534684181213 575 890 646 925 doing
1 19 0.9998598098754883 646 890 668 922 a
1 19 0.9999070167541504 667 890 743 925 better
1 19 0.9999955892562866 744 893 783 922 job
1 20 0.9922713041305542 111 922 146 957 at
1 20 0.985846221446991 145 922 264 957 predicting
1 20 0.9933122992515564 268 922 311 952 the
1 20 0.9999072551727295 311 922 415 950 observed
1 20 0.6050961017608643 419 922 489 950 LDCs
1 20 0.9999206066131592 491 922 549 950 with
1 20 0.9998983144760132 549 922 575 954 a
1 20 0.9904006123542786 573 925 639 950 mean
1 20 0.9555421471595764 641 920 755 954 difference
1 20 0.862973690032959 757 920 788 952 of
1 21 0.20487435162067413 111 934 274 1002 0021-F87
1 21 0.9989572763442993 269 950 344 984 which
1 21 0.9986419081687927 342 952 368 982 is
1 21 0.8928846120834351 366 952 402 982 20
1 21 0.9919175505638123 402 952 465 986 away
1 21 0.9739677309989929 465 950 526 984 from
1 21 0.9597977995872498 523 952 586 986 zero,
1 21 0.9990572333335876 583 952 634 986 and
1 21 0.9999380111694336 633 950 691 984 with
1 21 0.9997583031654358 692 952 734 982 the
1 21 0.9963721036911011 734 950 785 984 AT-
1 22 0.9993933439254761 113 979 171 1014 LAS
1 22 0.6950590014457703 171 984 255 1011 models
1 22 0.9969727993011475 253 982 352 1016 showing
1 22 0.9993670582771301 348 984 373 1014 a
1 22 0.9998981952667236 368 982 437 1016 mean
1 22 0.7290353775024414 437 984 549 1011 difference
1 22 0.9997575879096985 552 986 578 1011 of
1 22 0.26940104365348816 570 970 689 1021 0.0421981
1 22 0.7971866726875305 675 991 710 1018 011,
1 22 0.9971513152122498 713 982 785 1016 which
1 23 0.9996947050094604 163 1046 203 1082 As
1 23 0.9999949932098389 203 1050 227 1080 a
1 23 0.9862462282180786 229 1046 287 1080 final
1 23 0.9939752221107483 289 1048 355 1082 note,
1 23 0.9997695088386536 360 1050 424 1078 there
1 23 0.9993595480918884 426 1048 455 1080 is
1 23 0.9997442364692688 457 1053 505 1080 one
1 23 0.9999034404754639 510 1053 626 1080 particular
1 23 0.9990284442901611 631 1048 709 1084 object
1 23 0.9999765157699585 712 1048 786 1082 worth
1 24 0.9906852841377258 111 1080 234 1114 discussing
1 24 0.9999758005142212 230 1080 261 1112 in
1 24 0.9185095429420471 261 1080 337 1114 detail,
1 24 0.7524533867835999 339 1080 482 1114 Kepler-296e,
1 24 0.9999841451644897 482 1080 555 1114 which
1 24 0.9999110698699951 557 1082 600 1112 has
1 24 0.8073347806930542 600 1078 673 1112 LDCS
1 24 0.9997442364692688 673 1082 743 1110 which
1 24 0.9803666472434998 744 1082 785 1110 de-
1 25 0.9991675615310669 111 1110 177 1144 viate
1 25 0.967099130153656 179 1114 242 1142 more
1 25 0.9998317956924438 245 1112 303 1139 than
1 25 0.8488421440124512 306 1112 342 1142 20
1 25 0.9624851942062378 344 1110 405 1144 from
1 25 0.9999537467956543 410 1112 474 1139 those
1 25 0.9844918847084045 478 1110 508 1142 of
1 25 0.691878616809845 512 1114 602 1142 systems
1 25 0.9998700618743896 605 1107 665 1142 with
1 25 0.9982244372367859 668 1112 720 1139 host
1 25 0.999450147151947 725 1112 786 1139 stars
1 26 0.9996902942657471 113 1139 145 1171 of
1 26 0.9997052550315857 145 1142 227 1169 similar
1 26 0.9963590502738953 230 1142 306 1169 stellar
1 26 0.8663307428359985 310 1142 449 1176 parameters,
1 26 0.9981529116630554 453 1139 563 1174 including
1 26 0.8635125160217285 568 1139 709 1174 Kepler-296f,
1 26 0.8550567626953125 713 1142 783 1169 which
1 27 0.9989672899246216 113 1171 227 1206 according
1 27 0.9999818801879883 230 1174 261 1203 to
1 27 0.9979292154312134 264 1174 340 1201 Torres
1 27 0.9983910918235779 342 1174 373 1203 et
1 27 0.9963341951370239 373 1171 408 1201 al.
1 27 0.9993853569030762 413 1171 489 1208 (2015)
1 27 0.9980645775794983 492 1171 565 1206 orbits
1 27 0.9999762773513794 568 1171 610 1201 the
1 27 0.9483893513679504 612 1174 676 1201 same
1 27 0.9999864101409912 678 1174 731 1201 host
1 27 0.9998644590377808 734 1174 785 1201 star
1 28 0.9999550580978394 113 1201 143 1233 in
1 28 0.9999151229858398 145 1206 180 1233 an
1 28 0.8538066148757935 182 1199 247 1233 orbit
1 28 0.5633121728897095 250 1203 329 1231 almost
1 28 0.9994188547134399 334 1203 382 1231 two
1 28 0.9974557757377625 386 1203 452 1231 times
1 28 0.9999926090240479 458 1203 539 1231 farther
1 28 0.9984080195426941 542 1203 608 1238 away
1 28 0.9994415640830994 608 1199 670 1233 from
1 28 0.9951058626174927 671 1201 702 1231 it.
1 28 0.9999350309371948 709 1201 746 1231 As
1 28 0.9998289346694946 751 1208 785 1228 we
1 29 0.9985197186470032 113 1238 159 1263 can
1 29 0.9958395957946777 161 1235 203 1263 see
1 29 0.9999139308929443 203 1233 234 1265 in
1 29 0.9996404647827148 235 1233 326 1267 Figures
1 29 0.9994826316833496 326 1233 348 1265 8
1 29 0.9983238577842712 347 1231 398 1265 and
1 29 0.9994150400161743 398 1233 428 1265 9,
1 29 0.999599039554596 428 1231 476 1267 the
1 29 0.9196565747261047 474 1231 594 1265 coefficient
1 29 0.9978571534156799 596 1233 689 1267 changes
1 29 0.9996427297592163 691 1231 785 1265 induced
1 30 0.9987340569496155 111 1263 146 1297 in
1 30 0.9973968267440796 145 1263 285 1297 Kepler-296e
1 30 0.9998884201049805 287 1260 339 1295 due
1 30 0.9996203184127808 339 1265 371 1292 to
1 30 0.9999526739120483 374 1263 416 1292 the
1 30 0.9933663010597229 419 1263 529 1297 geometry
1 30 0.9930752515792847 531 1263 563 1295 of
1 30 0.9997960925102234 565 1263 608 1292 the
1 30 0.998869001865387 612 1260 692 1295 transit
1 30 0.9882700443267822 694 1267 739 1295 are
1 30 0.9898304343223572 743 1270 785 1292 not
1 31 0.9963276982307434 111 1295 218 1329 expected
1 31 0.9999934434890747 221 1295 251 1324 to
1 31 0.9959294199943542 255 1295 287 1324 be
1 31 0.9993205070495605 287 1295 347 1329 very
1 31 0.8776571154594421 348 1295 445 1322 different
1 31 0.9295199513435364 449 1290 510 1324 from
1 31 0.9999122619628906 512 1295 576 1322 those
1 31 0.9647828340530396 579 1292 608 1324 of
1 31 0.9736284017562866 610 1295 752 1329 Kepler-296f,
1 31 0.726486086845398 754 1299 786 1327 so
1 32 0.999958872795105 113 1324 159 1356 the
1 32 0.9894499182701111 159 1324 271 1359 geometry
1 32 0.9631717801094055 272 1324 303 1354 of
1 32 0.9996848106384277 305 1324 348 1354 the
1 32 0.999424934387207 350 1324 436 1359 system
1 32 0.9932763576507568 439 1327 521 1354 cannot
1 32 0.9989585876464844 524 1324 612 1359 explain
1 32 0.9998563528060913 615 1324 659 1354 the
1 32 0.9976484179496765 662 1322 786 1356 differences
1 33 0.8827469348907471 111 1359 150 1386 on
1 33 0.9981209635734558 148 1356 192 1384 the
1 33 0.9007857441902161 192 1356 293 1384 observed
1 33 0.7134700417518616 295 1352 376 1386 LDCs.
1 33 0.9700920581817627 376 1354 473 1388 Activity
1 33 0.9986463189125061 473 1354 549 1388 could,
1 33 0.9997609257698059 547 1354 578 1386 in
1 33 0.98256516456604 578 1356 688 1391 principle,
1 33 0.9997758269309998 691 1359 783 1386 produce
1 34 0.9950544834136963 114 1388 232 1416 significant
1 34 0.9978354573249817 240 1386 313 1413 biases
1 34 0.9998542070388794 316 1388 352 1416 on
1 34 0.9999784231185913 356 1384 400 1413 the
1 34 0.7100421190261841 405 1381 478 1416 LDCS
1 34 0.9999698400497437 482 1384 576 1418 through
1 34 0.9972463846206665 583 1384 715 1416 unnoculted
1 34 0.9992234706878662 718 1386 786 1420 spots
1 35 0.9922298789024353 114 1413 247 1448 (Csizmadia
1 35 0.9996519088745117 247 1416 277 1445 et
1 35 0.9954818487167358 277 1416 311 1445 al.
1 35 0.5293296575546265 314 1413 390 1450 2013),
1 35 0.9883242845535278 394 1416 437 1445 but
1 35 0.9515873789787292 439 1413 466 1445 it
1 35 0.9455568790435791 465 1413 539 1448 seems
1 35 0.905223548412323 541 1413 634 1448 unlikely
1 35 0.9998664855957031 638 1416 692 1443 that
1 35 0.9998766183853149 692 1413 783 1448 activity
1 36 0.9926532506942749 114 1448 205 1475 affected
1 36 0.9852816462516785 208 1445 264 1482 only
1 36 0.999065101146698 264 1450 313 1475 one
1 36 0.9941121935844421 313 1445 345 1475 of
1 36 0.9999136924743652 344 1445 387 1475 the
1 36 0.9998440742492676 389 1448 492 1475 observed
1 36 0.9909579753875732 497 1448 592 1475 transits.
1 36 0.9946152567863464 597 1448 692 1475 Because
1 36 0.5107293128967285 696 1445 783 1480 Kepler-
1 37 0.9989591836929321 113 1477 159 1505 296
1 37 0.9987061023712158 158 1475 185 1507 is
1 37 0.9990860223770142 185 1477 263 1505 known
1 37 0.999568521976471 264 1477 295 1505 to
1 37 0.9995132684707642 295 1475 329 1505 be
1 37 0.999537467956543 327 1477 352 1507 a
1 37 0.9996931552886963 348 1475 411 1509 tight
1 37 0.9865221381187439 410 1475 491 1509 binary
1 37 0.9469819664955139 492 1475 599 1509 (Lissauer
1 37 0.9992446899414062 599 1475 629 1507 et
1 37 0.9960173964500427 629 1475 662 1505 al.
1 37 0.9998743534088135 663 1475 738 1509 2014),
1 37 0.99919193983078 739 1480 785 1507 one
1 38 0.9704331159591675 113 1507 185 1541 might
1 38 0.9997590184211731 187 1507 221 1537 be
1 38 0.9783932566642761 221 1507 319 1541 tempted
1 38 0.9998425245285034 321 1507 353 1537 to
1 38 0.999535322189331 350 1505 419 1539 think
1 38 0.9997318387031555 419 1505 474 1539 that
1 38 0.9348721504211426 476 1507 617 1541 Kepler-296e
1 38 0.9195012450218201 615 1507 697 1541 maybe
1 38 0.9996635913848877 697 1507 741 1537 did
1 38 0.9999947547912598 741 1509 783 1537 not
1 39 0.9917860627174377 113 1539 176 1566 orbit
1 39 0.9998539686203003 177 1537 221 1566 the
1 39 0.7974517345428467 222 1541 287 1566 same
1 39 0.9996868371963501 287 1539 339 1566 star
1 39 0.9996092915534973 339 1541 373 1569 as
1 39 0.9075632691383362 374 1537 512 1571 Kepler-296f
1 39 0.9991521835327148 510 1539 544 1569 as
1 39 0.9737594127655029 544 1539 634 1566 claimed
1 39 0.9999428987503052 639 1539 675 1573 by
1 39 0.9996253252029419 676 1534 755 1569 Torres
1 39 0.9997708201408386 755 1539 785 1566 et
1 40 0.9828653335571289 109 1569 148 1598 al.
1 40 0.9336116313934326 155 1566 239 1605 (2015),
1 40 0.9997069239616394 242 1569 287 1596 but
1 40 0.9997931122779846 290 1569 327 1596 its
1 40 0.9530700445175171 329 1569 463 1603 companion.
1 40 0.9993708729743958 470 1566 576 1601 However,
1 40 0.6567288637161255 584 1569 639 1596 both
1 40 0.979794979095459 644 1566 676 1596 of
1 40 0.9999877214431763 678 1569 722 1596 the
1 40 0.9998077750205994 725 1569 785 1596 stars
1 41 0.9998741149902344 113 1598 145 1628 in
1 41 0.9914928078651428 143 1598 187 1628 the
1 41 0.9934380650520325 185 1598 271 1633 system
1 41 0.9998632669448853 271 1598 329 1626 have
1 41 0.9922732710838318 329 1598 426 1633 actually
1 41 0.9862505197525024 426 1598 482 1633 very
1 41 0.9995262622833252 481 1596 565 1630 similar
1 41 0.9996402263641357 566 1598 660 1633 spectral
1 41 0.9985167384147644 662 1598 730 1633 types
1 41 0.9949329495429993 728 1598 785 1633 and,
1 42 0.998408854007721 113 1628 177 1662 thus,
1 42 0.9994685053825378 179 1630 235 1665 very
1 42 0.9846768975257874 239 1630 321 1658 similar
1 42 0.9081614017486572 327 1628 405 1662 LDCS,
1 42 0.9991644620895386 408 1626 482 1660 which
1 42 0.9970325231552124 486 1628 571 1662 implies
1 42 0.9993302822113037 576 1630 629 1658 that
1 42 0.9932777285575867 634 1628 676 1658 the
1 42 0.9721096158027649 681 1630 783 1658 observed
1 43 0.6815651059150696 114 1660 185 1688 LDCS
1 43 0.9997568726539612 187 1660 229 1690 are
1 43 0.9993267059326172 230 1658 326 1692 actually
1 43 0.9989959597587585 327 1660 386 1694 very
1 43 0.9856164455413818 387 1660 484 1688 different
1 43 0.9859976768493652 487 1658 604 1692 compared
1 43 0.9999755620956421 605 1660 636 1690 to
1 43 0.9976339340209961 638 1656 692 1690 both
1 43 0.99973064661026 692 1658 755 1692 stars
1 43 0.9999791383743286 755 1658 786 1690 in
1 44 0.9999852180480957 113 1690 158 1717 the
1 44 0.9030063152313232 161 1692 248 1719 system.
1 44 0.9995055198669434 255 1688 295 1717 An
1 44 0.9697237610816956 298 1688 394 1722 analysis
1 44 0.9941776990890503 395 1688 428 1717 of
1 44 0.9998199343681335 428 1690 494 1717 other
1 44 0.9943298101425171 497 1688 626 1719 alternative
1 44 0.9868147373199463 628 1688 757 1722 hypotheses
1 44 0.9998365640640259 759 1690 786 1719 is
1 45 0.9999173879623413 113 1722 158 1749 out
1 45 0.9994500279426575 161 1719 192 1749 of
1 45 0.999828577041626 193 1719 237 1749 the
1 45 0.9992539286613464 237 1722 310 1756 scope
1 45 0.9728895425796509 310 1719 342 1751 of
1 45 0.9994485974311829 342 1717 395 1751 this
1 45 0.9998719692230225 395 1719 465 1754 work,
1 45 0.9996640682220459 466 1717 516 1751 but
1 45 0.9996334314346313 516 1724 555 1751 we
1 45 0.9999227523803711 558 1722 615 1749 note
1 45 0.9999099969863892 617 1717 675 1751 that
1 45 0.9985833168029785 676 1717 743 1751 these
1 45 0.9744606018066406 744 1726 786 1749 are
1 46 0.9999892711639404 113 1749 156 1779 the
1 46 0.9936127066612244 155 1747 214 1781 kind
1 46 0.9987132549285889 213 1749 243 1781 of
1 46 0.9518178701400757 242 1749 340 1783 analyses
1 46 0.999754011631012 340 1747 397 1781 that
1 46 0.9995818734169006 395 1754 442 1779 can
1 46 0.9980356097221375 442 1749 476 1779 be
1 46 0.9614060521125793 476 1749 596 1783 performed
1 46 0.8853936195373535 596 1747 659 1781 from
1 46 0.9466646909713745 657 1749 783 1783 measuring,
1 47 0.9999474287033081 111 1847 135 1877 4
1 47 0.9900581240653992 158 1845 229 1879 THE
1 47 0.9982824325561523 230 1845 356 1879 EFFECT
1 47 0.9611455202102661 360 1847 407 1879 OF
1 47 0.9695962071418762 410 1847 508 1875 USING
1 47 0.9205667972564697 515 1847 613 1875 FIXED
1 47 0.9988517761230469 617 1845 704 1879 LDCS
1 47 0.9527165293693542 705 1847 746 1877 IN
1 48 0.9999945163726807 164 1932 195 1962 In
1 48 0.9983670115470886 197 1930 243 1966 the
1 48 0.9853042960166931 242 1934 298 1968 past
1 48 0.9948498606681824 300 1932 392 1966 section,
1 48 0.9951392412185669 395 1936 434 1964 we
1 48 0.9984598159790039 436 1934 521 1959 showed
1 48 0.9994677901268005 524 1930 587 1964 that,
1 48 0.9998615980148315 591 1939 620 1959 as
1 48 0.9999690055847168 621 1930 675 1964 first
1 48 0.996502161026001 676 1932 749 1966 noted
1 48 0.9999164342880249 751 1934 783 1966 by
1 49 0.999941349029541 114 1964 216 1991 Howarth
1 49 0.9981240630149841 219 1962 303 1996 (2011),
1 49 0.6256288290023804 305 1964 377 1991 LDCS
1 49 0.7743346691131592 379 1964 489 1991 extracted
1 49 0.9992014765739441 491 1959 552 1994 from
1 49 0.9995243549346924 554 1964 594 1991 fits
1 49 0.9973456263542175 596 1964 628 1991 to
1 49 0.9992557168006897 626 1962 730 1996 intensity
1 49 0.940542995929718 731 1964 786 1998 pro-
1 50 0.999683141708374 114 1994 164 2021 files
1 50 0.9758856892585754 164 1991 195 2021 of
1 50 0.9999668598175049 197 1994 271 2021 stellar
1 50 0.996464729309082 272 1994 347 2021 model
1 50 0.997421383857727 348 1994 502 2028 atmospheres,
1 50 0.27757662534713745 505 1991 555 2028 (u1,
1 50 0.38704681396484375 549 1994 602 2028 22);
1 50 0.9997681975364685 604 1996 646 2023 are
1 50 0.9999697208404541 646 1996 691 2023 not
1 50 0.9997548460960388 694 1996 783 2023 directly
1 51 0.9651790857315063 113 2023 248 2058 comparable
1 51 0.9999861717224121 253 2023 285 2053 to
1 51 0.9999709129333496 289 2023 332 2053 the
1 51 0.8354901075363159 337 2021 411 2055 LDCS
1 51 0.9880186319351196 413 2023 515 2051 obtained
1 51 0.696932852268219 523 2023 581 2051 from
1 51 0.9997166991233826 586 2023 667 2051 transit
1 51 0.6795579195022583 673 2023 785 2058 photome-
1 52 0.9977032542228699 113 2053 161 2090 try,
1 52 0.24219629168510437 159 2048 263 2092 (u4,0).
1 52 0.9996311664581299 263 2051 323 2085 This
1 52 0.9989792108535767 321 2053 348 2085 is
1 52 0.8534134030342102 348 2055 395 2083 due
1 52 0.9998584985733032 397 2055 429 2085 to
1 52 0.9988172650337219 429 2055 473 2083 the
1 52 0.9991891980171204 471 2051 524 2085 fact
1 52 0.9999852180480957 524 2055 578 2083 that
1 52 0.9999122619628906 579 2055 623 2083 the
1 52 0.9999074935913086 623 2055 671 2083 two
1 52 0.9944091439247131 671 2053 783 2087 optimiza-
1 53 0.9996522665023804 111 2083 166 2117 tion
1 53 0.9996476173400879 167 2083 295 2117 procedures
1 53 0.99709153175354 295 2087 339 2115 are
1 53 0.9661798477172852 337 2080 482 2122 significantly
1 53 0.9461197257041931 482 2085 581 2112 different
1 53 0.769114077091217 584 2085 642 2112 from
1 53 0.9999516010284424 644 2087 691 2115 one
1 53 0.9994543194770813 692 2085 783 2112 another
1 54 0.9982250332832336 111 2115 167 2151 and,
1 54 0.9994654059410095 172 2115 235 2149 thus,
1 54 0.9993040561676025 235 2115 261 2149 a
1 54 0.995209276676178 261 2115 371 2149 geometry
1 54 0.9637816548347473 374 2115 499 2149 dependent
1 54 0.9882286787033081 502 2119 604 2147 mapping
1 54 0.9760298728942871 607 2115 675 2151 using
1 54 0.9570044279098511 678 2119 785 2147 synthetic
1 55 0.9364638328552246 113 2144 242 2179 lightcurves
1 55 0.9999216794967651 242 2144 285 2174 has
1 55 0.9999814033508301 285 2144 318 2174 to
1 55 0.9991106390953064 316 2144 352 2174 be
1 55 0.9996939897537231 350 2147 432 2174 carried
1 55 0.9999390840530396 434 2147 478 2174 out
1 55 0.9998906850814819 478 2144 508 2176 in
1 55 0.9962465167045593 507 2147 573 2174 order
1 55 0.9989091157913208 573 2147 605 2174 to
1 55 0.9999262094497681 604 2147 681 2174 obtain
1 55 0.9998866319656372 683 2147 725 2174 the
1 55 0.9578660726547241 723 2142 785 2176 coef-
2 0 0.9954467415809631 844 280 930 315 ficients
2 0 0.2077309489250183 930 278 1022 319 (ui,u2)
2 0 0.9999029636383057 1024 280 1078 315 that
2 0 0.9993131160736084 1078 285 1125 312 can
2 0 0.9990924596786499 1125 280 1185 315 then
2 0 0.9942713975906372 1185 283 1219 312 be
2 0 0.9970978498458862 1219 283 1334 317 compared
2 0 0.9991832375526428 1335 285 1368 312 to
2 0 0.9995689988136292 1368 283 1411 312 the
2 0 0.7220242619514465 1411 283 1515 310 observed
2 1 0.6871437430381775 844 310 923 344 LDCS.
2 1 0.9654511213302612 923 310 982 344 This
2 1 0.9944879412651062 982 312 1067 347 implies
2 1 0.999929666519165 1067 310 1124 344 that
2 1 0.9405419230461121 1122 317 1180 344 even
2 1 0.9827983975410461 1180 312 1204 342 if
2 1 0.9998655319213867 1203 315 1250 342 one
2 1 0.9289504289627075 1250 315 1316 342 could
2 1 0.9577649235725403 1318 317 1416 342 measure
2 1 0.9991949200630188 1414 310 1476 344 with
2 1 0.9966729879379272 1474 317 1515 344 ex-
2 2 0.9993502497673035 843 342 923 376 cellent
2 2 0.9982086420059204 925 344 1030 379 precision
2 2 0.9999803304672241 1032 344 1075 372 the
2 2 0.9903343319892883 1074 340 1182 381 intensity
2 2 0.7781433463096619 1180 344 1259 379 profile
2 2 0.8936462998390198 1259 344 1290 374 of
2 2 0.9964404702186584 1287 344 1311 376 a
2 2 0.9975959658622742 1311 344 1377 379 given
2 2 0.9998377561569214 1376 344 1435 379 star,
2 2 0.998129665851593 1437 342 1515 376 obtain
2 3 0.999718964099884 844 374 880 404 its
2 3 0.9588996767997742 881 372 956 406 LDCS
2 3 0.9999803304672241 954 372 1014 406 with
2 3 0.9998258948326111 1014 372 1072 406 that
2 3 0.9112604260444641 1072 370 1159 411 profile,
2 3 0.9973350167274475 1158 372 1209 406 and
2 3 0.9993556141853333 1211 372 1271 406 then
2 3 0.9860866069793701 1272 376 1371 402 measure
2 3 0.9989805817604065 1374 374 1440 402 those
2 3 0.5077192187309265 1442 374 1513 402 coeffi-
2 4 0.9692990779876709 844 406 914 433 cients
2 4 0.7788053154945374 914 402 975 436 from
2 4 0.9999308586120605 973 406 1051 433 transit
2 4 0.7545850276947021 1054 404 1195 438 photometry,
2 4 0.9997832179069519 1193 404 1245 438 also
2 4 0.9999659061431885 1243 402 1301 436 with
2 4 0.9725655913352966 1300 406 1402 433 excellent
2 4 0.9960318207740784 1403 408 1513 436 precision,
2 5 0.9999037981033325 844 436 907 463 there
2 5 0.9776772856712341 907 433 933 465 is
2 5 0.9998206496238708 930 438 965 465 an
2 5 0.6085430383682251 965 438 1067 465 expected
2 5 0.9990587830543518 1070 436 1120 463 bias
2 5 0.9995922446250916 1122 436 1216 463 between
2 5 0.9530944228172302 1217 433 1259 463 the
2 5 0.9874944090843201 1258 436 1306 463 two
2 5 0.9685347080230713 1305 436 1355 463 sets
2 5 0.9951360821723938 1353 433 1384 465 of
2 5 0.7327145934104919 1381 433 1515 465 coefficients.
2 6 0.9998557567596436 844 465 901 493 This
2 6 0.9999750852584839 901 465 930 493 in
2 6 0.9996107220649719 928 465 985 493 turn
2 6 0.9987531900405884 985 468 1062 495 means
2 6 0.9998947381973267 1062 465 1114 493 that
2 6 0.9387807846069336 1114 463 1140 493 if
2 6 0.9998537302017212 1137 465 1183 493 one
2 6 0.9980294108390808 1183 465 1238 493 fixes
2 6 0.9999668598175049 1238 463 1282 493 the
2 6 0.8721691370010376 1282 465 1353 493 LDCS
2 6 0.9654959440231323 1353 465 1455 493 obtained
2 6 0.8328168988227844 1456 465 1513 493 from
2 7 0.9998750686645508 846 497 888 527 the
2 7 0.9913597702980042 885 495 988 529 intensity
2 7 0.9974445104598999 988 495 1066 529 profile
2 7 0.9997935891151428 1064 497 1095 527 in
2 7 0.999876856803894 1093 495 1135 525 the
2 7 0.9996693134307861 1135 497 1214 525 transit
2 7 0.9952751398086548 1214 495 1292 529 fitting
2 7 0.9994926452636719 1290 495 1413 529 procedure,
2 7 0.7925376296043396 1414 497 1469 525 then
2 7 0.9993913173675537 1469 500 1515 525 one
2 8 0.9999209642410278 844 525 872 559 is
2 8 0.9931448698043823 870 525 936 561 using
2 8 0.97320955991745 938 529 1064 559 potentially
2 8 0.990048885345459 1064 525 1141 559 biased
2 8 0.9779069423675537 1145 527 1271 557 coefficients
2 8 0.9998132586479187 1271 523 1327 557 that
2 8 0.5841621160507202 1327 527 1372 555 can
2 8 0.9884309768676758 1372 523 1432 557 then
2 8 0.7133374214172363 1432 527 1484 555 lead
2 8 0.9999475479125977 1486 527 1516 555 to
2 9 0.9932354092597961 844 555 922 589 biased
2 9 0.999671459197998 928 559 1007 587 transit
2 9 0.9962007403373718 1014 557 1161 591 "parameters""."
2 9 0.9982779026031494 1169 555 1195 589 A
2 9 0.9995145797729492 1200 557 1298 591 strategy
2 9 0.9989838004112244 1303 559 1335 587 to
2 9 0.9979377388954163 1337 555 1406 589 avoid
2 9 0.9996882677078247 1410 555 1460 589 this
2 9 0.9971752166748047 1463 555 1518 589 bias
2 10 0.9935811758041382 844 589 910 616 could
2 10 0.9999361038208008 910 589 946 616 be
2 10 0.9999786615371704 946 589 977 616 to
2 10 0.9974850416183472 975 589 1012 616 let
2 10 0.9989985823631287 1014 589 1056 616 the
2 10 0.8521618247032166 1056 589 1127 616 LDCS
2 10 0.9674532413482666 1129 593 1158 614 as
2 10 0.9998794794082642 1159 589 1206 616 free
2 10 0.9994889497756958 1206 589 1339 621 parameters
2 10 0.9993269443511963 1337 587 1369 619 in
2 10 0.9999910593032837 1369 587 1411 616 the
2 10 0.9954425096511841 1411 589 1448 616 fit.
2 10 0.9998181462287903 1448 584 1515 619 How-
2 11 0.9874646663665771 844 623 902 650 ever,
2 11 0.9666664004325867 904 621 941 648 we
2 11 0.9980862140655518 940 616 994 650 also
2 11 0.9970236420631409 991 619 1072 653 expect
2 11 0.99998939037323 1074 621 1091 648 a
2 11 0.9909508228302002 1095 619 1145 646 bias
2 11 0.9996352195739746 1145 621 1179 648 on
2 11 0.9999983310699463 1180 619 1224 646 the
2 11 0.99915611743927 1222 616 1306 650 transit
2 11 0.9165086150169373 1305 619 1437 653 parameters
2 11 0.9998282194137573 1437 616 1466 648 in
2 11 0.6765297651290894 1468 619 1515 646 this
2 12 0.9968839287757874 844 650 898 678 case
2 12 0.9980618357658386 898 648 925 680 if,
2 12 0.9978392720222473 925 650 957 678 as
2 12 0.9987924098968506 956 646 982 678 it
2 12 0.9977021813392639 980 646 1007 678 is
2 12 0.9857245087623596 1004 644 1093 685 usually
2 12 0.7434541583061218 1091 646 1159 680 done;
2 12 0.6411535143852234 1159 648 1206 680 the:
2 12 0.7114283442497253 1201 644 1306 685 intensity
2 12 0.9658166170120239 1306 646 1385 682 profile
2 12 0.9992152452468872 1384 648 1410 678 is
2 12 0.9895474910736084 1408 648 1513 676 modelled
2 13 0.9994812607765198 844 708 965 742 accurately
2 13 0.999714195728302 969 710 1064 737 describe
2 13 0.9999878406524658 1066 708 1109 737 the
2 13 0.9991191029548645 1111 710 1153 737 full
2 13 0.9914161562919617 1156 712 1258 740 intensity
2 13 0.9763261675834656 1261 708 1353 742 profiles.
2 14 0.9997835755348206 894 740 925 767 In
2 14 0.996711254119873 927 740 1025 767 addition
2 14 0.9999610185623169 1027 740 1061 769 to
2 14 0.9999966621398926 1061 740 1106 767 the
2 14 0.9999680519104004 1108 740 1179 767 above
2 14 0.9896592497825623 1180 737 1303 772 mentioned
2 14 0.9840907454490662 1305 735 1423 776 problems,
2 14 0.9999978542327881 1424 740 1489 767 there
2 14 0.9997267127037048 1490 737 1516 769 is
2 15 0.9999465942382812 846 769 888 799 the
2 15 0.9986352324485779 889 772 951 799 issue
2 15 0.7425849437713623 952 772 1035 799 related
2 15 0.9999279975891113 1038 772 1070 801 to
2 15 0.9997802376747131 1070 774 1117 799 our
2 15 0.981168270111084 1119 769 1230 804 imperfect
2 15 0.972990095615387 1234 769 1356 804 knowledge
2 15 0.9940973520278931 1358 769 1390 801 of
2 15 0.9997658133506775 1390 769 1434 799 the
2 15 0.9990875720977783 1437 772 1513 799 under-
2 16 0.8782451152801514 844 799 912 836 lying,
2 16 0.6574229598045349 919 799 999 833 """true"","
2 16 0.9921503067016602 1003 804 1104 831 intensity
2 16 0.9696059823036194 1106 799 1190 833 profile.
2 16 0.9926113486289978 1193 799 1230 829 As
2 16 0.9996289014816284 1230 804 1269 831 we
2 16 0.9998408555984497 1267 804 1316 831 saw
2 16 0.9996746778488159 1318 799 1347 831 in
2 16 0.9329007267951965 1348 799 1387 836 83,
2 16 0.9999299049377441 1389 801 1437 829 this
2 16 0.9980962872505188 1437 799 1465 831 is
2 16 0.9996562004089355 1463 804 1515 831 cur-
2 17 0.999954104423523 844 831 917 865 rently
2 17 0.9990506768226624 917 836 954 863 an
2 17 0.9969147443771362 952 829 1017 863 issue
2 17 0.9993632435798645 1014 833 1048 863 as
2 17 0.9996484518051147 1046 836 1093 861 our
2 17 0.9997878670692444 1091 829 1179 863 models
2 17 0.9387177228927612 1179 833 1224 861 are
2 17 0.999808132648468 1222 833 1267 861 not
2 17 0.9994311928749084 1266 829 1324 863 able
2 17 0.9992325305938721 1322 833 1355 861 to
2 17 0.9982110261917114 1355 831 1471 865 reproduce
2 17 0.999981164932251 1474 831 1516 861 the
2 18 0.6406365633010864 846 863 948 890 observed
2 18 0.8618306517601013 949 858 1022 893 LDCS
2 18 0.8487637639045715 1022 858 1082 893 with
2 18 0.9981594681739807 1080 863 1187 890 sufficient
2 18 0.9594315886497498 1188 865 1297 893 accuracy.
2 18 0.9988288283348083 1301 863 1342 893 On
2 18 0.9999401569366455 1342 861 1389 897 top
2 18 0.9857790470123291 1389 861 1419 893 of
2 18 0.9997957348823547 1419 861 1474 895 this,
2 18 0.9858570098876953 1476 865 1515 893 ac-
2 19 0.9998799562454224 846 895 933 922 cording
2 19 0.9998956918716431 936 893 969 922 to
2 19 0.9996108412742615 969 895 1015 922 our
2 19 0.999656081199646 1015 890 1099 925 results
2 19 0.9997841715812683 1101 890 1130 922 in
2 19 0.9382992386817932 1132 890 1172 927 82,
2 19 0.9996046423912048 1174 890 1240 925 there
2 19 0.9996875524520874 1242 895 1284 922 are
2 19 0.9959601759910583 1287 893 1410 920 differences
2 19 0.9989162683486938 1413 895 1469 920 even
2 19 0.9124363660812378 1474 893 1515 920 be-
2 20 0.9998708963394165 846 925 915 952 tween
2 20 0.9995871186256409 915 927 961 952 our
2 20 0.9882672429084778 959 925 1012 952 own
2 20 0.9147641062736511 1011 918 1132 959 modelling
2 20 0.9366880059242249 1130 920 1161 952 of
2 20 0.9994169473648071 1158 920 1225 954 those
2 20 0.7209842205047607 1224 918 1314 959 profiles
2 20 0.9761359691619873 1314 922 1371 950 both
2 20 0.7122408747673035 1374 922 1468 950 between
2 20 0.9643546938896179 1471 922 1513 950 dif-
2 21 0.9997701048851013 844 950 915 984 ferent
2 21 0.9792819023132324 915 954 988 982 model
2 21 0.9924710988998413 986 952 1133 986 atmospheres
2 21 0.9653875827789307 1130 950 1180 984 and
2 21 0.9989593029022217 1177 950 1276 984 between
2 21 0.9996707439422607 1276 952 1318 982 the
2 21 0.9328187704086304 1316 952 1414 979 different
2 21 0.9989967942237854 1414 952 1515 979 methods
2 22 0.9992135763168335 894 1011 925 1041 In
2 22 0.9998739957809448 925 1014 990 1041 order
2 22 0.9998544454574585 991 1014 1024 1043 to
2 22 0.9974184036254883 1022 1011 1111 1046 explore
2 22 0.9999324083328247 1111 1014 1175 1041 these
2 22 0.9972975850105286 1177 1016 1264 1043 sources
2 22 0.9997163414955139 1264 1011 1295 1041 of
2 22 0.999734103679657 1293 1011 1353 1046 bias,
2 22 0.9999563694000244 1351 1011 1381 1043 in
2 22 0.9998123049736023 1382 1014 1431 1041 this
2 22 0.9970768690109253 1432 1014 1515 1041 section
2 23 0.9980359673500061 844 1048 883 1075 we
2 23 0.9918482303619385 886 1048 977 1075 perform
2 23 0.9901044964790344 982 1043 1117 1075 simulations
2 23 0.9995751976966858 1119 1046 1151 1073 to
2 23 0.9949741363525391 1151 1043 1222 1078 study
2 23 0.999994158744812 1227 1043 1269 1073 the
2 23 0.9989801049232483 1272 1043 1368 1078 possible
2 23 0.9996457099914551 1371 1046 1444 1073 biases
2 23 0.9983630776405334 1447 1046 1515 1073 intro-
2 24 0.9994995594024658 846 1075 915 1103 duced
2 24 0.6464664936065674 919 1071 956 1110 by
2 24 0.9979581832885742 956 1075 1003 1107 our
2 24 0.9137487411499023 1003 1073 1179 1107 limb-darkening
2 24 0.9977216124534607 1180 1075 1324 1110 assumptions
2 24 0.9998921155929565 1327 1078 1363 1105 on
2 24 0.9999028444290161 1364 1073 1408 1103 the
2 24 0.566434919834137 1410 1075 1515 1103 retrieved
2 25 0.9998258948326111 846 1107 923 1135 transit
2 25 0.9926820397377014 927 1105 1064 1139 parameters,
2 25 0.9974933862686157 1066 1105 1133 1139 using
2 25 0.9966674447059631 1132 1103 1214 1137 transit
2 25 0.6744375824928284 1216 1107 1342 1137 lightcurves
2 25 0.5372215509414673 1342 1105 1456 1139 generated
2 25 0.9999986886978149 1460 1105 1515 1132 with
2 26 0.9992762207984924 846 1137 888 1164 the
2 26 0.9875631332397461 889 1137 1006 1164 formalism
2 26 0.9834754467010498 1006 1135 1038 1164 of
2 26 0.997811496257782 1038 1137 1127 1164 Mandel
2 26 0.9781844019889832 1127 1135 1154 1164 &
2 26 0.9958156943321228 1156 1132 1216 1169 Agol
2 26 0.9966722726821899 1219 1132 1300 1169 (2002).
2 27 0.9943245053291321 846 1167 888 1196 4.1
2 27 0.9999803304672241 912 1167 941 1196 A
2 27 0.979394257068634 943 1164 1083 1196 simulation
2 27 0.9986838698387146 1087 1164 1166 1199 study
2 28 0.9998016953468323 893 1212 928 1247 In
2 28 0.99949049949646 933 1215 999 1242 order
2 28 0.9993891716003418 1006 1212 1095 1247 explore
2 28 0.9997971653938293 1103 1212 1146 1242 the
2 28 0.9998809099197388 1151 1210 1221 1244 effect
2 28 0.9520567059516907 1225 1217 1264 1244 on
2 28 0.9984452128410339 1271 1212 1314 1242 the
2 28 0.9972820281982422 1321 1215 1426 1240 retrieved
2 28 0.999397873878479 1435 1215 1515 1242 transit
2 29 0.9819544553756714 844 1247 977 1279 parameters
2 29 0.9986568689346313 980 1242 1011 1274 of
2 29 0.9934176206588745 1014 1242 1083 1279 fixing
2 29 0.9999392032623291 1088 1251 1119 1272 or
2 29 0.9982531666755676 1125 1244 1206 1279 having
2 29 0.9984731078147888 1211 1244 1255 1274 the
2 29 0.9852251410484314 1259 1244 1306 1276 the
2 29 0.6818698048591614 1309 1244 1379 1272 LDCS
2 29 0.9985296726226807 1382 1247 1414 1274 as
2 29 0.9792150259017944 1418 1242 1469 1276 free
2 29 0.9765042662620544 1473 1249 1515 1279 pa-
2 30 0.7786245346069336 844 1274 956 1308 rameters,
2 30 0.9996917247772217 959 1276 996 1306 we
2 30 0.9630309343338013 998 1276 1098 1304 simulate
2 30 0.9997181296348572 1101 1276 1180 1301 transit
2 30 0.9008886814117432 1185 1274 1313 1308 lightcurves
2 30 0.9999113082885742 1314 1272 1374 1306 with
2 30 0.9976667165756226 1374 1272 1429 1306 unit
2 30 0.9937478303909302 1431 1274 1515 1308 period,
2 31 0.9991519451141357 846 1306 936 1333 circular
2 31 0.9995582699775696 943 1306 1014 1333 orbits
2 31 0.9941378831863403 1019 1301 1070 1336 and
2 31 0.9999009370803833 1074 1308 1111 1336 an
2 31 0.9782965183258057 1116 1306 1216 1333 assumed
2 31 0.9989092350006104 1222 1304 1326 1338 intensity
2 31 0.9673502445220947 1332 1304 1473 1336 distribution
2 31 0.9988511800765991 1479 1306 1515 1333 for
2 32 0.9366326928138733 844 1336 888 1365 the
2 32 0.9997455477714539 891 1336 944 1363 host
2 32 0.9977801442146301 948 1336 1001 1363 star
2 32 0.994364857673645 1001 1333 1033 1363 of
2 32 0.9996755123138428 1033 1336 1080 1368 the
2 32 0.9978592991828918 1078 1333 1196 1368 transiting
2 32 0.9943348169326782 1200 1333 1284 1372 planet.
2 32 0.9966831803321838 1288 1336 1340 1363 The
2 32 0.9916892051696777 1343 1336 1418 1363 choice
2 32 0.9970883727073669 1421 1333 1450 1363 of
2 32 0.9999698400497437 1453 1336 1515 1363 units
2 33 0.8953424692153931 843 1363 901 1397 such
2 33 0.9994707703590393 906 1365 961 1393 that
2 33 0.9935978651046753 967 1363 996 1395 P
2 33 0.9604367017745972 1001 1365 1028 1395 =
2 33 0.9975634813308716 1035 1365 1059 1395 1
2 33 0.9997193217277527 1059 1365 1087 1395 is
2 33 0.986412763595581 1088 1365 1138 1400 just
2 33 0.99811851978302 1145 1365 1183 1395 for
2 33 0.9992378950119019 1188 1363 1329 1395 convenience
2 33 0.8248094916343689 1332 1363 1363 1395 of
2 33 0.9920580983161926 1366 1365 1474 1400 sampling
2 33 0.9948031306266785 1479 1365 1515 1395 di-
2 34 0.9994860887527466 844 1395 915 1429 rectly
2 34 0.9999275207519531 917 1395 948 1427 in
2 34 0.9997246861457825 949 1395 1020 1429 phase
2 34 0.9808394908905029 1022 1393 1074 1427 and
2 34 0.9999321699142456 1075 1397 1120 1425 has
2 34 0.9993546605110168 1124 1402 1158 1423 no
2 34 0.9986925721168518 1161 1397 1316 1429 consequences
2 34 0.9999539852142334 1318 1397 1358 1425 for
2 34 0.9998356103897095 1358 1393 1424 1427 what
2 34 0.913624107837677 1427 1397 1511 1423 follows.
2 35 0.9893341660499573 844 1425 899 1459 The
2 35 0.9910783171653748 902 1429 1015 1457 geometric
2 35 0.998403012752533 1022 1427 1154 1459 parameters
2 35 0.9975855350494385 1159 1425 1190 1455 of
2 35 0.9999843835830688 1195 1427 1238 1455 the
2 35 0.9999818801879883 1243 1427 1322 1455 transit
2 35 0.9900373220443726 1329 1429 1369 1457 we
2 35 0.9987490177154541 1371 1429 1419 1457 can
2 35 0.9997795224189758 1424 1427 1515 1455 retrieve
2 36 0.8692652583122253 846 1459 904 1487 from
2 36 0.8948964476585388 907 1461 954 1487 our
2 36 0.8777053952217102 957 1459 1070 1484 simulated
2 36 0.9995377063751221 1075 1457 1133 1491 light
2 36 0.9974918365478516 1138 1461 1216 1487 curves
2 36 0.9982934594154358 1219 1459 1263 1487 are
2 36 0.9999321699142456 1266 1457 1309 1487 the
2 36 0.5119959115982056 1314 1457 1473 1491 planet-to-star
2 36 0.6549437046051025 1476 1461 1515 1489 ra-
2 37 0.9996955394744873 843 1484 899 1518 dius
2 37 0.9987809062004089 901 1487 969 1521 ratio,
2 37 0.9294712543487549 970 1491 994 1521 P
2 37 0.6911808848381042 1001 1491 1027 1516 -
2 37 0.3317345678806305 1030 1484 1120 1525 Rp/R.,
2 37 0.999887228012085 1125 1487 1169 1516 the
2 37 0.8060454726219177 1171 1487 1305 1521 semi-major
2 37 0.8439411520957947 1306 1484 1361 1518 axis
2 37 0.9993298053741455 1363 1489 1395 1516 to
2 37 0.9989383816719055 1397 1489 1473 1516 stellar
2 37 0.8748878240585327 1476 1491 1515 1518 ra-
2 38 0.9995455145835876 843 1516 899 1550 dius
2 38 0.9986530542373657 902 1518 970 1553 ratio,
2 38 0.5158720016479492 973 1523 1012 1550 aR
2 38 0.7190996408462524 1024 1523 1046 1546 -
2 38 0.6754125952720642 1053 1516 1125 1553 a/Re,
2 38 0.9965392351150513 1130 1516 1182 1550 and
2 38 0.9987667798995972 1187 1518 1229 1548 the
2 38 0.9993264675140381 1235 1518 1358 1546 inclination
2 38 0.9953775405883789 1364 1516 1397 1546 of
2 38 0.9999771118164062 1398 1518 1442 1546 the
2 38 0.9997861981391907 1445 1516 1515 1550 orbit,
2 39 0.7023681998252869 870 1546 923 1580 The
2 39 0.8907612562179565 925 1550 1057 1576 simulations
2 39 0.9758131504058838 1062 1550 1120 1578 were
2 39 0.9925965070724487 1124 1548 1243 1582 performed
2 39 0.9984242916107178 1245 1550 1280 1580 as
2 39 0.9711064696311951 1282 1548 1368 1576 follows.
2 39 0.9969828724861145 1374 1546 1442 1580 First,
2 39 0.9536633491516113 1447 1548 1513 1576 based
2 40 0.9960659146308899 843 1582 880 1610 on
2 40 0.999983549118042 880 1578 927 1610 the
2 40 0.9984155893325806 925 1576 986 1610 data
2 40 0.9916220903396606 986 1576 1048 1610 from
2 40 0.9993025064468384 1048 1578 1083 1608 all
2 40 0.6704472899436951 1085 1573 1204 1614 transiting
2 40 0.9996229410171509 1206 1578 1292 1612 planets
2 40 0.9718111753463745 1295 1580 1414 1608 discovered
2 40 0.9997448325157166 1419 1580 1452 1608 to
2 40 0.9904938340187073 1452 1578 1515 1612 date,
2 41 0.9773516058921814 844 1612 883 1640 we
2 41 0.9998216032981873 881 1610 961 1637 choose
2 41 0.9999260902404785 961 1610 993 1640 to
2 41 0.9998365640640259 991 1610 1093 1644 generate
2 41 0.9873579740524292 1093 1608 1203 1642 synthetic
2 41 0.9999110698699951 1203 1610 1284 1637 transit
2 41 0.5607579946517944 1285 1608 1413 1642 lightcurves
2 41 0.9988184571266174 1414 1610 1452 1640 for
2 41 0.9893566966056824 1450 1608 1515 1644 plan-
2 42 0.9995198249816895 844 1642 885 1669 ets
2 42 0.9997064471244812 888 1640 944 1667 with
2 42 0.9992469549179077 949 1640 985 1669 all
2 42 0.9992600083351135 990 1640 1033 1669 the
2 42 0.9831929206848145 1036 1637 1193 1669 combinations
2 42 0.9879879951477051 1196 1637 1227 1669 of
2 42 0.9964446425437927 1230 1640 1361 1674 parameters
2 42 0.5844277143478394 1369 1637 1453 1676 (an-P)
2 42 0.9999758005142212 1456 1637 1516 1672 with
2 43 0.9961811304092407 846 1672 919 1699 values
2 43 0.6035299897193909 922 1674 957 1701 aR
2 43 0.7438154816627502 962 1676 986 1697 E
2 43 0.5667128562927246 990 1667 1127 1708 (3.27,3.92,4
2 43 0.998278021812439 1112 1669 1180 1703 4.87,
2 43 0.8649769425392151 1167 1669 1232 1703 6.45,
2 43 0.9985262155532837 1227 1669 1288 1703 9.52,
2 43 0.9025585055351257 1285 1669 1360 1703 18.18,
2 43 0.9873477220535278 1355 1669 1413 1703 200}
2 43 0.9337714910507202 1414 1669 1466 1703 and
2 43 0.9406158924102783 1465 1674 1489 1703 P
2 43 0.6375746726989746 1490 1676 1511 1697 -
2 44 0.9973902106285095 847 1699 917 1735 (0.01,
2 44 0.9979945421218872 910 1699 973 1733 0.06,
2 44 0.8796758055686951 969 1699 1156 1733 0.11,0.16,0.21)-
2 44 0.9990618824958801 1158 1699 1190 1731 In
2 44 0.9305843114852905 1190 1701 1256 1729 order
2 44 0.9999057054519653 1256 1701 1288 1731 to
2 44 0.9990456700325012 1287 1699 1376 1733 explore
2 44 0.999716579914093 1377 1701 1419 1729 the
2 44 0.9936143755912781 1421 1701 1486 1729 effect
2 44 0.9994022846221924 1487 1701 1516 1729 of
2 45 0.9640697240829468 846 1733 943 1761 different
2 45 0.86443030834198 946 1729 1033 1770 impact
2 45 0.9165399670600891 1036 1731 1175 1765 parameters,
2 45 0.9980605244636536 1179 1733 1198 1758 b
2 45 0.6537122130393982 1204 1735 1227 1758 -
2 45 0.4942597448825836 1234 1731 1340 1765 cos(i)ar,
2 45 0.9999104738235474 1347 1733 1384 1761 we
2 45 0.9987523555755615 1385 1729 1439 1763 also
2 45 0.9879525303840637 1440 1729 1516 1763 varied
2 46 0.699062168598175 843 1758 870 1793 b
2 46 0.9987607002258301 865 1758 927 1793 from
2 46 0.9997938275337219 930 1763 949 1788 0
2 46 0.9992709755897522 954 1761 986 1790 to
2 46 0.9998286962509155 988 1761 1028 1790 0.9
2 46 0.999946117401123 1033 1761 1064 1793 in
2 46 0.9977644681930542 1066 1761 1132 1797 steps
2 46 0.980424702167511 1132 1761 1164 1790 of
2 46 0.9959368705749512 1166 1761 1213 1793 0.1.
2 46 0.9989959597587585 1216 1758 1276 1793 This
2 46 0.9984741806983948 1277 1758 1363 1793 defines
2 46 0.9999263286590576 1366 1761 1413 1793 350
2 46 0.751376748085022 1416 1763 1513 1788 different
2 47 0.9831820130348206 844 1822 1004 1857 configuration,
2 47 0.9957460761070251 1003 1820 1043 1857 we
2 47 0.9897220730781555 1040 1825 1151 1852 simulated
2 47 0.9999006986618042 1156 1822 1198 1852 100
2 47 0.998167872428894 1198 1825 1303 1852 noiseless,
2 47 0.9996110796928406 1305 1825 1416 1852 uniformly
2 47 0.7564987540245056 1418 1825 1513 1852 sampled
2 48 0.5535625219345093 844 1852 972 1886 lightcurves
2 48 0.999961256980896 970 1850 1028 1884 with
2 48 0.9976119995117188 1027 1850 1087 1884 1000
2 48 0.8414313793182373 1085 1854 1193 1882 in-transit
2 48 0.9991825222969055 1193 1852 1269 1886 points
2 48 0.9848452806472778 1267 1850 1318 1884 and
2 48 0.9974809288978577 1316 1852 1363 1884 400
2 48 0.7156550884246826 1360 1854 1513 1879 out-of-transit
2 49 0.999638557434082 844 1884 922 1918 points
2 49 0.9997463822364807 922 1882 986 1916 each,
2 49 0.9984626770019531 990 1884 1064 1911 whose
2 49 0.9994945526123047 1067 1884 1138 1911 initial
2 49 0.9978982210159302 1141 1882 1211 1916 times
2 49 0.9998925924301147 1213 1886 1271 1914 were
2 49 0.9907580614089966 1272 1882 1387 1916 randomly
2 49 0.9893089532852173 1389 1882 1515 1916 perturbed.
2 50 0.9998929500579834 846 1914 888 1943 We
2 50 0.9998458623886108 889 1914 940 1941 first
2 50 0.6068978309631348 943 1916 1028 1943 assume
2 50 0.9680249691009521 1030 1914 1114 1948 perfect
2 50 0.9537971615791321 1119 1916 1238 1943 knowledge
2 50 0.9949496984481812 1240 1911 1271 1943 of
2 50 0.9983698725700378 1271 1914 1314 1941 the
2 50 0.8530849814414978 1318 1916 1440 1943 underlying
2 50 0.9977238774299622 1444 1911 1515 1946 inten-
2 51 0.9914867877960205 843 1943 893 1980 sity
2 51 0.9982442855834961 894 1943 972 1978 profile
2 51 0.5159071683883667 975 1946 1011 1980 by
2 51 0.997725784778595 1011 1941 1138 1982 generating
2 51 0.9999808073043823 1141 1946 1183 1975 the
2 51 0.9998049139976501 1187 1946 1277 1973 transits
2 51 0.9078458547592163 1280 1943 1348 1978 using
2 51 0.9987298846244812 1350 1943 1393 1973 the
2 51 0.8240911364555359 1397 1946 1513 1973 non-linear
2 52 0.9968331456184387 844 1975 889 2003 law
2 52 0.6289844512939453 889 1975 946 2003 with
2 52 0.9998519420623779 948 1973 988 2003 the
2 52 0.9480599761009216 988 1973 1117 2005 coefficients
2 52 0.4864410161972046 1119 1973 1272 2007 (C1,02,03,Ca)
2 52 0.9988768696784973 1274 1975 1377 2003 obtained
2 52 0.9997226595878601 1377 1973 1408 2005 in
2 52 0.8834959864616394 1408 1975 1494 2003 Section
2 52 0.9998505115509033 1494 1973 1516 2005 2
2 53 0.9952926635742188 844 2005 883 2035 for
2 53 0.8015651702880859 888 2007 972 2032 models
2 53 0.9999721050262451 977 2003 1035 2037 with
2 53 0.8946980834007263 1038 2005 1098 2042 logg
2 53 0.7542186379432678 1106 2010 1129 2030 -
2 53 0.9982996582984924 1135 2005 1183 2042 4.5,
2 53 0.9996423721313477 1185 2003 1248 2037 solar
2 53 0.9113335013389587 1251 2005 1382 2039 metallicity,
2 54 0.6724468469619751 865 2092 915 2119 The
2 54 0.9993321299552917 914 2092 967 2119 level
2 54 0.9977664947509766 965 2092 994 2119 of
2 54 0.9980059266090393 990 2092 1038 2119 bias
2 54 0.9999696016311646 1036 2092 1080 2119 will
2 54 0.9757696986198425 1080 2094 1166 2122 depend,
2 54 0.9776820540428162 1166 2094 1240 2122 among
2 54 0.9999908208847046 1240 2092 1300 2119 other
2 54 0.9992801547050476 1298 2092 1381 2119 factors,
2 54 0.9997350573539734 1381 2096 1411 2117 on
2 54 0.9997414946556091 1411 2092 1452 2119 the
2 54 0.9994738698005676 1450 2092 1515 2119 band-
2 55 0.9689763188362122 843 2119 901 2153 pass.
2 55 0.9999469518661499 904 2119 933 2147 In
2 55 0.9456900954246521 933 2117 1049 2151 particular,
2 55 0.9884691834449768 1049 2117 1119 2151 issues
2 55 0.8570372462272644 1119 2119 1183 2147 noted
2 55 0.9999401569366455 1183 2117 1214 2147 in
2 55 0.9997598528862 1214 2119 1261 2147 this
2 55 0.9998914003372192 1263 2122 1327 2149 paper
2 55 0.9976515173912048 1330 2119 1403 2147 should
2 55 0.9995064735412598 1405 2117 1434 2147 in
2 55 0.9996929168701172 1435 2122 1513 2149 general
3 0 0.9998527765274048 114 678 158 708 the
3 0 0.9999717473983765 161 678 248 705 ATLAS
3 0 0.9866494536399841 250 678 342 712 models,
3 0 0.9999911785125732 344 676 402 710 with
3 0 0.9982276558876038 402 685 424 708 a
3 0 0.9095160961151123 423 680 491 708 mean
3 0 0.903538703918457 491 676 607 710 difference
3 0 0.9965489506721497 605 678 636 708 of
3 0 0.20148307085037231 633 664 788 724 -0008-R43
3 0 0.9990977048873901 844 676 902 710 with
3 0 0.9999585151672363 904 682 923 708 a
3 0 0.9951208233833313 925 678 1038 712 quadratic
3 0 0.9989535808563232 1040 676 1090 710 law
3 0 0.9985529780387878 1087 676 1162 710 which
3 0 0.9991750121116638 1162 682 1201 710 we
3 0 0.5854469537734985 1203 685 1238 705 we
3 0 0.9999260902404785 1238 676 1301 710 have
3 0 0.9986327290534973 1300 680 1355 708 seen
3 0 0.999834418296814 1356 678 1384 710 is
3 0 0.9996582269668579 1382 680 1429 708 not
3 0 0.9999446868896484 1429 676 1486 710 able
3 0 0.999948263168335 1486 680 1516 708 to
4 0 0.5919671654701233 844 984 901 1011 used
4 0 0.9991494417190552 902 984 933 1011 to
4 0 0.9770052433013916 935 984 1007 1011 derive
4 0 0.9988957643508911 1009 982 1053 1011 the
4 0 0.7013139128684998 1053 979 1127 1014 LDCS
4 0 0.9906951189041138 1125 979 1187 1014 from
4 0 0.9945372939109802 1185 979 1258 1014 them.
5 0 0.9999173879623413 111 1014 140 1043 is
5 0 0.6888911724090576 137 1011 197 1046 3.80
5 0 0.9997314810752869 197 1016 258 1043 away
5 0 0.9763097763061523 260 1014 318 1041 from
5 0 0.9926126003265381 319 1016 381 1043 zero.
6 0 0.9137330055236816 113 1781 239 1815 comparing
6 0 0.9571219086647034 239 1779 290 1815 and
6 0 0.9098314642906189 293 1781 432 1815 interpreting
6 0 0.5938743352890015 437 1781 505 1809 LDCS
6 0 0.9791172742843628 508 1779 570 1813 from
6 0 0.9996086955070496 573 1781 654 1809 transit
6 0 0.8545117974281311 659 1781 786 1815 lightcurves
6 0 0.9999401569366455 843 1790 925 1825 orbital
6 0 0.9505578875541687 927 1788 1093 1829 configurations
6 0 0.9994704127311707 1095 1793 1133 1822 for
6 0 0.99996018409729 1137 1795 1182 1822 our
6 0 0.8234013319015503 1182 1790 1324 1822 simulations.
6 0 0.9999024868011475 1329 1793 1372 1820 For
6 0 0.9930227994918823 1376 1793 1431 1820 each
6 0 0.9966517090797424 1434 1793 1513 1820 orbital
7 0 0.9997523427009583 113 1811 180 1845 using
7 0 0.997199535369873 180 1813 227 1845 our
7 0 0.9947699904441833 226 1809 356 1843 MC-SPAM
7 0 0.9980666041374207 358 1811 478 1845 algorithm.
7 1 0.9982965588569641 156 1877 302 1909 TRANSIT
7 1 0.9867536425590515 305 1877 437 1909 FITTING
8 0 0.9955161213874817 1494 2005 1516 2037 2
8 1 0.9364835023880005 1387 2010 1456 2044 """turb"
9 0 0.9998445510864258 843 2147 877 2174 be
9 0 0.9995784163475037 875 2147 919 2174 less
9 0 0.9980877041816711 919 2149 988 2174 severe
9 0 0.9999743700027466 988 2147 1017 2174 in
9 0 0.9999830722808838 1015 2147 1057 2174 the
9 0 0.9090638160705566 1057 2147 1158 2174 infra-red.
10 0 0.9110192656517029 114 2206 142 2238 @
10 0 0.9995822310447693 143 2204 200 2238 2015
10 0 0.9994949102401733 201 2208 261 2236 RAS,
10 0 0.9928762912750244 263 2208 356 2236 MNRAS
10 0 0.9998195767402649 356 2208 411 2236 000,
10 0 0.8910908699035645 411 2204 468 2238 1-25
