block line confidence X1 Y1 X2 Y2 token
0 0 0.88185715675354 443 186 471 232 F
0 0 0.9285256266593933 456 189 483 242 p
0 1 0.9999123811721802 446 236 476 266 A
1 0 0.3848985731601715 1022 184 1079 229 dp
1 1 0.1137448400259018 937 193 1268 292 BejuRdta0l0
2 0 0.837439775466919 469 197 582 262 -X
2 0 0.5022541284561157 567 206 629 257 Ireal
2 0 0.39785265922546387 630 206 748 255 (ma(00)
2 0 0.9863475561141968 753 219 781 247 -
2 0 0.19890336692333221 776 199 906 262 m2(0n)
2 0 0.8992550373077393 921 221 934 238 I
3 0 0.9998302459716797 1436 210 1497 251 (32)
4 0 0.9810763597488403 239 360 330 393 where
4 0 0.41117823123931885 330 363 368 399 ni
4 0 0.9991387128829956 368 354 401 397 is
4 0 0.9999970197677612 403 358 456 393 the
4 0 0.9734419584274292 458 360 572 393 number
4 0 0.9990341663360596 576 356 612 395 of
4 0 0.9984057545661926 612 358 723 397 degrees
4 0 0.9899415373802185 725 358 763 395 of
4 0 0.9795438647270203 763 358 883 391 freedom
4 0 0.9907214641571045 886 358 933 393 for
4 0 0.9257079362869263 934 360 1040 399 species
4 0 0.9921403527259827 1040 356 1070 399 2,
4 0 0.3090994954109192 1072 358 1162 399 ma(O)
4 0 0.9998636245727539 1165 367 1216 393 are
4 0 0.9999713897705078 1220 358 1273 393 the
4 0 0.9043388366699219 1275 358 1497 397 field-dependent
4 1 0.9680286645889282 197 425 298 451 masses
4 1 0.7803924679756165 308 418 454 457 (including
4 1 0.9997015595436096 461 416 514 451 the
4 1 0.997795820236206 519 418 632 451 thermal
4 1 0.7568775415420532 642 425 743 451 masses
4 1 0.9982282519340515 750 416 796 453 for
4 1 0.9997466206550598 801 416 854 453 the
4 1 0.9982959628105164 858 418 979 457 bosons),
4 1 0.5350536704063416 991 416 1089 457 Eip(o)
4 1 0.8671839833259583 1095 418 1133 457 =
4 1 0.49673938751220703 1132 410 1213 459 VP
4 1 0.9999579191207886 1201 416 1236 457 +
4 1 0.33033546805381775 1233 412 1338 459 m2(6),
4 1 0.9994128942489624 1343 414 1404 455 and
4 1 0.9998959302902222 1409 418 1499 451 where
4 2 0.2510102391242981 194 464 254 528 a
4 2 0.9980320334434509 247 479 300 511 are
4 2 0.9999521970748901 300 474 353 511 the
4 2 0.9443010687828064 356 476 517 515 equilibrium
4 2 0.9915450811386108 521 476 692 507 distribution
4 2 0.9124642610549927 697 476 838 507 functions.
4 2 0.885905385017395 848 476 928 509 Since
4 2 0.9999969005584717 928 474 982 509 the
4 2 0.9983118772506714 982 476 1070 509 wall's
4 2 0.9944115281105042 1069 476 1175 509 motion
4 2 0.9998393058776855 1177 476 1206 509 is
4 2 0.839862585067749 1206 476 1331 509 assumed
4 2 0.999647855758667 1334 479 1371 511 to
4 2 0.9998438358306885 1371 474 1412 511 be
4 2 0.9936610460281372 1412 476 1497 509 ultra-
4 3 0.990610659122467 195 532 361 571 relativistic,
4 3 0.9999614953994751 366 532 420 569 the
4 3 0.9997101426124573 426 541 537 573 passage
4 3 0.9751160144805908 542 532 581 569 of
4 3 0.999777615070343 584 532 637 567 the
4 3 0.9981632828712463 639 530 705 571 wall
4 3 0.9989820122718811 708 534 826 573 changes
4 3 0.9999080896377563 830 532 886 571 the
4 3 0.9443883895874023 889 541 991 567 masses
4 3 0.9991312623023987 996 532 1107 573 sharply
4 3 0.9999203681945801 1113 532 1170 567 but
4 3 0.9991745352745056 1175 534 1263 567 leaves
4 3 0.9999860525131226 1268 532 1321 569 the
4 3 0.9955691695213318 1326 532 1497 565 distribution
4 4 0.9803153872489929 199 592 332 625 functions
4 4 0.9995123147964478 335 599 370 627 as
4 4 0.9999175071716309 371 590 441 631 they
4 4 0.9984362721443176 443 597 511 623 were
4 4 0.9999353885650635 512 595 546 625 in
4 4 0.9999464750289917 549 590 600 627 the
4 4 0.8511959314346313 602 595 755 627 symmetric
4 4 0.9999688863754272 757 590 845 631 phase
4 4 0.5900295376777649 846 595 883 627 to
4 4 0.9884995818138123 879 592 991 631 leading
4 4 0.999476969242096 991 592 1070 627 order
4 4 0.9999570846557617 1070 590 1108 629 in
4 4 0.8198081254959106 1110 588 1168 633 1/7
4 4 0.8962132334709167 1168 595 1270 627 (where
4 4 0.3882811963558197 1270 595 1296 629 Y
4 4 0.49981480836868286 1298 597 1331 627 =
4 4 0.9530535936355591 1334 586 1417 629 1/V1
4 4 0.7594599723815918 1416 597 1447 625 -
4 4 0.6996098160743713 1445 584 1497 631 03)
4 5 0.95571368932724 237 706 287 749 As
4 5 0.9998539686203003 287 711 400 749 pointed
4 5 0.9998438358306885 403 713 458 745 out
4 5 0.9998878240585327 459 708 498 747 in
4 5 0.7201493382453918 499 711 561 745 Ref.
4 5 0.9925704598426819 571 708 632 751 [92],
4 5 0.9999586343765259 639 711 690 745 the
4 5 0.9996836185455322 695 715 780 741 above
4 5 0.9708458185195923 786 715 937 747 expression
4 5 0.9994365572929382 942 713 972 745 is
4 5 0.995647132396698 976 711 1125 749 equivalent
4 5 0.9999915361404419 1130 715 1165 743 to
4 5 0.9997684359550476 1168 711 1221 745 the
4 5 0.8648972511291504 1225 711 1386 749 free-energy
4 5 0.9998273253440857 1389 711 1497 749 density
4 6 0.9989101886749268 197 769 338 801 difference
4 6 0.9994494318962097 345 773 461 799 between
4 6 0.999637246131897 466 769 519 803 the
4 6 0.9867588877677917 522 773 632 799 minima
4 6 0.9999771118164062 637 771 674 803 in
4 6 0.9973949193954468 675 769 728 803 the
4 6 0.9753348231315613 732 773 854 799 so-called
4 6 0.725189745426178 863 775 942 801 mean
4 6 0.9849318861961365 947 766 1016 807 field
4 6 0.9958680868148804 1016 766 1050 805 T
4 6 0.9541754722595215 1050 766 1084 809 #
4 6 0.9994471669197083 1085 769 1108 803 0
4 6 0.9346868395805359 1112 769 1228 801 thermal
4 6 0.7376537919044495 1233 769 1353 801 effective
4 6 0.9909427762031555 1358 773 1495 805 potential,
4 7 0.43780645728111267 194 814 247 872 Vr
4 7 0.969996452331543 244 825 302 867 [92,
4 7 0.9971126317977905 300 825 360 867 95].
4 7 0.5771260261535645 365 822 411 867 Vr
4 7 0.9989088773727417 410 825 443 863 is
4 7 0.9954534769058228 441 827 541 867 simply
4 7 0.9993987083435059 542 827 624 867 given
4 7 0.999933123588562 625 827 667 865 by
4 7 0.9999274015426636 669 831 693 863 a
4 7 0.9129265546798706 693 827 791 865 Taylor
4 7 0.9997507929801941 793 829 941 867 expansion
4 7 0.9828564524650574 941 822 977 863 of
4 7 0.5321044921875 977 825 1040 870 Vir
4 7 0.9917491674423218 1040 829 1145 861 around
4 7 0.999920129776001 1148 827 1201 863 the
4 7 0.929533839225769 1203 831 1356 863 symmetric
4 7 0.9366937875747681 1358 829 1497 859 minimum
4 8 0.9997854828834534 195 883 232 921 in
4 8 0.9937020540237427 234 880 302 921 field
4 8 0.9900029897689819 305 891 395 923 space,
4 8 0.9866282343864441 401 887 544 917 truncated
4 8 0.9999494552612305 551 887 584 917 at
4 8 0.9955793023109436 589 885 732 923 quadratic
4 8 0.998708963394165 735 885 816 919 order
4 8 0.9999473094940186 818 883 854 921 in
4 8 0.9999575614929199 856 885 911 919 the
4 8 0.6638875007629395 913 885 1137 923 field-dependent
4 8 0.518842339515686 1143 893 1250 919 masses,
4 8 0.9919093251228333 1256 883 1306 919 i.e.
4 8 0.7544954419136047 1316 885 1369 921 92,
4 8 0.9848072528839111 1372 880 1419 925 95]
5 0 0.9958792924880981 199 646 262 689 [95].
6 0 0.3116845488548279 1122 990 1236 1031 dVr(po,
6 0 0.9969678521156311 1236 992 1265 1024 T
6 0 0.9366533160209656 1268 990 1299 1031 #
6 0 0.9994584918022156 1301 990 1336 1029 0)
6 1 0.9560344815254211 1196 1033 1260 1076 dm?
7 0 0.6077090501785278 345 1007 433 1054 Vrlo,
7 0 0.9981560111045837 429 1014 459 1046 T
7 0 0.9051209092140198 461 1011 494 1052 #
7 0 0.9458886981010437 496 1011 531 1052 0)
7 0 0.9516366720199585 532 1014 569 1052 E
7 0 0.44247129559516907 571 1011 669 1052 Vr(po,
7 0 0.9996194839477539 664 1009 700 1048 T
7 0 0.7229666709899902 698 1011 733 1052 #
7 0 0.9962426424026489 732 1011 770 1050 0)
7 0 0.9999165534973145 768 1009 803 1052 +
7 0 0.8346003293991089 801 1005 854 1059 X
7 0 0.5197532773017883 856 1003 966 1059 (m3(0)
7 0 0.9999829530715942 979 1020 994 1044 -
7 0 0.26651933789253235 996 1001 1117 1059 m2(00))
8 0 0.9972733855247498 1436 1011 1497 1052 (33)
9 0 0.9985585808753967 239 1160 318 1192 With
9 0 0.999911904335022 325 1160 385 1194 this
9 0 0.9443191289901733 390 1164 536 1196 definition,
9 0 0.5365984439849854 546 1160 599 1194 the
9 0 0.9996908903121948 604 1162 742 1194 condition
9 0 0.986649215221405 750 1160 815 1194 that
9 0 0.984670877456665 823 1166 896 1192 must
9 0 0.9998438358306885 903 1160 946 1194 be
9 0 0.7841442823410034 951 1162 1069 1194 satisfied
9 0 0.9984822869300842 1077 1160 1123 1194 for
9 0 0.9996894598007202 1128 1160 1182 1194 the
9 0 0.9986059069633484 1187 1160 1250 1194 wall
9 0 0.9996922016143799 1255 1162 1294 1196 to
9 0 0.9999362230300903 1298 1168 1353 1194 run
9 0 0.5214710235595703 1361 1170 1436 1196 away
9 0 0.9998878240585327 1444 1168 1499 1194 can
9 1 0.9998037219047546 195 1218 239 1254 be
9 1 0.9954448938369751 242 1220 396 1258 re-phrased
9 1 0.9983422756195068 405 1224 441 1252 as
9 1 0.4141385853290558 448 1213 600 1261 VrlonsTa)
9 1 0.9897029995918274 604 1224 637 1254 -
9 1 0.271553635597229 637 1213 737 1261 Vr(oo,
9 1 0.6092075109481812 732 1216 786 1258 T.)
9 1 0.9948105812072754 796 1222 826 1254 <
9 1 0.3007868230342865 835 1218 926 1258 Vi(po,
9 1 0.8729851841926575 923 1216 956 1254 T
9 1 0.9784799218177795 959 1220 994 1258 =
9 1 0.9403321146965027 997 1218 1032 1258 0)
9 1 0.5019394159317017 1042 1228 1064 1250 -
9 1 0.46423810720443726 1072 1218 1172 1256 VilOns
9 1 0.99930739402771 1165 1220 1195 1252 T
9 1 0.8028373122215271 1203 1224 1235 1254 -
9 1 0.7027539610862732 1236 1216 1286 1261 0).
9 1 0.9284138083457947 1298 1218 1497 1256 Re-arranging,
9 2 0.9978883862495422 197 1278 257 1312 and
9 2 0.9267758727073669 267 1280 383 1312 defining
9 2 0.9999055862426758 393 1276 446 1312 the
9 2 0.995875895023346 453 1276 506 1310 full
9 2 0.9978907704353333 516 1276 609 1314 1-loop
9 2 0.9548800587654114 619 1284 698 1310 mean
9 2 0.8978462219238281 708 1276 775 1310 field
9 2 0.9029197096824646 783 1278 904 1310 effective
9 2 0.9991957545280457 916 1280 1045 1312 potential
9 2 0.544129490852356 1057 1274 1132 1316 V(o,
9 2 0.9996775388717651 1127 1276 1168 1312 T)
9 2 0.9492579698562622 1180 1278 1216 1314 E
9 2 0.34608936309814453 1225 1276 1306 1316 V6(0)
9 2 0.9999091625213623 1311 1276 1344 1314 +
9 2 0.3179054856300354 1348 1276 1427 1316 Vi(o,
9 2 0.9994193315505981 1426 1278 1455 1310 T
9 2 0.6611760258674622 1467 1282 1497 1310 =
10 0 0.9956001043319702 197 1334 230 1375 0)
10 0 0.9997859597206116 232 1334 265 1372 +
10 0 0.3404766619205475 263 1329 353 1377 V7(o,
10 0 0.9982659220695496 348 1332 401 1375 T),
10 0 0.9953413009643555 406 1334 459 1368 the
10 0 0.9943119287490845 461 1340 587 1372 runaway
10 0 0.9972688555717468 592 1336 728 1368 condition
10 0 0.992020308971405 735 1336 859 1368 becomes
11 0 0.19010889530181885 420 1460 503 1501 V(0o,
11 0 0.5309619903564453 501 1460 557 1503 Ta)
11 0 0.9791369438171387 559 1469 591 1499 -
11 0 0.32798463106155396 592 1460 682 1501 V(ons
11 0 0.660677433013916 677 1460 733 1503 Ta)
11 0 0.9776285290718079 737 1463 768 1501 >
11 0 0.9966264963150024 770 1460 801 1501 0,
11 0 0.4704344868659973 835 1469 871 1495 4>
11 0 0.9993278980255127 909 1463 1045 1501 Runaway
11 0 0.9860684871673584 1057 1467 1172 1493 solution
11 0 0.9075478315353394 1185 1467 1275 1493 exists.
12 0 0.9958462119102478 1436 1460 1497 1503 (34)
13 0 0.999656081199646 239 1609 308 1643 This
13 0 0.9989515542984009 310 1615 431 1647 suggests
13 0 0.7891536951065063 433 1609 486 1643 the
13 0 0.9997581839561462 486 1613 619 1645 following
13 0 0.9994496703147888 622 1611 745 1643 criterion
13 0 0.9991632699966431 747 1609 793 1643 for
13 0 0.9890998005867004 795 1613 969 1645 determining
13 0 0.9998900890350342 972 1611 1090 1643 whether
13 0 0.9995504021644592 1092 1609 1145 1643 the
13 0 0.999907374382019 1145 1609 1206 1643 wall
13 0 0.9989342093467712 1206 1609 1241 1647 is
13 0 0.9890376925468445 1236 1607 1301 1647 safe
13 0 0.5041391849517822 1299 1611 1372 1643 from
13 0 0.999388575553894 1371 1615 1497 1647 runaway
13 1 0.9502977728843689 200 1667 263 1710 [92]:
13 1 0.9998921155929565 272 1665 303 1703 if
13 1 0.9896088242530823 303 1669 444 1708 tunneling
13 1 0.9999741315841675 451 1671 488 1703 to
13 1 0.9999611377716064 491 1669 544 1703 the
13 1 0.6963212490081787 551 1669 650 1701 broken
13 1 0.8232036828994751 657 1671 796 1701 minimum
13 1 0.6836649179458618 803 1669 845 1712 On
13 1 0.9996674060821533 850 1671 879 1703 is
13 1 0.999382734298706 883 1671 939 1703 not
13 1 0.7428067922592163 944 1673 1125 1705 energetically
13 1 0.9991841912269592 1135 1669 1241 1701 favored
13 1 0.9999935626983643 1248 1671 1281 1701 in
13 1 0.9998791217803955 1288 1669 1341 1703 the
13 1 0.9008440971374512 1346 1675 1426 1701 mean
13 1 0.932522714138031 1432 1669 1497 1701 field
13 2 0.9997069239616394 197 1727 338 1766 potential,
13 2 0.9928434491157532 343 1727 396 1761 the
13 2 0.9995453953742981 400 1727 461 1761 wall
13 2 0.9994831085205078 468 1731 566 1757 cannot
13 2 0.9999372959136963 572 1733 625 1759 run
13 2 0.9895647764205933 630 1733 713 1766 away.
13 2 0.9999183416366577 722 1729 808 1766 Thus,
13 2 0.9983320832252502 813 1725 861 1761 for
13 2 0.9998760223388672 861 1727 903 1761 all
13 2 0.9881899356842041 906 1725 942 1761 of
13 2 0.9999212026596069 941 1729 999 1761 our
13 2 0.6281604170799255 1001 1727 1185 1766 benchmarks,
13 2 0.9999864101409912 1190 1727 1218 1759 it
13 2 0.9994737505912781 1221 1727 1328 1759 suffices
13 2 0.9998931884765625 1333 1731 1367 1759 to
13 2 0.7409804463386536 1371 1731 1499 1763 compute
13 3 0.9941180944442749 199 1785 268 1817 both
13 3 0.9999573230743408 272 1785 325 1819 the
13 3 0.9338057637214661 327 1785 380 1819 full
13 3 0.6762614846229553 385 1789 503 1815 eftective
13 3 0.9981650710105896 506 1785 639 1824 potential
13 3 0.9991791844367981 640 1785 700 1819 and
13 3 0.9993478655815125 703 1785 757 1819 the
13 3 0.8928584456443787 758 1791 838 1817 mean
13 3 0.9996638298034668 843 1785 908 1819 field
13 3 0.9811243414878845 913 1785 1044 1824 potential
13 3 0.9995885491371155 1047 1785 1130 1826 along
13 3 0.9999818801879883 1133 1785 1185 1819 the
13 3 0.8547304272651672 1187 1785 1328 1824 tunneling
13 3 0.9992190599441528 1331 1787 1469 1819 direction;
13 3 0.844843327999115 1470 1781 1502 1821 if
13 4 0.9995928406715393 197 1841 250 1877 the
13 4 0.35086512565612793 252 1843 534 1882 kymmetry-brenkring
13 4 0.9030058979988098 539 1843 679 1875 minimum
13 4 0.9998345375061035 683 1843 841 1882 disappears
13 4 0.9954588413238525 845 1849 881 1877 or
13 4 0.9997541308403015 884 1843 914 1875 is
13 4 0.9864555597305298 918 1843 1006 1875 raised
13 4 0.9995710253715515 1012 1843 1100 1875 above
13 4 0.999966025352478 1105 1843 1157 1877 the
13 4 0.9016695618629456 1160 1843 1316 1882 symmetric
13 4 0.8353005051612854 1319 1843 1459 1875 minimum
13 4 0.999977707862854 1465 1845 1499 1875 in
13 5 0.9999921321868896 199 1901 252 1935 the
13 5 0.9521396160125732 255 1907 335 1933 mean
13 5 0.9891618490219116 341 1901 406 1933 field
13 5 0.998847484588623 411 1899 494 1940 limit,
13 5 0.7743083834648132 499 1899 552 1935 the
13 5 0.999401330947876 557 1901 619 1935 wall
13 5 0.9986792206764221 625 1901 682 1935 will
13 5 0.9481212496757507 690 1905 788 1931 remain
13 5 0.9922713041305542 796 1901 976 1933 sub-luminal.
13 5 0.9999682903289795 989 1899 1042 1935 We
13 5 0.998963475227356 1045 1901 1102 1935 will
13 5 0.9999539852142334 1108 1901 1190 1933 check
13 5 0.9998496770858765 1196 1901 1304 1940 against
13 5 0.9999804496765137 1309 1901 1369 1935 this
13 5 0.9979871511459351 1374 1905 1495 1931 criterion
14 0 0.9995367527008057 197 1957 245 1993 for
14 0 0.9968247413635254 245 1957 287 1993 all
14 0 0.9993287324905396 290 1957 328 1993 of
14 0 0.9961632490158081 330 1959 381 1993 the
14 0 0.9999521970748901 385 1959 479 1998 points
14 0 0.9990513920783997 484 1965 527 1991 we
14 0 0.6600555777549744 531 1959 659 1991 consider.
15 0 0.9999563694000244 811 2041 851 2077 27
