block para line word confidence X1 Y1 X2 Y2 token
1 1 1 1 92 151 158 223 177 maries
1 1 1 2 96 233 158 333 177 extracted
1 1 1 3 93 343 158 369 183 by
1 1 1 4 92 380 158 449 177 RNES
1 1 1 5 96 460 164 492 177 are
1 1 1 6 96 503 158 527 177 of
1 1 1 7 96 535 158 605 183 higher
1 1 1 8 96 615 158 690 183 quality
1 1 1 9 92 701 158 747 177 than
1 1 1 10 91 758 164 811 177 sum-
1 1 2 1 92 151 189 223 208 maries
1 1 2 2 96 231 189 333 214 produced
1 1 2 3 97 341 189 367 214 by
1 1 2 4 96 376 189 469 214 previous
1 1 2 5 96 478 189 549 208 works.
2 1 1 1 96 150 275 210 294 Table
2 1 1 2 96 221 275 239 294 2:
2 1 1 3 96 251 275 391 294 Performance
2 1 1 4 95 402 275 529 300 comparison
2 1 1 5 93 540 281 566 294 on
2 1 1 6 92 576 275 702 300 CNN/Daily
2 1 1 7 87 713 275 764 294 Mail
2 1 1 8 96 775 278 812 294 test
2 1 2 1 96 151 310 186 329 set,
2 1 2 2 96 198 306 301 325 evaluated
2 1 2 3 96 313 306 360 325 with
2 1 2 4 96 371 306 487 331 full-length
2 1 2 5 88 498 306 523 325 Fl
2 1 2 6 96 537 306 630 325 ROUGE
2 1 2 7 93 641 312 708 325 scores
2 1 2 8 92 720 306 765 330 (%).
2 1 2 9 95 778 306 811 325 All
2 1 3 1 96 151 342 218 355 scores
2 1 3 2 93 228 336 252 355 of
2 1 3 3 92 259 336 327 355 RNES
2 1 3 4 96 338 342 370 355 are
2 1 3 5 96 380 336 504 361 statistically
2 1 3 6 96 514 336 628 361 significant
2 1 3 7 96 638 336 695 361 using
2 1 3 8 92 705 336 753 356 95%
2 1 3 9 92 764 342 811 355 con-
2 1 4 1 96 151 367 229 386 fidence
2 1 4 2 96 238 367 320 386 interval
2 1 4 3 96 329 367 376 386 with
2 1 4 4 96 384 371 462 392 respect
2 1 4 5 96 470 371 490 386 to
2 1 4 6 96 498 367 591 392 previous
2 1 4 7 96 599 367 643 386 best
2 1 4 8 96 651 367 735 386 models.
3 1 1 1 95 151 395 811 396 " "
4 1 1 1 95 151 427 811 428 " "
5 1 1 1 95 151 580 811 581 " "
6 1 1 1 95 436 395 437 643 " "
7 1 1 1 95 563 395 564 643 " "
8 1 1 1 95 691 395 692 643 " "
9 1 1 1 96 168 394 239 427 Model
9 1 1 2 82 453 398 491 417 R-1
9 1 1 3 89 581 398 621 417 R-2
9 1 1 4 90 709 399 752 417 R-L
9 1 2 1 91 168 429 244 448 Lead-3
9 1 2 2 94 454 429 500 449 39.2
9 1 2 3 87 584 429 627 448 15.7
9 1 2 4 91 709 429 755 448 35.5
9 1 3 1 93 169 460 277 485 (Nallapati
9 1 3 2 94 286 463 305 479 et
9 1 3 3 43 313 460 337 479 al.
9 1 3 4 43 347 460 409 484 2016)
9 1 3 5 95 428 455 440 489 |
9 1 3 6 96 454 460 500 479 35.4
9 1 3 7 88 584 460 627 479 13.3
9 1 3 8 95 709 460 756 479 32.6
9 1 4 1 93 169 490 277 515 (Nallapati
9 1 4 2 91 286 493 305 509 et
9 1 4 3 31 313 490 337 509 al.
9 1 4 4 31 347 490 409 514 2017)
9 1 4 5 94 428 485 440 519 |
9 1 4 6 96 454 490 500 509 39.6
9 1 4 7 95 584 490 628 509 16.2
9 1 4 8 88 709 490 755 509 35.3
9 1 5 1 95 169 521 216 545 (See
9 1 5 2 95 224 525 244 540 et
9 1 5 3 95 252 521 275 540 al.
9 1 5 4 95 285 521 348 544 2017)
9 1 5 5 95 454 521 513 540 39.53
9 1 5 6 96 584 521 641 540 17.28
9 1 5 7 91 709 521 769 540 35.38
9 1 6 1 96 168 551 218 570 NES
9 1 6 2 96 454 551 513 570 37.75
9 1 6 3 95 584 551 642 570 17.04
9 1 6 4 95 709 551 769 570 33.92
9 1 7 1 92 168 583 237 603 RNES
9 1 7 2 94 247 583 286 603 w/o
9 1 7 3 94 294 583 405 602 coherence
9 1 7 4 95 425 579 439 612 |
9 1 7 5 96 453 583 514 602 41.25
9 1 7 6 96 583 583 642 602 18.87
9 1 7 7 85 708 583 769 603 37.75
9 1 8 1 92 168 613 237 632 RNES
9 1 8 2 92 246 613 273 632 w/
9 1 8 3 96 280 613 391 632 coherence
9 1 8 4 96 453 613 513 633 40.95
9 1 8 5 95 584 613 641 632 18.63
9 1 8 6 95 709 613 767 632 37.41
10 1 1 1 95 151 395 152 643 " "
11 1 1 1 95 151 642 811 643 " "
12 1 1 1 93 178 682 263 707 Though
12 1 1 2 91 270 682 339 702 RNES
12 1 1 3 96 348 682 395 701 with
12 1 1 4 97 403 682 435 701 the
12 1 1 5 96 442 682 553 701 coherence
12 1 1 6 96 560 682 635 701 reward
12 1 1 7 96 643 682 735 701 achieves
12 1 1 8 96 742 682 812 707 higher
12 1 2 1 96 150 713 244 732 ROUGE
12 1 2 2 96 253 719 319 732 scores
12 1 2 3 96 329 713 375 732 than
12 1 2 4 96 383 713 489 736 baselines,
12 1 2 5 96 499 713 553 732 there
12 1 2 6 96 561 713 578 732 is
12 1 2 7 96 588 719 599 732 a
12 1 2 8 96 607 713 665 732 small
12 1 2 9 96 674 719 712 738 gap
12 1 2 10 96 721 713 812 732 between
12 1 3 1 96 151 743 175 762 its
12 1 3 2 96 183 749 239 762 score
12 1 3 3 96 247 743 286 762 and
12 1 3 4 96 293 743 334 762 that
12 1 3 5 93 340 743 364 762 of
12 1 3 6 92 369 743 437 762 RNES
12 1 3 7 97 446 743 521 762 trained
12 1 3 8 96 529 743 612 762 without
12 1 3 9 96 619 743 729 762 coherence
12 1 3 10 96 737 743 810 762 model.
12 1 4 1 96 150 773 198 792 This
12 1 4 2 96 211 773 227 792 is
12 1 4 3 96 239 773 326 792 because
12 1 4 4 96 338 773 378 792 that
12 1 4 5 96 390 773 422 792 the
12 1 4 6 96 434 773 545 792 coherence
12 1 4 7 95 557 773 656 798 objective
12 1 4 8 96 668 773 707 792 and
12 1 4 9 96 719 773 812 792 ROUGE
12 1 5 1 96 151 810 207 823 score
12 1 5 2 95 219 804 245 823 do
12 1 5 3 95 256 808 290 823 not
12 1 5 4 96 301 804 375 829 always
12 1 5 5 96 387 810 445 829 agree
12 1 5 6 96 457 804 504 823 with
12 1 5 7 96 515 804 565 823 each
12 1 5 8 96 576 804 636 823 other.
12 1 5 9 96 648 804 708 823 Since
12 1 5 10 96 719 804 812 823 ROUGE
12 1 6 1 96 151 834 167 853 is
12 1 6 2 96 180 834 252 859 simply
12 1 6 3 96 264 834 372 859 computed
12 1 6 4 96 383 834 445 853 based
12 1 6 5 93 456 840 482 853 on
12 1 6 6 91 493 840 582 859 n-grams
12 1 6 7 97 594 840 616 853 or
12 1 6 8 96 627 834 705 859 longest
12 1 6 9 96 716 840 812 853 common
12 1 7 1 96 151 865 295 890 subsequence,
12 1 7 2 96 308 865 322 884 it
12 1 7 3 96 333 865 350 884 is
12 1 7 4 96 362 865 453 890 ignorant
12 1 7 5 97 465 865 488 884 of
12 1 7 6 96 498 865 530 884 the
12 1 7 7 96 542 865 653 884 coherence
12 1 7 8 93 664 865 755 884 between
12 1 7 9 91 768 871 811 884 sen-
12 1 8 1 92 151 898 224 914 tences.
12 1 8 2 96 235 895 349 917 Therefore,
12 1 8 3 96 359 895 472 920 enhancing
12 1 8 4 96 481 895 592 914 coherence
12 1 8 5 96 602 901 648 920 may
12 1 8 6 96 658 895 703 914 lead
12 1 8 7 96 712 899 732 914 to
12 1 8 8 96 742 901 753 914 a
12 1 8 9 96 762 895 812 920 drop
12 1 9 1 96 150 926 174 945 of
12 1 9 2 96 183 926 282 945 ROUGE.
12 1 9 3 96 294 927 397 949 However,
12 1 9 4 96 409 926 441 945 the
12 1 9 5 96 453 926 501 946 95%
12 1 9 6 96 513 926 631 945 confidence
12 1 9 7 96 643 926 735 945 intervals
12 1 9 8 96 747 926 770 945 of
12 1 9 9 96 779 926 811 945 the
12 1 10 1 92 151 959 190 975 two
12 1 10 2 91 199 956 268 975 RNES
12 1 10 3 96 278 956 356 975 models
12 1 10 4 96 365 956 446 981 overlap
12 1 10 5 96 454 956 538 981 heavily,
12 1 10 6 96 548 956 657 981 indicating
12 1 10 7 96 666 956 706 975 that
12 1 10 8 92 715 956 765 975 their
12 1 10 9 90 773 956 811 975 dif-
12 1 11 1 96 151 987 230 1006 ference
12 1 11 2 96 239 987 259 1006 in
12 1 11 3 96 267 987 360 1006 ROUGE
12 1 11 4 96 369 987 385 1006 is
12 1 11 5 96 394 987 535 1012 insignificant.
13 1 1 1 96 150 1073 210 1092 Table
13 1 1 2 96 219 1073 237 1092 3:
13 1 1 3 96 247 1073 381 1098 Comparison
13 1 1 4 96 389 1073 413 1092 of
13 1 1 5 95 419 1073 494 1092 human
13 1 1 6 95 502 1073 615 1092 evaluation
13 1 1 7 96 623 1073 643 1092 in
13 1 1 8 96 652 1077 711 1092 terms
13 1 1 9 93 720 1073 744 1092 of
13 1 1 10 93 751 1073 811 1092 infor-
13 1 2 1 92 151 1104 328 1128 mativeness(Inf),
13 1 2 2 91 335 1104 510 1128 coherence(Coh)
13 1 2 3 97 518 1104 556 1123 and
13 1 2 4 96 563 1104 637 1123 overall
13 1 2 5 96 644 1104 733 1129 ranking.
13 1 2 6 96 741 1105 812 1123 Lower
14 1 1 1 95 151 1134 167 1153 is
14 1 1 2 95 176 1134 242 1153 better.
14 1 2 1 96 168 1156 239 1189 Model
14 1 2 2 96 446 1160 478 1179 Inf
14 1 2 3 92 573 1160 618 1179 Coh
14 1 2 4 96 701 1160 782 1179 Overall
15 1 1 1 93 168 1191 237 1211 RNES
15 1 1 2 94 247 1191 286 1211 w/o
15 1 1 3 94 294 1191 405 1210 coherence
15 1 1 4 94 419 1187 431 1220 |
15 1 1 5 96 448 1191 505 1210 1.183
15 1 1 6 96 576 1191 633 1210 1.325
15 1 1 7 96 704 1191 761 1210 1.492
15 1 2 1 92 168 1222 237 1241 RNES
15 1 2 2 92 246 1222 273 1242 w/
15 1 2 3 96 280 1222 391 1241 coherence
15 1 2 4 96 447 1222 506 1241 1.125
15 1 2 5 96 575 1222 634 1241 1.092
15 1 2 6 96 702 1222 762 1241 1.209
16 1 1 1 95 151 1157 811 1158 " "
17 1 1 1 95 151 1188 811 1190 " "
18 1 1 1 95 151 1157 152 1251 " "
19 1 1 1 95 555 1157 557 1251 " "
20 1 1 1 95 683 1157 684 1251 " "
21 1 1 1 95 151 1250 811 1251 " "
22 1 1 1 95 428 1157 432 1316 " "
23 1 1 1 96 179 1292 213 1310 We
23 1 1 2 96 230 1291 273 1310 also
23 1 1 3 96 290 1291 377 1310 conduct
23 1 1 4 95 394 1297 405 1310 a
23 1 1 5 96 421 1291 535 1310 qualitative
23 1 1 6 96 552 1291 665 1310 evaluation
23 1 1 7 96 682 1295 702 1310 to
23 1 1 8 96 720 1291 761 1310 find
23 1 1 9 96 778 1294 812 1310 out
23 1 2 1 96 151 1321 239 1340 whether
23 1 2 2 97 248 1321 280 1340 the
23 1 2 3 96 290 1321 424 1340 introduction
23 1 2 4 95 433 1321 457 1340 of
23 1 2 5 96 464 1321 575 1340 coherence
23 1 2 6 96 585 1321 659 1340 reward
23 1 2 7 96 669 1321 769 1346 improves
23 1 2 8 96 779 1321 811 1340 the
23 1 3 1 96 150 1352 261 1371 coherence
23 1 3 2 96 273 1352 297 1371 of
23 1 3 3 96 307 1352 339 1371 the
23 1 3 4 95 352 1355 422 1377 output
23 1 3 5 96 434 1352 557 1371 summaries.
23 1 3 6 96 571 1353 605 1371 We
23 1 3 7 96 618 1352 722 1377 randomly
23 1 3 8 96 735 1352 811 1377 sample
23 1 4 1 96 151 1382 177 1401 50
23 1 4 2 96 187 1382 305 1401 documents
23 1 4 3 96 316 1382 369 1401 from
23 1 4 4 96 379 1382 411 1401 the
23 1 4 5 96 422 1385 459 1401 test
23 1 4 6 96 470 1385 499 1401 set
23 1 4 7 96 509 1382 548 1401 and
23 1 4 8 96 558 1382 594 1401 ask
23 1 4 9 96 604 1382 657 1401 three
23 1 4 10 96 669 1382 781 1401 volunteers
23 1 4 11 96 792 1385 812 1401 to
23 1 5 1 96 150 1412 240 1431 evaluate
23 1 5 2 96 250 1412 282 1431 the
23 1 5 3 96 293 1412 411 1431 summaries
23 1 5 4 96 421 1412 521 1431 extracted
23 1 5 5 93 530 1412 557 1437 by
23 1 5 6 92 567 1412 635 1431 RNES
23 1 5 7 96 647 1412 722 1431 trained
23 1 5 8 96 733 1412 780 1431 with
23 1 5 9 96 790 1418 813 1431 or
23 1 6 1 96 151 1443 234 1462 without
23 1 6 2 96 241 1443 352 1462 coherence
23 1 6 3 96 360 1449 381 1462 as
23 1 6 4 96 389 1443 421 1462 the
23 1 6 5 96 429 1443 509 1462 reward.
23 1 6 6 96 518 1443 573 1468 They
23 1 6 7 96 581 1449 613 1462 are
23 1 6 8 96 621 1443 683 1462 asked
23 1 6 9 96 690 1447 710 1462 to
23 1 6 10 96 718 1449 811 1468 compare
23 1 7 1 96 151 1473 189 1492 and
23 1 7 2 96 197 1473 246 1492 rank
23 1 7 3 96 255 1473 286 1492 the
23 1 7 4 96 295 1476 375 1498 outputs
23 1 7 5 96 384 1473 408 1492 of
23 1 7 6 96 415 1476 454 1492 two
23 1 7 7 96 463 1473 541 1492 models
23 1 7 8 96 550 1473 654 1498 regarding
23 1 7 9 96 663 1473 717 1492 three
23 1 7 10 96 726 1476 810 1498 aspects:
23 1 8 1 92 151 1504 331 1527 informativeness,
23 1 8 2 96 344 1504 454 1523 coherence
23 1 8 3 96 467 1504 505 1523 and
23 1 8 4 95 517 1504 592 1523 overall
23 1 8 5 96 604 1504 683 1529 quality.
23 1 8 6 96 696 1504 738 1523 The
23 1 8 7 96 750 1504 812 1523 better
23 1 9 1 96 150 1540 189 1553 one
23 1 9 2 96 199 1534 240 1553 will
23 1 9 3 96 249 1534 273 1553 be
23 1 9 4 96 283 1534 342 1559 given
23 1 9 5 96 351 1534 399 1553 rank
23 1 9 6 96 411 1535 426 1557 1,
23 1 9 7 96 437 1534 496 1553 while
23 1 9 8 97 505 1534 537 1553 the
23 1 9 9 96 547 1534 603 1553 other
23 1 9 10 96 611 1534 653 1553 will
23 1 9 11 97 662 1534 687 1553 be
23 1 9 12 96 696 1534 755 1559 given
23 1 9 13 96 764 1534 812 1553 rank
23 1 10 1 96 151 1565 163 1584 2
23 1 10 2 95 173 1565 191 1584 if
23 1 10 3 95 199 1565 214 1584 it
23 1 10 4 96 223 1565 240 1584 is
23 1 10 5 96 251 1571 320 1584 worse.
23 1 10 6 96 332 1566 354 1584 In
23 1 10 7 96 364 1571 420 1584 some
23 1 10 8 96 431 1571 494 1588 cases,
23 1 10 9 96 505 1565 522 1584 if
23 1 10 10 96 531 1565 563 1584 the
23 1 10 11 96 573 1568 613 1584 two
23 1 10 12 96 623 1568 703 1590 outputs
23 1 10 13 93 714 1571 746 1584 are
23 1 10 14 91 756 1565 811 1584 iden-
23 1 11 1 96 151 1595 197 1614 tical
23 1 11 2 96 207 1601 229 1614 or
23 1 11 3 96 239 1595 289 1614 have
23 1 11 4 96 299 1595 331 1614 the
23 1 11 5 96 342 1601 397 1614 same
23 1 11 6 96 407 1595 487 1620 quality,
23 1 11 7 96 499 1595 531 1614 the
23 1 11 8 96 541 1595 599 1614 ranks
23 1 11 9 96 610 1595 670 1614 could
23 1 11 10 96 680 1595 705 1614 be
23 1 11 11 93 715 1595 761 1618 tied,
23 1 11 12 57 773 1595 811 1617 ie.,
23 1 12 1 96 150 1626 199 1645 both
23 1 12 2 96 208 1626 232 1645 of
23 1 12 3 96 239 1626 293 1645 them
23 1 12 4 96 303 1632 335 1645 are
23 1 12 5 96 345 1626 404 1651 given
23 1 12 6 96 413 1626 462 1645 rank
23 1 12 7 89 474 1627 489 1645 1.
23 1 12 8 96 499 1626 559 1645 Table
23 1 12 9 96 569 1626 580 1645 3
23 1 12 10 96 592 1626 657 1645 shows
23 1 12 11 97 668 1626 700 1645 the
23 1 12 12 96 709 1626 780 1645 results
23 1 12 13 96 790 1626 814 1645 of
23 1 13 1 96 150 1656 224 1675 human
23 1 13 2 93 234 1656 352 1675 evaluation.
23 1 13 3 92 363 1656 431 1675 RNES
23 1 13 4 96 442 1656 510 1675 model
23 1 13 5 96 520 1656 595 1675 trained
23 1 13 6 96 605 1656 652 1675 with
23 1 13 7 93 662 1656 773 1675 coherence
23 1 13 8 92 782 1662 811 1675 re-
23 1 14 1 96 151 1686 204 1705 ward
23 1 14 2 96 214 1686 230 1705 is
23 1 14 3 96 240 1686 303 1705 better
23 1 14 4 93 312 1686 358 1705 than
23 1 14 5 92 368 1686 436 1705 RNES
23 1 14 6 96 447 1686 514 1705 model
23 1 14 7 96 524 1686 608 1705 without
23 1 14 8 96 617 1686 727 1705 coherence
23 1 14 9 96 737 1686 812 1705 reward
23 1 15 1 96 151 1717 171 1736 in
23 1 15 2 96 181 1717 207 1736 all
23 1 15 3 96 218 1717 272 1736 three
23 1 15 4 97 282 1721 367 1742 aspects,
23 1 15 5 96 378 1717 487 1742 especially
23 1 15 6 96 498 1717 518 1736 in
23 1 15 7 96 529 1717 561 1736 the
23 1 15 8 96 571 1717 688 1736 coherence.
23 1 15 9 96 699 1717 741 1736 The
23 1 15 10 96 751 1717 812 1736 result
23 1 16 1 96 151 1747 247 1766 indicates
23 1 16 2 96 258 1747 298 1766 that
23 1 16 3 96 309 1747 341 1766 the
23 1 16 4 96 352 1747 485 1766 introduction
23 1 16 5 97 496 1747 520 1766 of
23 1 16 6 96 528 1747 638 1766 coherence
23 1 16 7 93 649 1747 764 1772 effectively
23 1 16 8 92 775 1747 811 1766 im-
23 1 17 1 96 150 1784 222 1803 proves
23 1 17 2 96 231 1778 263 1797 the
23 1 17 3 96 272 1778 382 1797 coherence
23 1 17 4 97 391 1778 415 1797 of
23 1 17 5 96 421 1778 521 1797 extracted
23 1 17 6 96 530 1778 654 1801 summaries,
23 1 17 7 96 664 1784 685 1797 as
23 1 17 8 96 695 1778 740 1797 well
23 1 17 9 96 749 1784 770 1797 as
23 1 17 10 97 779 1778 811 1797 the
23 1 18 1 95 150 1808 225 1827 overall
23 1 18 2 96 235 1808 314 1833 quality.
23 1 18 3 96 325 1809 341 1827 It
23 1 18 4 96 351 1808 367 1827 is
23 1 18 5 96 378 1808 486 1833 surprising
23 1 18 6 96 496 1808 537 1827 that
23 1 18 7 96 547 1808 664 1827 summaries
23 1 18 8 96 674 1808 776 1833 produced
23 1 18 9 96 785 1808 811 1833 by
23 1 19 1 92 150 1839 219 1858 RNES
23 1 19 2 96 228 1839 275 1858 with
23 1 19 3 96 283 1839 393 1858 coherence
23 1 19 4 96 401 1845 433 1858 are
23 1 19 5 96 441 1839 484 1858 also
23 1 19 6 96 491 1845 547 1858 more
23 1 19 7 96 555 1839 681 1858 informative
23 1 19 8 93 689 1839 735 1858 than
23 1 19 9 87 742 1839 811 1858 RNES
23 1 20 1 96 151 1869 234 1888 without
23 1 20 2 96 242 1869 359 1891 coherence,
23 1 20 3 96 368 1869 476 1894 indicating
23 1 20 4 96 485 1869 525 1888 that
23 1 20 5 95 533 1869 626 1888 ROUGE
23 1 20 6 96 633 1869 697 1894 might
23 1 20 7 96 705 1872 739 1888 not
23 1 20 8 96 746 1869 771 1888 be
23 1 20 9 96 779 1869 811 1888 the
23 1 21 1 97 151 1900 199 1925 gold
23 1 21 2 96 207 1900 299 1919 standard
23 1 21 3 96 308 1903 327 1919 to
23 1 21 4 93 336 1900 425 1919 evaluate
23 1 21 5 91 434 1900 607 1919 informativeness
23 1 21 6 96 616 1906 637 1919 as
23 1 21 7 96 647 1900 698 1919 well.
23 2 1 1 96 178 1931 237 1950 Table
23 2 1 2 96 245 1931 257 1950 4
23 2 1 3 96 266 1931 331 1950 shows
23 2 1 4 96 333 1927 345 1960 a
23 2 1 5 96 357 1931 400 1956 pair
23 2 1 6 96 406 1931 430 1950 of
23 2 1 7 96 436 1937 537 1956 summary
23 2 1 8 96 544 1931 646 1956 produced
23 2 1 9 93 653 1931 679 1956 by
23 2 1 10 91 687 1931 755 1950 RNES
23 2 1 11 96 764 1931 812 1950 with
24 1 1 1 96 888 164 911 177 or
24 1 1 2 96 924 158 1008 177 without
24 1 1 3 96 1021 158 1137 177 coherence.
24 1 1 4 96 1152 158 1194 177 The
24 1 1 5 96 1209 164 1309 183 summary
24 1 1 6 96 1324 158 1426 183 produced
24 1 1 7 93 1439 158 1465 183 by
24 1 1 8 92 1480 158 1548 177 RNES
24 1 2 1 96 888 189 972 208 without
24 1 2 2 96 979 189 1089 208 coherence
24 1 2 3 96 1098 192 1154 208 starts
24 1 2 4 96 1163 189 1210 208 with
24 1 2 5 96 1217 195 1308 214 pronoun
24 1 2 6 94 1318 189 1381 208 ‘That’
24 1 2 7 96 1392 189 1457 208 which
24 1 2 8 92 1465 189 1482 208 is
24 1 2 9 92 1489 189 1549 208 refer-
24 1 3 1 96 888 219 931 244 ring
24 1 3 2 93 939 223 959 238 to
24 1 3 3 93 967 225 977 238 a
24 1 3 4 96 985 219 1099 244 previously
24 1 3 5 96 1107 219 1223 238 mentioned
24 1 3 6 96 1231 219 1276 242 fact,
24 1 3 7 96 1285 219 1323 238 and
24 1 3 8 96 1330 219 1394 238 hence
24 1 3 9 96 1401 219 1416 238 it
24 1 3 10 97 1423 225 1469 244 may
24 1 3 11 97 1477 219 1521 238 lead
24 1 3 12 97 1529 223 1549 238 to
24 1 4 1 96 888 249 1001 268 confusion.
24 1 4 2 96 1012 250 1033 268 In
24 1 4 3 96 1042 252 1135 272 contrast,
24 1 4 4 96 1145 249 1177 268 the
24 1 4 5 96 1186 252 1256 274 output
24 1 4 6 93 1265 249 1288 268 of
24 1 4 7 93 1296 249 1364 268 RNES
24 1 4 8 96 1374 249 1450 268 trained
24 1 4 9 93 1459 249 1506 268 with
24 1 4 10 92 1515 255 1549 268 co-
24 1 5 1 92 888 280 973 299 herence
24 1 5 2 96 983 280 1057 299 reward
24 1 5 3 96 1068 280 1158 299 includes
24 1 5 4 96 1169 280 1201 299 the
24 1 5 5 96 1212 283 1305 299 sentence
24 1 5 6 93 1316 280 1369 299 “The
24 1 5 7 92 1379 280 1499 305 earthquake
24 1 5 8 92 1509 280 1549 299 dis-
24 1 6 1 46 888 310 990 329 aster...”
24 1 6 2 96 998 310 1067 329 before
24 1 6 3 96 1074 310 1170 335 referring
24 1 6 4 96 1178 313 1197 329 to
24 1 6 5 96 1205 310 1243 329 this
24 1 6 6 96 1251 310 1291 329 fact
24 1 6 7 96 1298 310 1318 329 in
24 1 6 8 96 1326 310 1358 329 the
24 1 6 9 96 1366 310 1441 329 second
24 1 6 10 96 1449 313 1548 333 sentence,
24 1 7 1 96 888 341 927 360 and
24 1 7 2 96 935 341 1033 360 therefore
24 1 7 3 96 1041 341 1057 360 is
24 1 7 4 96 1065 347 1120 360 more
24 1 7 5 96 1128 341 1222 360 coherent
24 1 7 6 96 1230 341 1269 360 and
24 1 7 7 97 1276 341 1374 360 readable.
24 1 7 8 96 1383 341 1430 360 This
24 1 7 9 96 1438 341 1455 360 is
24 1 7 10 96 1463 341 1549 360 because
24 1 8 1 96 888 371 920 390 the
24 1 8 2 96 929 371 1039 390 coherence
24 1 8 3 96 1048 371 1116 390 model
24 1 8 4 96 1125 371 1180 396 gives
24 1 8 5 96 1189 377 1200 390 a
24 1 8 6 96 1208 371 1278 396 higher
24 1 8 7 96 1286 377 1343 390 score
24 1 8 8 97 1351 375 1371 390 to
24 1 8 9 96 1380 371 1412 390 the
24 1 8 10 93 1421 371 1496 390 second
24 1 8 11 92 1505 377 1549 390 sen-
24 1 9 1 96 888 406 945 421 tence
24 1 9 2 96 956 402 974 421 if
24 1 9 3 95 983 402 997 421 it
24 1 9 4 95 1008 408 1045 421 can
24 1 9 5 96 1056 402 1109 421 form
24 1 9 6 96 1120 408 1131 421 a
24 1 9 7 96 1142 402 1236 421 coherent
24 1 9 8 96 1248 406 1341 421 sentence
24 1 9 9 96 1352 402 1394 427 pair
24 1 9 10 96 1406 402 1453 421 with
24 1 9 11 97 1464 402 1496 421 the
24 1 9 12 96 1508 402 1550 421 first
24 1 10 1 96 889 436 988 451 sentence.
24 1 10 2 96 1000 433 1022 451 In
24 1 10 3 96 1033 432 1185 451 REINFORCE
24 1 10 4 96 1196 432 1287 457 training,
24 1 10 5 96 1299 432 1316 451 if
24 1 10 6 96 1325 432 1358 451 the
24 1 10 7 96 1369 432 1444 451 second
24 1 10 8 96 1456 435 1549 451 sentence
24 1 11 1 96 888 463 976 482 receives
24 1 11 2 96 985 469 996 482 a
24 1 11 3 96 1004 463 1052 488 high
24 1 11 4 96 1061 463 1171 482 coherence
24 1 11 5 96 1181 469 1243 486 score,
24 1 11 6 96 1253 463 1285 482 the
24 1 11 7 96 1294 463 1360 482 action
24 1 11 8 96 1369 463 1393 482 of
24 1 11 9 96 1399 463 1508 488 extracting
24 1 11 10 96 1517 463 1549 482 the
24 1 12 1 96 888 493 930 512 first
24 1 12 2 96 942 497 1035 512 sentence
24 1 12 3 96 1047 493 1117 512 before
24 1 12 4 96 1129 493 1161 512 the
24 1 12 5 96 1174 493 1249 512 second
24 1 12 6 96 1261 499 1299 512 one
24 1 12 7 90 1312 493 1353 512 will
24 1 12 8 96 1365 493 1390 512 be
24 1 12 9 96 1403 493 1548 518 strengthened.
24 1 13 1 96 888 523 935 542 This
24 1 13 2 96 946 523 1038 548 example
24 1 13 3 96 1049 523 1115 542 shows
24 1 13 4 96 1127 523 1167 542 that
24 1 13 5 96 1177 523 1287 542 coherence
24 1 13 6 96 1298 523 1366 542 model
24 1 13 7 96 1377 523 1393 542 is
24 1 13 8 93 1404 523 1477 542 indeed
24 1 13 9 92 1487 523 1549 542 effec-
24 1 14 1 96 888 554 927 573 tive
24 1 14 2 96 938 554 959 573 in
24 1 14 3 96 970 554 1069 579 changing
24 1 14 4 96 1081 554 1113 573 the
24 1 14 5 96 1124 554 1220 573 behavior
24 1 14 6 93 1230 554 1254 573 of
24 1 14 7 92 1264 554 1332 573 RNES
24 1 14 8 96 1344 554 1429 573 towards
24 1 14 9 96 1440 554 1549 579 extracting
24 1 15 1 96 889 584 1006 603 summaries
24 1 15 2 96 1015 584 1055 603 that
24 1 15 3 96 1064 590 1096 603 are
24 1 15 4 96 1104 590 1159 603 more
24 1 15 5 96 1168 584 1267 603 coherent.
25 1 1 1 96 990 665 1049 684 Table
25 1 1 2 97 1057 665 1076 684 4:
25 1 1 3 96 1086 665 1194 690 Examples
25 1 1 4 97 1203 665 1226 684 of
25 1 1 5 96 1232 665 1332 684 extracted
25 1 1 6 95 1341 671 1446 690 summary.
25 1 2 1 96 904 698 1007 720 Reference:
25 1 2 2 96 1019 698 1070 715 Peter
25 1 2 3 96 1079 698 1145 721 Spinks
25 1 2 4 96 1156 698 1202 715 from
25 1 2 5 96 1213 698 1242 715 the
25 1 2 6 96 1252 698 1324 720 Sydney
25 1 2 7 96 1335 698 1420 720 Morning
25 1 2 8 93 1431 698 1497 715 Herald
25 1 2 9 91 1507 704 1533 715 re-
25 1 3 1 96 905 726 967 749 ported
25 1 3 2 93 977 732 1000 743 on
25 1 3 3 92 1011 726 1091 743 Amasia.
25 1 3 4 96 1102 726 1169 743 Within
25 1 3 5 96 1179 726 1215 743 200
25 1 3 6 96 1225 726 1296 743 million
25 1 3 7 96 1306 731 1362 749 years,
25 1 3 8 96 1373 726 1395 743 he
25 1 3 9 96 1406 726 1444 743 said
25 1 3 10 96 1455 726 1484 743 the
25 1 3 11 96 1494 732 1533 743 new
25 1 4 1 92 905 754 1050 777 supercontinent
25 1 4 2 96 1060 754 1097 771 will
25 1 4 3 96 1107 754 1159 771 form.
25 1 4 4 96 1171 754 1211 771 One
25 1 4 5 96 1220 754 1322 771 researcher
25 1 4 6 96 1331 754 1410 776 recently
25 1 4 7 96 1421 754 1505 771 travelled
25 1 4 8 96 1515 757 1533 771 to
25 1 5 1 96 905 781 962 803 Nepal
25 1 5 2 96 969 784 987 798 to
25 1 5 3 96 994 781 1055 803 gather
25 1 5 4 96 1061 781 1128 798 further
25 1 5 5 96 1134 781 1255 798 information.
25 1 5 6 96 1263 781 1291 798 He
25 1 5 7 96 1298 781 1368 804 spotted
25 1 5 8 96 1375 781 1411 798 that
25 1 5 9 93 1417 781 1472 801 India,
25 1 5 10 92 1479 781 1533 798 Eura-
25 1 6 1 96 905 809 931 826 sia
25 1 6 2 96 939 809 973 826 and
25 1 6 3 96 981 809 1031 826 other
25 1 6 4 96 1038 809 1095 832 plates
25 1 6 5 96 1103 815 1132 826 are
25 1 6 6 96 1140 809 1203 831 slowly
25 1 6 7 96 1211 809 1285 831 moving
25 1 6 8 96 1293 809 1377 831 together.
25 2 1 1 91 904 841 964 858 RNES
25 2 1 2 95 973 841 1007 859 w/o
25 2 1 3 93 1016 841 1122 858 coherence:
25 2 1 4 91 1133 841 1193 858 That’s
25 2 1 5 97 1203 841 1300 863 according
25 2 1 6 97 1310 844 1328 858 to
25 2 1 7 97 1337 847 1372 858 one
25 2 1 8 96 1381 841 1483 858 researcher
25 2 1 9 96 1492 841 1533 858 who
25 2 2 1 96 905 868 990 885 travelled
25 2 2 2 96 1000 871 1018 885 to
25 2 2 3 96 1027 868 1056 885 the
25 2 2 4 96 1066 871 1141 890 country
25 2 2 5 96 1151 871 1169 885 to
25 2 2 6 96 1179 868 1231 890 study
25 2 2 7 96 1241 868 1282 885 how
25 2 2 8 96 1292 868 1321 885 the
25 2 2 9 96 1331 868 1393 885 Indian
25 2 2 10 96 1403 868 1438 885 and
25 2 2 11 96 1447 868 1533 885 Eurasian
25 2 3 1 96 905 896 961 919 plates
25 2 3 2 96 976 902 1004 913 are
25 2 3 3 96 1019 896 1093 918 moving
25 2 3 4 96 1107 896 1191 918 together.
25 2 3 5 96 1206 896 1248 913 And
25 2 3 6 96 1262 896 1314 918 using
25 2 3 7 96 1328 902 1367 913 new
25 2 3 8 93 1381 896 1492 919 techniques,
25 2 3 9 93 1507 902 1533 913 re-
25 2 4 1 96 905 924 996 941 searchers
25 2 4 2 96 1009 929 1042 941 can
25 2 4 3 96 1056 929 1096 941 now
25 2 4 4 96 1110 927 1151 941 start
25 2 4 5 96 1164 924 1267 946 examining
25 2 4 6 96 1280 924 1309 941 the
25 2 4 7 96 1323 924 1401 946 changes
25 2 4 8 96 1414 924 1449 941 due
25 2 4 9 96 1463 927 1480 941 to
25 2 4 10 96 1494 924 1533 941 take
25 2 5 1 96 905 951 956 974 place
25 2 5 2 96 965 957 1008 968 over
25 2 5 3 96 1016 951 1045 968 the
25 2 5 4 96 1054 954 1095 968 next
25 2 5 5 96 1104 954 1143 968 tens
25 2 5 6 96 1152 951 1173 968 of
25 2 5 7 96 1180 951 1260 968 millions
25 2 5 8 96 1269 951 1291 968 of
25 2 5 9 96 1298 956 1349 973 years
25 2 5 10 96 1359 951 1394 968 like
25 2 5 11 96 1403 956 1456 968 never
25 2 5 12 96 1464 951 1532 968 before.
25 2 6 1 92 905 979 973 996 Earth’s
25 2 6 2 96 981 979 1082 996 continents
25 2 6 3 96 1090 985 1119 996 are
25 2 6 4 96 1127 979 1190 1001 slowly
25 2 6 5 96 1198 979 1272 1001 moving
25 2 6 6 96 1280 979 1365 1001 together,
25 2 6 7 96 1373 979 1408 996 and
25 2 6 8 96 1415 979 1433 996 in
25 2 6 9 96 1441 979 1464 996 50
25 2 6 10 96 1472 982 1490 996 to
25 2 6 11 96 1497 979 1533 996 200
25 2 7 1 96 905 1007 975 1024 million
25 2 7 2 96 986 1012 1036 1029 years
25 2 7 3 96 1047 1007 1087 1029 they
25 2 7 4 96 1098 1012 1127 1024 are
25 2 7 5 96 1137 1007 1224 1030 expected
25 2 7 6 96 1233 1010 1251 1024 to
25 2 7 7 96 1262 1007 1309 1024 form
25 2 7 8 96 1319 1012 1329 1024 a
25 2 7 9 93 1338 1013 1377 1024 new
25 2 7 10 92 1388 1007 1533 1030 supercontinent
25 2 8 1 93 905 1034 963 1051 called
25 2 8 2 92 971 1034 1051 1051 Amasia.
25 2 8 3 96 1060 1034 1079 1051 In
25 2 8 4 96 1088 1034 1136 1051 2012
25 2 8 5 96 1144 1040 1154 1051 a
25 2 8 6 96 1162 1034 1214 1056 study
25 2 8 7 96 1223 1034 1320 1056 suggested
25 2 8 8 97 1328 1034 1362 1051 this
25 2 8 9 96 1371 1040 1411 1056 may
25 2 8 10 96 1420 1034 1442 1051 be
25 2 8 11 96 1450 1034 1533 1051 centered
25 2 9 1 96 905 1068 928 1079 on
25 2 9 2 96 940 1062 968 1079 the
25 2 9 3 96 980 1062 1037 1079 North
25 2 9 4 96 1048 1062 1096 1079 Pole.
25 2 9 5 96 1108 1062 1146 1079 The
25 2 9 6 96 1158 1062 1198 1079 idea
25 2 9 7 96 1209 1062 1245 1079 that
25 2 9 8 96 1256 1062 1309 1079 Earth
25 2 9 9 96 1321 1062 1335 1079 is
25 2 9 10 96 1347 1065 1374 1079 set
25 2 9 11 96 1385 1065 1403 1079 to
25 2 9 12 95 1414 1062 1461 1079 form
25 2 9 13 95 1473 1068 1483 1079 a
25 2 9 14 95 1494 1068 1533 1079 new
25 2 10 1 92 905 1090 1131 1113 supercontinent-dubbed
25 2 10 2 92 1139 1090 1214 1107 Amasia
25 2 10 3 93 1222 1101 1228 1102 -
25 2 10 4 96 1236 1090 1251 1107 is
25 2 10 5 96 1259 1093 1290 1107 not
25 2 10 6 96 1297 1096 1340 1107 new.
25 3 1 1 92 904 1121 964 1138 RNES
25 3 1 2 90 974 1121 999 1139 w/
25 3 1 3 96 1006 1121 1111 1138 coherence:
25 3 1 4 96 1124 1121 1164 1138 The
25 3 1 5 96 1174 1121 1294 1143 earthquake
25 3 1 6 96 1305 1121 1387 1138 disaster
25 3 1 7 96 1397 1121 1417 1138 in
25 3 1 8 96 1427 1121 1488 1143 Nepal
25 3 1 9 96 1499 1121 1533 1138 has
25 3 2 1 96 904 1149 1024 1171 highlighted
25 3 2 2 93 1031 1149 1073 1166 how
25 3 2 3 93 1081 1149 1159 1166 Earth’s
25 3 2 4 96 1166 1149 1212 1166 land
25 3 2 5 96 1219 1154 1291 1166 masses
25 3 2 6 96 1298 1154 1331 1166 are
25 3 2 7 96 1338 1149 1416 1171 already
25 3 2 8 96 1424 1149 1443 1166 in
25 3 2 9 93 1450 1149 1482 1166 the
25 3 2 10 92 1489 1154 1533 1171 pro-
25 3 3 1 96 905 1182 945 1194 cess
25 3 3 2 96 956 1177 977 1194 of
25 3 3 3 96 986 1177 1070 1199 forming
25 3 3 4 96 1081 1182 1092 1194 a
25 3 3 5 93 1103 1182 1144 1194 new
25 3 3 6 92 1155 1177 1319 1199 supercontinent.
25 3 3 7 92 1330 1177 1396 1194 That’s
25 3 3 8 96 1408 1177 1504 1199 according
25 3 3 9 96 1515 1180 1533 1194 to
25 3 4 1 96 905 1210 939 1221 one
25 3 4 2 96 946 1204 1048 1221 researcher
25 3 4 3 96 1054 1204 1096 1221 who
25 3 4 4 96 1103 1204 1188 1221 travelled
25 3 4 5 96 1195 1207 1212 1221 to
25 3 4 6 96 1219 1204 1249 1221 the
25 3 4 7 96 1255 1207 1330 1226 country
25 3 4 8 96 1337 1208 1355 1221 to
25 3 4 9 96 1363 1204 1414 1226 study
25 3 4 10 96 1422 1204 1462 1221 how
25 3 4 11 93 1470 1204 1499 1221 the
25 3 4 12 93 1506 1204 1533 1221 In-
25 3 5 1 96 905 1232 946 1249 dian
25 3 5 2 97 956 1232 990 1249 and
25 3 5 3 96 1000 1232 1086 1249 Eurasian
25 3 5 4 97 1096 1232 1152 1255 plates
25 3 5 5 96 1162 1237 1191 1249 are
25 3 5 6 96 1201 1232 1275 1254 moving
25 3 5 7 96 1285 1232 1369 1254 together.
25 3 5 8 96 1380 1232 1422 1249 And
25 3 5 9 96 1432 1232 1484 1254 using
25 3 5 10 96 1494 1238 1533 1249 new
25 3 6 1 96 905 1260 1015 1283 techniques,
25 3 6 2 96 1027 1260 1138 1277 researchers
25 3 6 3 96 1149 1266 1183 1277 can
25 3 6 4 96 1194 1266 1234 1277 now
25 3 6 5 97 1247 1263 1288 1277 start
25 3 6 6 96 1299 1260 1402 1282 examining
25 3 6 7 96 1414 1260 1443 1277 the
25 3 6 8 96 1454 1260 1533 1282 changes
25 3 7 1 96 905 1287 939 1304 due
25 3 7 2 96 950 1290 968 1304 to
25 3 7 3 96 979 1287 1018 1304 take
25 3 7 4 96 1030 1287 1080 1310 place
25 3 7 5 96 1091 1292 1134 1304 over
25 3 7 6 96 1144 1287 1173 1304 the
25 3 7 7 97 1184 1290 1225 1304 next
25 3 7 8 96 1235 1290 1274 1304 tens
25 3 7 9 97 1285 1287 1306 1304 of
25 3 7 10 96 1315 1287 1395 1304 millions
25 3 7 11 96 1406 1287 1427 1304 of
25 3 7 12 96 1436 1292 1486 1309 years
25 3 7 13 96 1498 1287 1533 1304 like
25 3 8 1 96 905 1321 958 1332 never
25 3 8 2 93 963 1315 1031 1332 before.
25 3 8 3 92 1038 1315 1107 1332 Earth’s
25 3 8 4 96 1114 1315 1214 1332 continents
25 3 8 5 97 1221 1320 1250 1332 are
25 3 8 6 93 1256 1315 1320 1337 slowly
25 3 8 7 96 1327 1315 1401 1337 moving
25 3 8 8 96 1407 1315 1492 1337 together,
25 3 8 9 96 1499 1315 1533 1332 and
25 3 9 1 96 905 1343 923 1360 in
25 3 9 2 92 931 1343 955 1360 50
25 3 9 3 96 963 1346 981 1360 to
25 3 9 4 96 990 1343 1026 1360 200
25 3 9 5 96 1034 1343 1105 1360 million
25 3 9 6 96 1114 1348 1164 1365 years
25 3 9 7 96 1173 1343 1214 1365 they
25 3 9 8 96 1223 1349 1252 1360 are
25 3 9 9 96 1260 1343 1347 1366 expected
25 3 9 10 96 1356 1346 1374 1360 to
25 3 9 11 96 1382 1343 1430 1360 form
25 3 9 12 96 1438 1349 1448 1360 a
25 3 9 13 93 1456 1349 1495 1360 new
25 3 9 14 91 1505 1349 1533 1360 su-
25 3 10 1 92 905 1370 1028 1393 percontinent
25 3 10 2 93 1035 1370 1094 1387 called
25 3 10 3 92 1101 1370 1181 1387 Amasia.
26 1 1 1 95 888 692 1551 696 " "
27 1 1 1 95 888 835 1551 838 " "
28 1 1 1 95 888 1115 1551 1118 " "
29 1 1 1 95 1549 693 1552 1398 " "
30 1 1 1 95 886 695 889 1397 " "
31 1 1 1 95 888 1396 1551 1399 " "
32 1 1 1 96 1141 1473 1297 1497 Conclusion
33 1 1 1 96 916 1518 937 1536 In
33 1 1 2 96 945 1517 983 1536 this
33 1 1 3 96 991 1523 1056 1542 paper,
33 1 1 4 96 1064 1523 1095 1536 we
33 1 1 5 96 1102 1517 1202 1542 proposed
33 1 1 6 95 1210 1523 1221 1536 a
33 1 1 7 96 1228 1517 1350 1536 Reinforced
33 1 1 8 96 1357 1517 1430 1536 Neural
33 1 1 9 96 1438 1517 1549 1536 Extractive
33 1 2 1 92 888 1547 1056 1566 Summarization
33 1 2 2 96 1065 1547 1132 1566 model
33 1 2 3 96 1141 1550 1161 1566 to
33 1 2 4 96 1170 1550 1244 1566 extract
33 1 2 5 96 1253 1553 1264 1566 a
33 1 2 6 96 1272 1547 1367 1566 coherent
33 1 2 7 97 1376 1547 1414 1566 and
33 1 2 8 96 1423 1547 1549 1566 informative
33 1 3 1 96 889 1584 989 1603 summary
33 1 3 2 95 1002 1578 1054 1597 from
33 1 3 3 95 1066 1584 1077 1597 a
33 1 3 4 96 1089 1578 1153 1603 single
33 1 3 5 96 1164 1578 1278 1597 document.
33 1 3 6 96 1291 1578 1398 1603 Empirical
33 1 3 7 96 1410 1578 1481 1597 results
33 1 3 8 96 1494 1578 1549 1597 show
33 1 4 1 96 888 1608 929 1627 that
33 1 4 2 96 942 1608 974 1627 the
33 1 4 3 92 988 1608 1088 1633 proposed
33 1 4 4 92 1101 1608 1169 1627 RNES
33 1 4 5 96 1184 1608 1251 1627 model
33 1 4 6 96 1265 1614 1302 1627 can
33 1 4 7 96 1315 1608 1399 1627 balance
33 1 4 8 96 1412 1608 1503 1627 between
33 1 4 9 96 1517 1608 1549 1627 the
33 1 5 1 91 888 1642 1048 1657 cross-sentence
33 1 5 2 96 1060 1638 1170 1657 coherence
33 1 5 3 96 1183 1638 1221 1657 and
33 1 5 4 96 1233 1638 1355 1663 importance
33 1 5 5 96 1367 1638 1391 1657 of
33 1 5 6 96 1401 1638 1433 1657 the
33 1 5 7 96 1445 1641 1549 1657 sentences
33 1 6 1 96 888 1669 1007 1694 effectively,
33 1 6 2 96 1019 1669 1057 1688 and
33 1 6 3 96 1067 1669 1149 1688 achieve
33 1 6 4 96 1160 1669 1322 1688 state-of-the-art
33 1 6 5 96 1332 1669 1470 1694 performance
33 1 6 6 96 1480 1675 1507 1688 on
33 1 6 7 96 1517 1669 1549 1688 the
33 1 7 1 96 888 1699 1010 1718 benchmark
33 1 7 2 96 1021 1699 1102 1718 dataset.
33 1 7 3 95 1114 1700 1151 1718 For
33 1 7 4 95 1162 1699 1226 1718 future
33 1 7 5 96 1238 1699 1299 1721 work,
33 1 7 6 96 1311 1705 1341 1718 we
33 1 7 7 96 1353 1699 1394 1718 will
33 1 7 8 96 1405 1699 1463 1718 focus
33 1 7 9 93 1475 1705 1501 1718 on
33 1 7 10 93 1512 1699 1549 1718 im-
33 1 8 1 96 888 1730 972 1755 proving
33 1 8 2 96 981 1730 1013 1749 the
33 1 8 3 96 1020 1730 1159 1755 performance
33 1 8 4 96 1167 1730 1191 1749 of
33 1 8 5 96 1197 1736 1233 1749 our
33 1 8 6 96 1241 1730 1308 1749 neural
33 1 8 7 96 1316 1730 1427 1749 coherence
33 1 8 8 96 1435 1730 1502 1749 model
33 1 8 9 96 1511 1730 1549 1749 and
33 1 9 1 96 888 1760 1014 1785 introducing
33 1 9 2 96 1022 1760 1096 1779 human
33 1 9 3 96 1105 1760 1224 1785 knowledge
33 1 9 4 95 1233 1760 1274 1779 into
33 1 9 5 93 1283 1760 1315 1779 the
33 1 9 6 92 1323 1760 1398 1779 RNES.
34 1 1 1 96 1089 1795 1348 1825 Acknowledgments
34 1 2 1 96 915 1839 963 1858 This
34 1 2 2 96 975 1839 1030 1858 work
34 1 2 3 97 1040 1839 1056 1858 is
34 1 2 4 96 1067 1839 1175 1864 supported
34 1 2 5 96 1184 1839 1210 1864 by
34 1 2 6 96 1222 1842 1287 1864 grants
34 1 2 7 93 1298 1839 1351 1858 from
34 1 2 8 90 1361 1839 1549 1859 WeChat-HKUST
34 1 3 1 96 888 1870 941 1889 Joint
34 1 3 2 95 956 1870 998 1889 Lab
34 1 3 3 95 1014 1876 1041 1889 on
34 1 3 4 95 1057 1870 1155 1889 Artificial
34 1 3 5 96 1171 1870 1300 1895 Intelligence
34 1 3 6 96 1316 1870 1445 1895 Technology
34 1 3 7 96 1462 1871 1549 1894 (WHAT
34 1 4 1 93 888 1900 944 1924 Lab).
34 1 4 2 91 960 1900 1044 1919 Baotian
34 1 4 3 96 1058 1901 1090 1919 Hu
34 1 4 4 96 1104 1900 1258 1925 acknowledges
34 1 4 5 96 1272 1900 1342 1925 partial
34 1 4 6 96 1356 1904 1438 1925 support
34 1 4 7 96 1451 1900 1503 1919 from
34 1 4 8 96 1517 1900 1549 1919 the
34 1 5 1 95 889 1931 1002 1956 University
34 1 5 2 96 1011 1931 1034 1950 of
34 1 5 3 96 1041 1931 1199 1950 Massachusetts
34 1 5 4 96 1207 1931 1296 1950 Medical
34 1 5 5 95 1306 1931 1386 1950 School.
