block para line word confidence X1 Y1 X2 Y2 token
1 1 1 1 95 478 143 602 161 DELAYED
1 1 1 2 95 615 143 794 162 ACCEPTANCE
1 1 1 3 96 808 143 889 162 MCMC
1 1 1 4 96 902 144 938 161 BY
1 1 1 5 93 951 143 1020 161 DATA
1 1 1 6 92 1034 143 1221 162 SUBSAMPLING
1 1 1 7 96 1477 144 1499 161 12
1 2 1 1 96 235 203 353 228 Sherlock
1 2 1 2 96 365 207 390 227 et
1 2 1 3 92 404 204 434 227 al.
1 2 1 4 91 452 202 553 235 (2015b)
1 2 1 5 96 571 202 607 235 (in
1 2 1 6 93 620 212 635 227 a
1 2 1 7 91 648 204 885 234 non-subsampling
1 2 1 8 96 898 202 1011 235 context)
1 2 1 9 96 1026 204 1103 234 study
1 2 1 10 96 1116 204 1160 227 the
1 2 1 11 96 1173 204 1309 228 statistical
1 2 1 12 96 1322 204 1449 234 efficiency
1 2 1 13 96 1462 203 1499 227 for
1 2 2 1 96 201 268 305 298 delayed
1 2 2 2 96 316 271 467 298 acceptance
1 2 2 3 96 478 268 585 291 random
1 2 2 4 96 596 268 660 291 walk
1 2 2 5 96 671 268 820 298 Metropolis
1 2 2 6 96 832 268 889 297 and,
1 2 2 7 96 902 276 1037 297 moreover,
1 2 2 8 96 1050 276 1083 291 an
1 2 2 9 96 1093 268 1221 298 efficiency
1 2 2 10 96 1232 268 1289 291 that
1 2 2 11 96 1301 268 1353 291 also
1 2 2 12 96 1364 268 1435 291 takes
1 2 2 13 96 1446 269 1499 291 into
1 2 3 1 96 201 335 307 355 account
1 2 3 2 96 320 332 363 355 the
1 2 3 3 95 375 332 578 362 computational
1 2 3 4 96 589 332 717 362 efficiency
1 2 3 5 96 729 332 765 355 for
1 2 3 6 96 777 332 821 355 the
1 2 3 7 96 833 340 888 355 case
1 2 3 8 96 900 332 982 355 where
1 2 3 9 96 993 332 1037 355 the
1 2 3 10 96 1048 335 1131 362 target
1 2 3 11 96 1144 333 1164 355 is
1 2 3 12 93 1175 332 1311 355 estimated
1 2 3 13 91 1325 330 1499 363 (DA-PMMH
1 2 4 1 97 201 398 226 420 in
1 2 4 2 96 239 396 340 421 Section
1 2 4 3 96 352 395 387 428 4).
1 3 1 1 96 235 461 354 485 Christen
1 3 1 2 96 369 461 419 484 and
1 3 1 3 96 435 461 484 484 Fox
1 3 1 4 96 501 459 585 492 (2005)
1 3 1 5 96 602 464 662 484 note
1 3 1 6 96 677 461 743 490 that,
1 3 1 7 96 760 461 868 484 because
1 3 1 8 96 883 461 926 484 the
1 3 1 9 96 941 462 1077 484 transition
1 3 1 10 96 1092 461 1188 484 kernels
1 3 1 11 96 1203 461 1230 484 of
1 3 1 12 96 1243 461 1307 484 both
1 3 1 13 95 1322 461 1366 484 the
1 3 1 14 95 1381 461 1433 484 MH
1 3 1 15 96 1449 461 1499 484 and
1 3 2 1 95 201 525 305 555 delayed
1 3 2 2 95 318 528 469 555 acceptance
1 3 2 3 96 483 525 534 548 MH
1 3 2 4 96 548 533 589 548 are
1 3 2 5 96 602 525 703 548 derived
1 3 2 6 96 716 524 780 548 from
1 3 2 7 96 793 525 836 548 the
1 3 2 8 96 849 533 918 548 same
1 3 2 9 91 931 525 1050 555 proposal
1 3 2 10 52 1062 533 1096 555 q,,
1 3 2 11 96 1110 525 1161 548 and
1 3 2 12 96 1173 526 1199 548 in
1 3 2 13 96 1212 525 1327 548 addition
1 3 2 14 59 1340 533 1371 553 az
1 3 2 15 92 1385 527 1405 553 <
1 3 2 16 95 1421 526 1441 554 1,
1 3 2 17 96 1456 525 1499 548 the
1 3 3 1 96 201 589 305 619 delayed
1 3 3 2 96 315 592 466 619 acceptance
1 3 3 3 96 476 589 528 612 MH
1 3 3 4 96 538 589 587 612 will
1 3 3 5 96 597 589 628 612 be
1 3 3 6 96 638 589 685 612 less
1 3 3 7 96 695 589 857 619 statistically
1 3 3 8 95 867 588 973 612 efficient
1 3 3 9 96 984 589 1048 612 than
1 3 3 10 96 1058 589 1116 612 MH.
1 3 3 11 96 1128 589 1183 612 The
1 3 3 12 96 1192 590 1313 612 intuition
1 3 3 13 97 1322 590 1342 612 is
1 3 3 14 96 1352 589 1409 612 that
1 3 3 15 95 1420 589 1499 612 under
1 3 4 1 96 200 653 271 676 these
1 3 4 2 96 286 653 428 676 conditions
1 3 4 3 96 442 653 486 676 the
1 3 4 4 96 500 653 573 676 chain
1 3 4 5 96 587 653 678 683 clearly
1 3 4 6 96 692 653 801 676 exhibits
1 3 4 7 95 815 661 830 676 a
1 3 4 8 95 843 661 912 676 more
1 3 4 9 95 925 653 1029 683 “sticky”
1 3 4 10 96 1045 653 1165 676 behavior
1 3 4 11 95 1179 653 1229 676 and
1 3 4 12 95 1244 661 1276 676 an
1 3 4 13 96 1290 654 1407 676 estimate
1 3 4 14 96 1421 653 1499 676 based
1 3 5 1 95 201 725 234 740 on
1 3 5 2 95 249 717 320 740 these
1 3 5 3 96 336 717 444 747 samples
1 3 5 4 96 460 717 509 740 will
1 3 5 5 96 525 717 588 740 have
1 3 5 6 96 604 725 619 740 a
1 3 5 7 96 634 717 713 747 larger
1 3 5 8 96 730 718 884 747 asymptotic
1 3 5 9 96 899 718 1014 740 variance
1 3 5 10 92 1031 717 1110 740 under
1 3 5 11 90 1126 716 1237 740 DA-MH
1 3 5 12 96 1253 717 1317 740 than
1 3 5 13 96 1333 717 1392 740 MH.
1 3 5 14 96 1410 717 1499 740 Notice
1 3 6 1 96 200 781 258 804 that
1 3 6 2 96 273 781 316 804 the
1 3 6 3 96 331 781 408 804 closer
1 3 6 4 76 423 789 453 809 a2
1 3 6 5 96 469 782 489 804 is
1 3 6 6 96 503 784 531 804 to
1 3 6 7 96 547 782 567 810 1,
1 3 6 8 96 583 781 626 804 the
1 3 6 9 96 641 789 709 804 more
1 3 6 10 96 724 781 886 811 statistically
1 3 6 11 96 900 781 1007 804 efficient
1 3 6 12 96 1021 781 1065 804 the
1 3 6 13 96 1080 781 1183 811 delayed
1 3 6 14 96 1198 784 1349 811 acceptance
1 3 6 15 96 1364 781 1499 811 algorithm
1 3 7 1 96 201 846 228 874 is,
1 3 7 2 96 242 845 292 868 and
1 3 7 3 96 304 845 377 868 when
1 3 7 4 66 388 853 419 873 a2
1 3 7 5 94 432 856 454 864 =
1 3 7 6 48 459 841 473 879 |
1 3 7 7 94 492 846 511 868 it
1 3 7 8 96 524 846 544 868 is
1 3 7 9 96 555 845 696 875 equivalent
1 3 7 10 96 709 848 736 868 to
1 3 7 11 96 748 845 791 868 the
1 3 7 12 96 803 845 926 868 standard
1 3 7 13 96 938 845 990 868 MH
1 3 7 14 96 1002 845 1082 868 which
1 3 7 15 95 1094 846 1161 875 gives
1 3 7 16 96 1173 845 1216 868 the
1 3 7 17 96 1228 853 1308 875 upper
1 3 7 18 96 1320 845 1408 868 bound
1 3 7 19 96 1419 845 1446 868 of
1 3 7 20 96 1456 845 1499 868 the
1 3 8 1 96 201 909 310 939 possible
1 3 8 2 96 323 909 459 932 statistical
1 3 8 3 96 471 908 599 939 efficiency
1 3 8 4 96 612 909 730 932 achieved
1 3 8 5 96 742 909 775 939 by
1 3 8 6 93 788 917 803 932 a
1 3 8 7 92 815 908 933 932 DA-MH.
2 1 1 1 96 234 974 322 998 Result
2 1 1 2 95 334 975 345 997 1
2 1 1 3 95 356 975 381 997 in
2 1 1 4 96 390 974 474 1004 Payne
2 1 1 5 96 484 974 534 997 and
2 1 1 6 90 543 974 645 997 Mallick
2 1 1 7 96 656 972 740 1005 (2015)
2 1 1 8 96 752 975 819 1004 gives
2 1 1 9 96 827 974 871 997 the
2 1 1 10 96 880 974 1030 997 alternative
2 1 1 11 96 1039 974 1202 997 formulation
2 1 1 12 93 1213 972 1260 1005 (for
2 1 1 13 91 1269 974 1520 1004 state-independent
3 1 1 1 96 201 1036 428 1069 approximations)
3 1 2 1 96 203 1201 263 1234 (3.3)
3 1 2 2 1 515 1201 585 1234 Q2(0.
3 1 2 3 67 598 1209 627 1226 +
3 1 2 4 0 640 1201 676 1235 6)
3 1 2 5 88 709 1214 731 1222 =
3 1 2 6 93 761 1204 814 1226 min
3 1 2 7 70 824 1178 868 1257 {1
3 1 2 8 0 880 1175 992 1237 Pro(ylOcs
3 1 2 9 22 1009 1179 1087 1219 u)/P(y
3 1 2 10 16 1102 1179 1138 1212 4c)
3 1 2 11 89 1150 1178 1167 1257 \
3 1 2 12 28 1180 1223 1183 1226 ‘
3 1 3 1 8 878 1220 915 1267 Pin
3 1 3 2 8 921 1224 992 1258 (YlOp,
3 1 3 3 4 1007 1224 1140 1258 &)/P(Y|Op)
4 1 1 1 96 234 1369 279 1392 Let
4 1 1 2 7 289 1369 308 1396 In
4 1 1 3 7 315 1367 358 1400 (8c,
4 1 1 4 38 367 1367 403 1400 0»)
4 1 1 5 91 417 1380 439 1388 =
4 1 1 6 0 452 1367 626 1400 ls(Oc)—ls(Op)
4 1 1 7 95 638 1369 688 1392 and
4 1 1 8 96 698 1369 790 1392 denote
4 1 1 9 93 798 1369 831 1399 by
4 1 1 10 0 841 1360 917 1400 im(8.,
4 1 1 11 75 926 1367 963 1400 Op)
4 1 1 12 96 974 1369 1018 1392 the
4 1 1 13 95 1026 1370 1144 1392 estimate
4 1 1 14 93 1153 1369 1178 1392 of
4 1 1 15 0 1187 1368 1242 1400 1(Oc,
4 1 1 16 28 1251 1367 1288 1400 >)
4 1 1 17 95 1302 1380 1324 1388 =
4 1 1 18 0 1336 1365 1411 1401 Sry
4 1 1 19 8 1421 1367 1489 1400 le(Oe,
4 1 1 20 70 1499 1367 1545 1400 Op).
4 1 2 1 96 202 1433 327 1463 Similarly
4 1 2 2 96 339 1436 366 1456 to
4 1 2 3 96 381 1431 451 1464 (2.3),
5 1 1 1 91 1150 1570 1163 1580 n
6 1 1 1 0 385 1589 393 1594 ‘
6 1 1 2 54 752 1570 813 1599 1<
6 1 2 1 95 203 1596 263 1629 (3.4)
6 1 2 2 0 383 1598 409 1626 lm
6 1 2 3 0 416 1597 459 1629 (8c;
6 1 2 4 18 468 1596 505 1630 9)
6 1 2 5 77 538 1609 559 1617 =
6 1 2 6 21 590 1596 650 1629 q(8c,
6 1 2 7 54 659 1597 696 1630 Op)
6 1 2 8 96 708 1602 730 1623 +
6 1 2 9 36 743 1602 774 1648 Wi
6 1 2 10 30 782 1589 826 1636 >
6 1 2 11 26 835 1598 864 1628 Gi,
6 1 2 12 78 905 1598 967 1621 with
6 1 2 13 37 979 1592 1040 1636 q(Ge,
6 1 2 14 61 1049 1592 1085 1637 Op)
6 1 2 15 90 1100 1609 1122 1617 =
6 1 2 16 30 1134 1589 1178 1636 >
6 1 2 17 0 1187 1606 1201 1628 a
6 1 2 18 0 1216 1596 1261 1629 (Bc,
6 1 2 19 55 1270 1592 1316 1637 9p),
6 1 3 1 89 785 1644 821 1659 i=l
7 1 1 1 90 1136 1645 1176 1660 k=1
8 1 1 1 93 234 1763 315 1786 where
8 1 1 2 22 328 1761 402 1794 gx(6c,
8 1 1 3 87 411 1761 447 1795 9»)
8 1 1 4 90 462 1774 483 1782 =
8 1 1 5 2 496 1761 572 1794 U%(9-)
8 1 1 6 90 585 1777 605 1779 —
8 1 1 7 0 617 1761 695 1795 qe(9p)
8 1 1 8 96 710 1763 760 1786 and
8 1 1 9 93 773 1763 816 1786 the
8 1 1 10 65 829 1763 872 1793 ¢;’s
8 1 1 11 96 886 1771 927 1786 are
8 1 1 12 96 940 1763 974 1786 iid
8 1 1 13 97 986 1763 1048 1786 with
8 1 2 1 95 637 1843 648 1865 1
8 1 3 1 90 298 1865 331 1888 Pr
8 1 3 2 79 341 1863 371 1896 (¢;
8 1 3 3 92 385 1876 406 1884 =
8 1 3 4 15 423 1863 524 1896 nD;(0c,
8 1 3 5 14 539 1863 582 1897 8p))
8 1 3 6 95 597 1876 618 1884 =
8 1 3 7 11 633 1879 662 1910 a
8 1 3 8 96 681 1865 743 1888 with
8 1 3 9 72 756 1865 793 1893 Dy
8 1 3 10 92 807 1876 829 1884 =
8 1 3 11 4 843 1863 968 1897 (lx(0c,9»)
8 1 3 12 87 981 1879 1001 1880 —
8 1 3 13 0 1013 1863 1145 1897 Ue(Gc,9p))
8 1 3 14 71 1187 1865 1400 1894 fori=1,...m.
9 1 1 1 96 201 1966 244 1990 We
9 1 1 2 95 257 1974 304 1989 can
9 1 1 3 95 317 1966 369 1989 also
9 1 1 4 96 382 1966 450 1989 show
9 1 1 5 96 462 1966 519 1989 that
