block para line word confidence X1 Y1 X2 Y2 token
1 1 1 1 36 258 173 277 199 ame
1 1 1 2 53 447 188 462 191 =
1 1 1 3 21 538 188 553 191 a
1 1 1 4 43 589 173 607 199 pa
1 1 1 5 24 1003 173 1022 200 eo
1 1 1 6 69 1166 188 1181 191 =
1 1 2 1 96 178 196 248 215 where
1 1 2 2 95 258 196 281 215 II
1 1 2 3 93 291 205 310 211 =
1 1 2 4 80 322 195 369 221 —pl
1 1 2 5 93 378 199 417 221 +7
1 1 2 6 21 428 175 465 241 (*
1 1 2 7 41 472 194 513 217 ot
1 1 2 8 46 527 183 556 233 [¥
1 1 2 9 34 559 179 585 237 a|
1 1 2 10 93 610 175 624 241 )
1 1 2 11 97 639 197 656 215 is
1 1 2 12 96 667 196 704 215 the
1 1 2 13 97 714 195 766 215 fluid
1 1 2 14 96 777 198 842 215 stress
1 1 2 15 96 852 198 925 215 tensor
1 1 2 16 95 935 196 978 215 and
1 1 2 17 96 989 195 1020 216 dS
1 1 2 18 92 1030 205 1048 211 =
1 1 2 19 23 1059 196 1137 220 ad¢dz,
1 1 2 20 95 1149 196 1184 216 dV
1 1 2 21 92 1194 205 1212 211 =
1 1 2 22 24 1223 196 1321 219 rdrdddz
1 1 2 23 96 1332 202 1367 215 are
1 1 2 24 96 1377 196 1414 215 the
1 1 2 25 96 1425 195 1507 215 surface
1 1 2 26 96 1518 196 1560 215 and
2 1 1 1 96 150 244 235 263 volume
2 1 1 2 96 246 244 348 263 elements
2 1 1 3 97 359 244 381 263 in
2 1 1 4 96 392 244 515 269 cylindrical
2 1 1 5 96 526 244 662 263 coordinates
2 1 1 6 96 673 244 817 269 respectively.
3 1 1 1 76 152 307 174 324 B.
3 1 1 2 76 205 307 466 324 Non-dimensionalization
4 1 1 1 96 178 376 215 396 We
4 1 1 2 96 228 382 314 400 express
4 1 1 3 96 327 376 364 395 the
4 1 1 4 92 377 376 543 400 displacements
4 1 1 5 57 558 375 612 402 (r,z)
4 1 1 6 96 628 377 649 395 in
4 1 1 7 96 662 378 728 395 terms
4 1 1 8 96 741 375 765 395 of
4 1 1 9 96 776 376 822 395 half
4 1 1 10 96 832 376 870 395 the
4 1 1 11 96 883 376 957 401 length
4 1 1 12 96 969 376 993 395 of
4 1 1 13 96 1003 376 1041 395 the
4 1 1 14 93 1054 376 1166 400 swimmer,
4 1 1 15 84 1182 376 1195 395 /.
4 1 1 16 96 1217 376 1254 395 We
4 1 1 17 96 1268 376 1365 395 consider
4 1 1 18 96 1378 376 1495 395 swimmers
4 1 1 19 96 1508 376 1561 395 with
4 1 2 1 95 151 414 313 432 concentration
4 1 2 2 96 324 413 432 438 gradients
4 1 2 3 96 443 413 559 438 generated
4 1 2 4 96 569 413 597 438 by
4 1 2 5 96 608 413 645 432 the
4 1 2 6 95 656 413 744 432 colloids
4 1 2 7 94 754 420 782 432 on
4 1 2 8 94 793 420 806 432 a
4 1 2 9 93 816 413 872 432 scale
4 1 2 10 90 883 411 940 439 c*/a.
4 1 2 11 96 956 413 1028 432 Hence
4 1 2 12 97 1038 419 1069 432 we
4 1 2 13 96 1079 420 1165 437 express
4 1 2 14 96 1176 413 1213 432 the
4 1 2 15 96 1224 412 1268 432 flux
4 1 2 16 94 1279 405 1298 433 J
4 1 2 17 94 1306 412 1329 432 of
4 1 2 18 95 1337 415 1434 432 reactant
4 1 2 19 96 1448 411 1559 439 (product)
4 1 3 1 96 166 445 251 464 articles
4 1 3 2 96 266 445 288 464 in
4 1 3 3 96 302 445 361 464 units
4 1 3 4 93 376 444 399 464 of
4 1 3 5 87 412 443 493 471 c*D/a,
4 1 3 6 96 511 445 548 464 the
4 1 3 7 95 563 445 725 464 concentration
4 1 3 8 92 740 444 789 464 field
4 1 3 9 74 803 444 818 464 ¢
4 1 3 10 96 830 446 851 464 in
4 1 3 11 96 866 445 924 464 units
4 1 3 12 93 940 444 963 464 of
4 1 3 13 92 976 445 1005 469 c*,
4 1 3 14 93 1024 444 1103 471 (where
4 1 3 15 93 1118 445 1139 464 D
4 1 3 16 96 1155 446 1172 464 is
4 1 3 17 96 1187 445 1224 464 the
4 1 3 18 95 1239 444 1340 464 diffusion
4 1 3 19 96 1355 444 1472 464 coefficient
4 1 3 20 96 1488 444 1511 464 of
4 1 3 21 96 1534 445 1560 464 the
4 1 4 1 12 151 483 246 500 reactant
4 1 4 2 12 252 479 346 507 /product
4 1 4 3 95 366 480 483 506 particles),
4 1 4 4 96 494 481 530 500 the
4 1 4 5 96 540 481 668 500 interaction
4 1 4 6 96 677 487 755 506 energy
4 1 4 7 80 765 473 782 500 W
4 1 4 8 96 792 481 814 500 in
4 1 4 9 96 823 481 860 500 the
4 1 4 10 96 869 482 927 500 units
4 1 4 11 95 936 480 959 500 of
4 1 4 12 95 966 481 1059 500 thermal
4 1 4 13 93 1067 487 1145 506 energy
4 1 4 14 34 1155 481 1212 505 kgT,
4 1 4 15 87 1225 480 1264 506 (kg
4 1 4 16 96 1285 481 1312 500 the
4 1 4 17 95 1320 481 1451 500 Boltzmann
4 1 4 18 95 1460 483 1560 500 constant
4 1 5 1 93 151 513 194 532 and
4 1 5 2 93 197 505 211 543 T
4 1 5 3 96 228 513 245 532 is
4 1 5 4 96 253 513 290 532 the
4 1 5 5 95 297 515 444 537 temperature
4 1 5 6 96 452 512 475 532 of
4 1 5 7 96 481 513 518 532 the
4 1 5 8 95 526 512 637 539 solution),
4 1 5 9 96 646 513 683 532 the
4 1 5 10 96 691 512 738 532 flow
4 1 5 11 92 746 513 795 532 field
4 1 5 12 40 803 512 818 532 ¥
4 1 5 13 93 825 513 878 532 with
4 1 5 14 92 887 513 917 533 U*
4 1 5 15 92 929 522 947 528 =
4 1 5 16 63 958 511 1039 539 p*c*/a
4 1 5 17 90 1048 512 1126 538 (where
4 1 5 18 55 1134 513 1160 538 p*
4 1 5 19 95 1172 522 1190 528 =
4 1 5 20 40 1207 513 1231 536 kp
4 1 5 21 40 1234 509 1324 539 TL*?
4 1 5 22 28 1299 505 1319 543 /1
4 1 5 23 96 1332 514 1348 532 is
4 1 5 24 96 1356 513 1393 532 the
4 1 5 25 96 1401 513 1560 532 characteristic
4 1 6 1 39 166 545 247 564 hhoretic
4 1 6 2 96 260 545 359 570 mobility
4 1 6 3 96 372 544 496 569 coefficient,
4 1 6 4 78 511 552 524 570 7
4 1 6 5 96 537 545 554 564 is
4 1 6 6 96 567 545 604 564 the
4 1 6 7 97 616 545 718 570 viscosity
4 1 6 8 96 730 544 753 564 of
4 1 6 9 97 764 545 801 564 the
4 1 6 10 96 813 544 866 564 fluid
4 1 6 11 93 879 545 922 564 and
4 1 6 12 80 935 545 962 564 L*
4 1 6 13 96 977 546 994 564 is
4 1 6 14 96 1007 545 1044 564 the
4 1 6 15 96 1057 545 1192 570 short-range
4 1 6 16 93 1205 546 1334 564 interaction
4 1 6 17 91 1347 545 1477 570 lengthscale
4 1 6 18 96 1490 544 1513 564 of
4 1 6 19 97 1534 545 1561 564 the
4 1 7 1 96 150 579 247 596 reactant
4 1 7 2 96 261 575 372 603 (product)
4 1 7 3 96 384 577 498 596 molecules
4 1 7 4 96 508 577 561 596 with
4 1 7 5 96 571 577 608 596 the
4 1 7 6 96 618 578 725 596 swimmer
4 1 7 7 96 735 576 834 603 surface).
4 1 7 8 96 849 577 887 597 We
4 1 7 9 97 897 577 953 596 scale
4 1 7 10 96 963 577 1000 596 the
4 1 7 11 96 1010 584 1108 601 pressure
4 1 7 12 92 1118 576 1167 596 field
4 1 7 13 92 1177 576 1193 601 p
4 1 7 14 93 1200 577 1253 596 with
4 1 7 15 18 1264 575 1340 603 7U*/1.
4 1 7 16 96 1355 577 1392 597 We
4 1 7 17 96 1403 579 1454 596 note
4 1 7 18 96 1464 577 1512 596 that
4 1 7 19 96 1534 577 1561 596 the
4 1 8 1 96 155 609 248 628 problem
4 1 8 2 95 260 609 298 628 has
4 1 8 3 93 310 609 370 628 three
4 1 8 4 91 382 609 539 634 length-scales;
4 1 8 5 96 553 609 590 628 the
4 1 8 6 96 602 609 708 628 swimmer
4 1 8 7 96 720 609 879 628 characteristic
4 1 8 8 96 891 609 965 634 length
4 1 8 9 69 978 609 1005 633 21,
4 1 8 10 96 1018 609 1046 628 its
4 1 8 11 96 1058 609 1229 628 cross-sectional
4 1 8 12 96 1241 609 1313 628 radius
4 1 8 13 95 1326 616 1338 628 a
4 1 8 14 96 1351 609 1393 628 and
4 1 8 15 96 1405 609 1442 628 the
4 1 8 16 92 1454 615 1518 634 range
4 1 8 17 92 1531 608 1558 628 L*
4 1 9 1 96 150 640 174 659 of
4 1 9 2 96 184 640 221 659 the
4 1 9 3 96 234 640 362 659 interaction
4 1 9 4 96 375 640 471 659 between
4 1 9 5 96 484 640 521 659 the
4 1 9 6 96 533 640 647 659 molecules
4 1 9 7 96 660 640 703 659 and
4 1 9 8 96 716 640 822 659 swimmer
4 1 9 9 96 835 639 923 659 surface.
4 1 9 10 96 945 639 1110 665 Consequently,
4 1 9 11 97 1124 647 1154 659 we
4 1 9 12 95 1167 640 1220 659 have
4 1 9 13 96 1232 640 1293 659 three
4 1 9 14 96 1306 641 1437 665 asymptotic
4 1 9 15 96 1450 640 1561 659 near-field
4 1 10 1 96 150 672 234 697 regions
4 1 10 2 96 245 672 288 691 and
4 1 10 3 96 299 673 320 691 in
4 1 10 4 96 331 672 429 691 addition
4 1 10 5 96 440 672 477 691 the
4 1 10 6 96 488 672 543 691 scale
4 1 10 7 96 554 679 582 691 on
4 1 10 8 96 592 672 661 691 which
4 1 10 9 96 671 672 708 691 the
4 1 10 10 96 719 672 772 691 ends
4 1 10 11 96 782 671 805 691 of
4 1 10 12 96 814 672 851 691 the
4 1 10 13 96 861 672 901 691 rod
4 1 10 14 96 912 679 947 691 are
4 1 10 15 96 958 672 1061 691 rounded.
4 2 1 1 96 178 704 215 724 We
4 2 1 2 96 228 703 334 723 therefore
4 2 1 3 96 348 703 417 723 define
4 2 1 4 96 430 704 467 723 the
4 2 1 5 96 480 704 642 723 dimensionless
4 2 1 6 93 656 706 794 728 parameters,
4 2 1 7 7 816 711 819 723 €
4 2 1 8 93 834 713 852 719 =
4 2 1 9 11 867 703 909 730 a/I,
4 2 1 10 93 924 704 961 723 the
4 2 1 11 92 974 704 1107 723 slenderness
4 2 1 12 96 1120 704 1176 723 ratio
4 2 1 13 93 1190 704 1232 723 and
4 2 1 14 42 1254 704 1260 723 \
4 2 1 15 93 1275 713 1293 719 =
4 2 1 16 43 1308 702 1366 730 L*/l,
4 2 1 17 96 1382 704 1419 723 the
4 2 1 18 96 1432 704 1561 723 interaction
4 2 2 1 96 159 742 207 761 ayer
4 2 2 2 96 218 736 326 766 thickness
4 2 2 3 96 338 738 361 755 to
4 2 2 4 96 372 736 409 755 the
4 2 2 5 96 421 736 527 755 swimmer
4 2 2 6 93 539 736 617 761 largest
4 2 2 7 93 629 736 766 761 lengthscale,
4 2 2 8 96 779 736 855 766 with
4 2 2 9 92 850 731 864 770 0
4 2 2 10 92 876 740 884 756 <
4 2 2 11 49 909 736 911 755 1
4 2 2 12 48 922 739 947 757 <
4 2 2 13 0 959 743 968 755 €
4 2 2 14 91 979 739 1004 757 <
4 2 2 15 93 1017 737 1033 755 1.
4 2 2 16 96 1051 736 1076 755 In
4 2 2 17 95 1087 736 1192 760 addition,
4 2 2 18 96 1204 743 1235 755 we
4 2 2 19 96 1246 736 1315 755 define
4 2 2 20 95 1327 736 1489 755 dimensionless
4 2 2 21 96 1500 735 1560 755 fields
4 2 3 1 86 151 771 169 791 J
4 2 3 2 84 181 780 199 786 =
4 2 3 3 0 212 769 313 797 Ja/cD,
4 2 3 4 37 352 769 438 797 c=¢/c*,
4 2 3 5 89 465 777 469 790 v
4 2 3 6 82 482 780 500 786 =
4 2 3 7 0 512 769 582 797 8/U*,
4 2 3 8 90 598 778 612 795 p
4 2 3 9 86 623 780 641 786 =
4 2 3 10 82 652 769 744 797 pl/nU*,
4 2 3 11 0 761 771 777 794 w
4 2 3 12 86 790 780 808 786 =
4 2 3 13 0 821 769 910 797 W/keT,
4 2 3 14 96 923 771 966 790 and
4 2 3 15 96 977 771 1014 790 the
4 2 3 16 96 1026 771 1188 790 dimensionless
4 2 3 17 96 1200 771 1302 796 catalytic
4 2 3 18 94 1314 770 1358 790 flux
4 2 3 19 83 1370 778 1385 790 a
4 2 3 20 92 1398 780 1416 786 =
4 2 3 21 75 1428 769 1520 797 aa/c*D
4 2 3 22 96 1533 777 1561 790 on
4 2 4 1 96 162 803 187 822 he
4 2 4 2 96 198 804 305 822 swimmer
4 2 4 3 95 315 802 404 822 surface.
5 1 1 1 95 1123 612 1148 628 " "
6 1 1 1 95 1275 483 1281 790 " "
7 1 1 1 95 153 452 157 822 " "
8 1 1 1 95 1528 447 1533 915 " "
9 1 1 1 69 632 894 758 918 V-J=0;
9 1 1 2 68 822 894 839 914 J
9 1 1 3 18 850 893 1056 920 =-€(Vc+cVy)
9 1 1 4 90 1075 910 1078 918 ,
9 1 1 5 96 1538 892 1559 920 8)
9 1 2 1 36 680 1044 805 1068 O=V-v,
9 1 2 2 96 1529 1042 1559 1070 (9)
9 1 3 1 12 679 1083 951 1112 0=V?2u—Vp—er?
9 1 3 2 2 964 1088 1032 1112 eV,
9 1 3 3 96 1515 1086 1559 1114 (10)
10 1 1 1 96 178 1179 247 1198 where
10 1 1 2 96 258 1179 271 1198 A
10 1 1 3 92 282 1188 300 1194 =
10 1 1 4 73 310 1177 362 1205 L*/I
10 1 1 5 96 372 1180 389 1198 is
10 1 1 6 96 398 1179 435 1198 the
10 1 1 7 97 445 1180 500 1198 ratio
10 1 1 8 97 509 1178 532 1198 of
10 1 1 9 96 539 1179 576 1198 the
10 1 1 10 93 586 1179 715 1198 interaction
10 1 1 11 93 724 1179 864 1204 length-scale
10 1 1 12 96 873 1181 896 1198 to
10 1 1 13 96 906 1178 952 1198 half
10 1 1 14 96 959 1179 996 1198 the
10 1 1 15 96 1005 1179 1079 1204 length
10 1 1 16 96 1088 1178 1111 1198 of
10 1 1 17 96 1118 1179 1155 1198 the
10 1 1 18 93 1164 1180 1277 1203 swimmer,
10 1 1 19 16 1289 1186 1298 1198 €
10 1 1 20 93 1308 1188 1326 1194 =
10 1 1 21 37 1337 1178 1371 1205 a/I
10 1 1 22 96 1382 1180 1399 1198 is
10 1 1 23 96 1408 1179 1445 1198 the
10 1 1 24 96 1454 1179 1561 1198 swimmer
10 1 2 1 92 151 1211 283 1230 slenderness
10 1 2 2 96 296 1212 352 1230 ratio
10 1 2 3 91 364 1211 407 1230 and
10 1 2 4 59 420 1209 461 1237 7(r
10 1 2 5 87 472 1222 488 1224 —
10 1 2 6 57 500 1209 598 1237 €S(z),z)
10 1 2 7 96 613 1212 630 1230 is
10 1 2 8 96 642 1211 679 1230 the
10 1 2 9 96 692 1211 828 1236 short-range
10 1 2 10 96 840 1212 969 1230 interaction
10 1 2 11 96 981 1211 1088 1235 potential
10 1 2 12 96 1100 1211 1197 1230 between
10 1 2 13 96 1209 1213 1306 1230 reactant
10 1 2 14 96 1321 1210 1432 1237 (product)
10 1 2 15 96 1447 1211 1560 1230 molecules
10 1 3 1 95 151 1243 194 1262 and
10 1 3 2 95 204 1243 293 1262 surface.
11 1 1 1 23 669 1333 699 1352 fe
11 1 1 2 69 717 1331 824 1359 J=a(z),
11 1 1 3 89 859 1335 881 1352 at
11 1 1 4 80 911 1332 1041 1359 r=eS(z),
11 1 1 5 95 1515 1331 1559 1359 (11)
11 1 2 1 96 179 1424 221 1443 and
11 1 2 2 96 232 1424 269 1443 the
11 1 2 3 96 280 1424 442 1443 concentration
11 1 2 4 96 453 1424 530 1449 decays
11 1 2 5 96 540 1426 564 1443 to
11 1 2 6 96 575 1424 602 1443 its
11 1 2 7 96 613 1424 674 1443 value
11 1 2 8 96 685 1424 716 1443 far
11 1 2 9 95 727 1423 782 1443 from
11 1 2 10 95 792 1424 829 1443 the
11 1 2 11 91 840 1424 953 1448 swimmer,
11 1 2 12 64 965 1431 976 1443 ¢
11 1 2 13 91 985 1429 1009 1443 >
11 1 2 14 15 1020 1431 1060 1448 C..,
11 1 2 15 79 1101 1422 1122 1443 Vr?
11 1 2 16 86 1133 1427 1150 1445 +
11 1 2 17 81 1160 1422 1182 1443 22
11 1 2 18 80 1195 1429 1218 1443 >
11 1 2 19 62 1230 1431 1261 1443 00.
12 1 1 1 87 675 1516 749 1539 v=0,
12 1 1 2 91 785 1517 806 1534 at
12 1 1 3 90 837 1522 893 1534 r=e
12 1 1 4 89 908 1509 966 1545 S(z),
12 1 1 5 96 1515 1513 1559 1541 (12)
13 1 1 1 90 675 1571 689 1584 v
13 1 1 2 36 704 1570 721 1584 >
13 1 1 3 39 736 1565 811 1589 —-Ué,,
13 1 1 4 72 874 1563 956 1586 r2
13 1 1 5 86 910 1559 923 1596 +
13 1 1 6 75 934 1559 960 1596 2?
13 1 1 7 30 971 1570 985 1584 -
13 1 1 8 60 1002 1570 1035 1584 00.
13 1 1 9 96 1515 1563 1559 1591 (13)
14 1 1 1 96 178 1656 225 1675 The
14 1 1 2 96 235 1663 283 1675 zero
14 1 1 3 96 294 1658 370 1680 torque
14 1 1 4 95 381 1656 424 1675 and
14 1 1 5 96 435 1655 491 1675 force
14 1 1 6 96 502 1656 623 1675 conditions
14 1 1 7 96 634 1663 669 1675 are
15 1 1 1 75 624 1774 625 1778 qh
15 1 1 2 18 687 1759 891 1784 W-adS—e
15 1 1 3 0 916 1735 1057 1795 {[evuav
15 1 1 4 82 1072 1765 1112 1783 =o
15 1 1 5 96 1515 1762 1559 1790 (14)
15 1 2 1 21 623 1753 653 1799 f
15 1 2 2 42 899 1753 945 1816 i
16 1 1 1 69 595 1809 630 1818 r=e
16 1 1 2 69 637 1804 676 1823 S(z)
17 1 1 1 96 178 1872 247 1891 where
17 1 1 2 93 257 1872 280 1891 II
17 1 1 3 92 290 1881 308 1887 =
17 1 1 4 70 320 1872 393 1896 —pl+
17 1 1 5 74 402 1859 452 1909 (ve
17 1 1 6 96 462 1875 480 1893 +
17 1 1 7 0 491 1859 572 1909 "[Vo|"")"
17 1 1 8 96 585 1873 602 1891 is
17 1 1 9 96 611 1872 648 1891 the
17 1 1 10 96 658 1872 819 1892 dimensionless
17 1 1 11 96 828 1874 894 1891 stress
17 1 1 12 96 903 1874 975 1891 tensor
17 1 1 13 96 985 1872 1028 1891 and
17 1 1 14 96 1037 1871 1075 1896 dS,
17 1 1 15 96 1086 1872 1120 1891 dV
17 1 1 16 96 1130 1879 1165 1891 are
17 1 1 17 96 1174 1872 1211 1891 the
17 1 1 18 96 1220 1872 1303 1891 surface
17 1 1 19 96 1313 1872 1355 1891 and
17 1 1 20 96 1364 1872 1449 1891 volume
17 1 1 21 96 1458 1872 1560 1891 elements
17 1 2 1 96 151 1913 172 1931 in
17 1 2 2 96 183 1912 307 1937 cylindrical
17 1 2 3 96 318 1912 454 1931 coordinates
17 1 2 4 96 464 1912 608 1937 respectively.
17 1 3 1 91 151 1942 173 1960 C.
17 1 3 2 90 203 1943 247 1960 The
17 1 3 3 94 257 1943 336 1960 slender
17 1 3 4 96 346 1943 409 1965 shape
17 1 3 5 96 420 1942 511 1960 function
